401 72 401
0 72 401
0 72 401
0 72 200
0 74 66
0 72 66
0 71 66
0 72 200
0 77 200
0 72 200
200 69 401
0 72 401
0 64 401
0 67 802
0 65 401
0 60 401
0 64 401
0 60 401
0 65 601
0 72 100
0 74 100
0 72 200
200 65 401
0 59 401
0 65 401
0 60 802
0 67 401
0 67 401
0 67 401
0 67 300
0 67 100
0 79 601
0 74 100
0 71 100
0 67 401
0 67 401
0 67 401
0 67 300
0 67 100
0 79 1103
0 81 50
0 83 50
0 84 200
0 83 200
0 81 200
0 79 200
0 77 200
0 76 200
0 73 200
0 74 200
0 77 200
0 81 200
0 72 1203
0 76 200
0 74 200
0 72 802
401 72 401
0 72 401
0 72 401
0 72 200
0 74 66
0 72 66
0 71 66
0 72 200
0 77 200
0 72 200
200 69 401
0 72 401
0 64 401
0 67 802
0 65 401
0 60 401
0 64 401
0 65 401
0 65 601
0 72 100
0 74 100
0 72 200
200 65 401
0 59 401
0 65 401
0 60 802
0 64 401
0 67 401
0 67 401
0 67 300
0 67 100
0 79 601
0 74 100
0 71 100
0 67 401
0 67 401
0 67 401
0 67 300
0 67 100
0 79 1103
0 81 50
0 83 50
0 84 200
0 83 200
0 81 200
0 79 200
0 77 200
0 76 200
0 73 200
0 74 200
0 77 200
0 81 200
0 72 1203
0 76 200
0 74 200
0 72 802
0 72 401
0 74 216
183 70 16
183 69 16
183 67 16
183 67 785
0 66 401
0 66 401
0 67 401
0 66 300
100 66 802
0 67 361
40 64 401
0 65 401
0 64 300
100 65 401
0 70 401
0 72 401
0 73 401
0 76 216
0 76 183
0 72 16
183 67 16
183 65 16
183 65 785
0 64 401
0 72 401
0 72 401
0 72 401
0 72 1203
0 81 401
0 79 401
0 69 401
0 77 802
0 76 401
0 75 401
0 75 401
0 75 401
0 75 50
0 77 50
0 75 50
0 77 50
0 75 50
0 77 50
0 75 50
0 77 50
0 75 200
0 77 200
0 79 401
0 77 200
0 75 200
0 75 200
0 74 190
10 74 200
0 73 187
13 73 802
0 74 401
0 77 200
0 76 200
0 79 200
0 77 200
0 76 200
0 74 187
13 74 802
0 72 401
0 77 300
0 72 100
0 81 300
0 77 100
0 72 300
0 69 100
0 72 601
0 71 200
0 70 401
0 67 300
0 60 100
0 65 300
0 60 100
0 70 300
0 60 100
0 69 200
0 74 200
0 76 200
0 77 200
0 60 1203
0 64 200
0 67 200
0 65 802
0 72 401
0 74 216
183 70 16
183 69 16
183 67 16
183 67 785
0 66 392
8 66 401
0 67 401
0 66 300
100 66 802
0 67 361
40 64 401
0 65 401
0 64 300
100 65 401
0 70 401
0 72 401
0 73 401
0 76 216
0 76 183
0 72 16
183 67 16
183 65 16
183 65 785
0 64 401
0 72 401
0 72 401
0 72 401
0 72 1203
0 81 401
0 70 401
0 69 401
0 67 802
0 76 401
0 75 401
0 75 401
0 75 401
0 75 50
0 77 50
0 75 50
0 77 50
0 75 50
0 77 50
0 75 50
0 77 50
0 75 200
0 77 200
0 79 401
0 77 200
0 75 192
8 75 200
0 74 193
6 74 200
0 73 192
8 73 802
0 74 401
0 77 200
0 76 200
0 79 200
0 77 200
0 76 200
0 74 192
8 74 802
0 72 401
0 77 300
0 72 100
0 81 300
0 77 100
0 72 300
0 69 100
0 72 601
0 71 200
0 70 401
0 64 300
0 60 100
0 65 300
0 60 100
0 67 300
0 60 100
0 72 200
0 74 200
0 76 200
0 77 200
0 60 1203
0 69 200
0 67 200
0 65 802
401 68 381
20 68 381
20 60 381
20 68 1203
0 67 401
0 70 401
0 55 401
0 65 1203
0 72 381
20 72 381
20 68 381
20 72 1203
0 73 401
0 72 401
0 70 300
0 72 100
0 70 401
0 65 401
401 68 401
0 70 401
0 72 401
0 75 401
0 73 401
351 72 50
0 73 351
0 72 50
0 73 351
0 72 50
0 73 401
0 73 200
0 75 66
0 73 66
0 72 66
0 73 200
0 75 200
0 77 1203
0 75 200
0 73 200
0 72 200
0 75 200
0 73 200
0 70 200
0 68 1203
0 67 200
0 70 200
0 68 802
0 60 381
20 60 381
20 60 381
20 60 1203
0 58 401
0 61 401
0 55 401
0 56 1203
0 68 381
20 68 381
20 68 381
20 72 1203
0 73 401
0 72 401
0 70 300
0 72 100
0 67 401
0 65 401
401 68 401
0 70 401
0 72 401
0 75 401
0 73 401
351 72 50
0 73 351
0 72 50
0 73 351
0 72 50
0 73 401
0 73 200
0 75 66
0 73 66
0 72 66
0 73 200
0 75 200
0 77 1203
0 75 200
0 73 200
0 72 200
0 75 200
0 73 200
0 70 200
0 68 1203
0 67 200
0 70 200
0 68 802
0 63 401
0 68 401
0 72 401
0 75 1203
0 73 200
0 72 200
0 70 401
0 68 300
100 72 802
0 70 401
0 60 401
0 65 401
0 68 401
0 72 1203
0 70 200
0 68 200
0 67 401
0 65 300
100 65 802
0 67 401
0 72 401
0 77 401
0 80 401
0 79 401
0 77 401
401 72 401
0 77 401
0 80 401
0 79 401
0 77 401
401 69 381
20 75 381
20 75 381
20 77 200
0 73 180
20 70 200
0 70 180
20 65 702
0 68 100
0 67 401
0 65 200
0 67 200
0 65 802
0 63 401
0 68 401
0 72 401
0 75 1203
0 73 200
0 72 200
0 70 401
0 68 300
100 72 802
0 70 401
0 60 401
0 65 401
0 68 401
0 72 1203
0 70 200
0 68 200
0 67 401
0 65 300
100 65 802
0 64 401
0 72 401
0 77 401
0 80 401
0 79 401
0 77 401
401 72 401
0 77 401
0 80 401
0 79 401
0 77 401
401 72 381
20 69 381
20 69 381
20 73 200
0 70 180
20 70 200
0 70 180
20 65 702
0 68 100
0 64 401
0 65 200
0 67 200
0 65 802
401 68 381
20 60 381
20 60 381
20 60 1203
0 67 401
0 70 401
0 55 401
0 56 1203
0 72 381
20 72 381
20 68 381
20 72 1203
0 67 401
0 70 401
0 60 400
0 65 11
0 65 790
401 72 401
0 72 401
0 72 401
0 72 200
0 74 66
0 72 66
0 71 66
0 72 200
0 77 200
0 72 200
200 69 401
0 72 401
0 64 401
0 67 802
0 65 401
0 60 401
0 64 401
0 65 401
0 65 601
0 72 100
0 74 100
0 72 200
200 65 401
0 59 401
0 65 401
0 60 802
0 64 401
0 67 401
0 67 401
0 67 300
0 67 100
0 79 601
0 74 100
0 71 100
0 67 401
0 67 401
0 67 401
0 67 300
0 67 100
0 79 1103
0 81 50
0 83 50
0 84 200
0 83 200
0 81 200
0 79 200
0 77 200
0 76 200
0 73 200
0 74 200
0 77 200
0 81 200
0 72 1203
0 76 200
0 74 200
0 72 802
0 72 401
0 74 216
183 70 16
183 69 16
183 67 16
183 67 785
0 66 392
8 66 401
0 67 401
0 66 300
100 66 802
0 67 361
40 64 401
0 65 401
0 64 300
100 65 401
0 70 401
0 72 401
0 73 401
0 76 216
0 76 183
0 72 16
183 67 16
183 65 16
183 65 785
0 64 401
0 72 381
20 72 381
20 72 381
20 72 1203
0 81 401
0 70 401
0 69 401
0 67 802
0 76 381
20 75 381
20 75 20
0 75 381
20 75 381
20 75 50
0 77 50
0 75 50
0 77 50
0 75 50
0 77 50
0 75 50
0 77 50
0 75 200
0 77 200
0 79 401
0 77 200
0 75 180
20 75 200
0 74 180
20 74 200
0 73 180
20 73 802
0 74 401
0 77 200
0 76 200
0 79 200
0 77 200
0 76 200
0 74 193
6 74 802
0 72 401
0 77 300
0 72 100
0 81 300
0 77 100
0 72 300
0 69 100
0 72 601
0 71 200
0 70 401
0 64 300
0 60 100
0 69 300
0 60 100
0 67 300
0 60 100
0 72 200
0 74 200
0 76 200
0 77 200
0 60 1203
0 64 200
0 67 200
0 65 802
0 60 381
20 60 381
20 60 381
20 69 1203
0 65 401
0 67 401
0 64 401
0 72 1203
0 77 381
20 69 381
20 77 381
20 69 1203
0 69 401
0 67 401
0 64 401
0 65 802
