0 71 340
0 74 113
0 72 340
0 71 113
0 69 454
0 71 454
0 72 454
0 74 454
0 72 227
0 71 227
0 69 227
0 67 227
0 67 227
227 71 227
227 76 227
454 74 227
0 72 227
0 69 227
0 71 227
0 67 227
0 67 454
0 66 454
0 71 340
0 74 113
0 72 340
0 71 113
0 69 454
0 71 454
0 72 454
0 76 227
0 74 227
0 72 227
0 71 227
0 69 227
0 67 227
0 67 227
227 71 227
227 76 227
0 78 227
0 79 227
0 72 170
56 71 454
0 69 51
0 71 49
0 69 50
0 69 49
0 69 49
0 71 51
0 69 49
0 67 50
0 67 52
0 67 908
0 71 454
0 69 454
0 67 227
0 66 221
5 66 227
0 62 227
0 71 908
0 67 454
0 67 51
0 69 49
0 67 50
0 67 49
0 67 49
0 69 51
0 67 49
0 66 50
0 66 52
0 71 227
0 69 223
3 69 454
0 67 227
0 66 219
7 66 227
0 62 227
0 71 340
0 74 113
0 72 340
0 71 113
0 69 454
0 71 454
0 72 454
0 74 454
0 72 227
0 71 227
0 69 227
0 67 227
0 67 227
227 71 227
227 76 227
454 67 227
0 72 227
0 69 227
0 71 227
0 67 227
0 71 454
0 66 454
0 71 340
0 74 113
0 72 340
0 71 113
0 69 454
0 71 454
0 72 454
0 76 227
0 74 227
0 72 227
0 71 227
0 69 227
0 67 227
0 67 227
227 67 227
227 76 227
0 78 227
0 79 227
0 72 170
56 71 454
0 69 51
0 71 49
0 69 50
0 69 49
0 69 49
0 71 51
0 69 49
0 67 50
0 67 52
0 67 908
0 71 454
0 69 454
0 67 227
0 66 219
7 66 227
0 62 227
0 71 908
0 67 454
0 67 51
0 69 49
0 67 50
0 67 49
0 67 49
0 69 51
0 67 49
0 66 50
0 66 52
0 71 227
0 69 219
7 69 454
0 67 227
0 66 221
5 66 227
0 62 227
0 67 908
0 63 431
22 63 431
22 64 227
0 66 227
0 67 227
0 64 227
0 62 227
0 61 221
5 61 227
0 57 227
0 69 908
0 74 431
22 68 431
22 68 817
90 73 363
90 81 363
90 81 908
454 78 56
0 79 56
0 78 56
0 76 56
0 78 113
0 79 113
0 81 454
0 81 681
0 81 227
0 81 56
0 83 56
0 81 56
0 80 56
0 81 113
0 83 113
0 81 227
0 79 227
0 79 681
0 79 113
113 78 113
113 76 113
113 76 227
0 81 227
0 81 681
0 83 113
0 81 113
0 81 113
0 79 113
0 78 113
0 79 113
0 79 227
0 78 227
0 78 567
0 78 56
0 79 56
0 81 113
113 79 113
113 78 113
113 78 227
0 76 227
0 76 113
113 76 113
113 76 454
0 76 302
0 81 37
0 81 37
0 83 75
0 81 1135
0 83 113
0 81 113
0 79 227
0 78 221
5 78 227
0 76 227
0 75 227
0 76 227
0 78 227
0 79 227
0 71 227
0 76 227
0 74 227
0 73 227
0 71 227
0 69 227
0 71 227
0 73 227
0 74 227
0 76 227
0 78 340
0 81 113
0 79 340
0 78 113
0 76 454
0 78 454
0 79 454
0 81 454
0 79 454
0 78 454
0 81 56
0 83 56
0 81 56
0 83 56
0 81 56
0 83 56
0 81 56
0 83 56
0 81 56
0 83 56
0 81 56
0 83 56
0 81 56
0 83 56
0 81 56
0 83 56
0 81 56
0 83 56
0 81 56
0 83 56
0 81 56
0 83 56
0 81 56
0 83 56
0 81 56
0 83 56
0 81 56
0 83 56
0 81 56
0 83 56
0 81 56
0 83 56
0 81 56
0 83 56
0 81 56
0 83 56
0 81 56
0 83 56
0 81 56
0 83 56
0 81 56
0 83 56
0 81 56
0 83 56
0 81 56
0 83 56
0 81 56
0 83 56
0 81 56
0 83 56
0 81 56
0 83 56
0 81 56
0 83 56
0 81 56
0 83 56
0 81 75
0 83 75
0 81 75
0 80 113
0 81 113
0 86 454
0 85 454
0 71 454
227 78 227
0 71 454
0 69 454
0 67 454
227 74 227
0 79 454
0 78 454
0 76 227
0 83 227
0 81 113
0 79 113
0 78 113
0 76 113
0 74 454
0 76 454
0 77 454
0 78 454
0 86 454
0 85 56
0 86 56
0 85 56
0 86 56
0 85 56
0 86 56
0 85 56
0 86 56
0 83 454
227 78 227
0 83 454
0 81 56
0 83 56
0 81 56
0 83 56
0 81 56
0 83 56
0 81 56
0 83 56
0 79 454
227 74 227
0 79 454
5 78 56
0 79 56
0 78 56
0 79 56
0 78 56
0 79 56
0 78 56
0 79 56
0 79 221
0 83 227
0 81 113
0 79 113
0 78 113
0 76 113
0 74 113
113 78 113
113 81 681
0 80 227
0 79 227
0 78 227
0 83 151
0 79 151
0 76 145
5 76 56
0 78 56
0 76 56
0 78 56
0 76 56
0 78 56
0 76 56
0 78 56
0 76 56
0 78 56
0 76 56
0 78 56
0 76 56
0 78 56
0 76 56
0 78 56
0 76 75
0 78 75
0 76 75
0 74 113
0 76 113
0 74 227
0 73 227
0 74 227
0 76 227
0 74 227
0 72 227
0 71 227
0 70 227
0 71 340
0 74 113
0 72 340
0 71 113
0 69 454
0 71 454
0 72 227
0 74 56
0 72 56
0 71 56
0 72 56
0 76 227
0 74 227
0 72 454
0 71 454
0 67 227
227 71 227
227 76 227
454 74 227
0 72 227
0 69 227
0 71 227
0 67 227
0 67 454
0 66 454
0 71 227
0 72 56
0 71 56
0 69 56
0 71 56
0 72 340
0 71 113
0 69 454
0 71 454
0 72 227
0 73 227
0 76 227
0 74 227
0 72 340
0 74 56
0 72 56
0 71 454
0 67 227
227 71 227
227 67 227
0 78 227
0 79 227
0 72 227
0 71 454
0 69 51
0 71 49
0 69 50
0 69 49
0 69 49
0 71 51
0 69 49
0 67 50
0 67 52
0 67 908
0 71 454
0 69 454
0 67 227
0 66 219
7 66 227
0 62 227
0 71 908
0 67 681
0 69 56
0 67 56
0 66 56
0 67 56
0 71 227
0 69 221
5 69 454
0 67 227
0 66 223
3 66 227
0 62 227
0 67 908
0 79 431
22 73 431
22 73 817
90 78 363
90 86 363
90 86 908
454 71 56
0 72 56
0 71 56
0 69 56
0 71 113
0 72 113
0 74 454
0 74 681
0 74 227
0 74 56
0 76 56
0 74 56
0 73 56
0 74 113
0 76 113
0 74 227
0 72 227
0 72 681
0 72 113
113 71 113
113 69 113
113 69 227
0 74 221
5 74 681
0 76 113
0 74 113
0 74 113
0 72 113
0 71 113
0 72 113
0 72 227
0 71 221
5 71 567
0 71 56
0 72 56
0 74 113
113 72 113
113 71 113
113 71 227
0 69 227
0 69 113
113 69 113
113 69 454
0 69 302
0 74 37
0 74 37
0 76 75
0 74 1135
0 76 113
0 74 113
0 72 227
0 71 221
5 71 227
0 69 227
0 68 227
0 69 227
0 71 227
0 72 227
0 64 227
0 69 227
0 67 227
0 66 227
0 64 227
0 62 227
0 64 227
0 66 227
0 67 227
0 69 227
0 71 340
0 74 113
0 72 340
0 71 113
0 69 454
0 71 454
0 72 454
0 74 454
0 72 454
0 71 454
0 86 56
0 88 56
0 86 56
0 88 56
0 86 56
0 88 56
0 86 56
0 88 56
0 86 56
0 88 56
0 86 56
0 88 56
0 86 56
0 88 56
0 86 56
0 88 56
0 86 56
0 88 56
0 86 56
0 88 56
0 86 56
0 88 56
0 86 56
0 88 56
0 86 56
0 88 56
0 86 56
0 88 56
0 86 56
0 88 56
0 86 56
0 88 56
0 86 56
0 88 56
0 86 56
0 88 56
0 86 56
0 88 56
0 86 56
0 88 56
0 86 56
0 88 56
0 86 56
0 88 56
0 86 56
0 88 56
0 86 56
0 88 56
0 86 56
0 88 56
0 86 56
0 88 56
0 86 56
0 88 56
0 86 56
0 88 56
0 86 75
0 88 75
0 86 75
0 85 113
0 86 113
0 79 454
0 78 454
0 64 454
227 71 227
0 64 454
0 62 454
0 60 454
227 67 227
0 72 454
0 59 454
0 69 227
0 76 227
0 74 113
0 72 113
0 71 113
0 69 113
0 67 454
0 69 454
0 70 454
0 71 454
0 79 454
0 78 56
0 79 56
0 78 56
0 79 56
0 78 56
0 79 56
0 78 56
0 79 56
0 76 454
227 83 227
0 88 454
0 86 56
0 88 56
0 86 56
0 88 56
0 86 56
0 88 56
0 86 56
0 88 56
0 84 454
227 79 227
0 84 454
5 83 56
0 84 56
0 83 56
0 84 56
0 83 56
0 84 56
0 83 56
0 84 56
0 84 221
0 88 227
0 86 113
0 84 113
0 83 113
0 81 113
0 79 113
113 81 113
113 82 113
113 83 113
113 84 113
113 85 113
113 86 113
113 87 340
0 88 113
0 87 113
0 88 113
0 86 113
0 84 113
0 83 113
0 81 113
0 81 56
0 83 56
0 81 56
0 83 56
0 81 56
0 83 56
0 81 56
0 83 56
0 81 75
0 83 75
0 81 75
0 79 113
0 81 113
0 79 75
37 79 113
0 78 113
0 79 113
0 81 113
0 79 113
0 78 113
0 76 113
0 74 75
37 76 113
0 75 113
0 76 113
0 78 113
0 76 113
0 74 113
0 72 113
0 71 227
0 72 45
0 71 45
0 69 45
0 71 45
0 74 45
0 72 340
0 71 340
0 69 454
0 71 454
0 72 340
0 76 113
0 74 227
0 72 454
0 71 454
0 67 227
227 71 227
227 76 227
454 74 227
0 74 113
0 72 113
0 71 113
0 69 113
0 72 113
0 71 113
0 69 113
0 67 113
0 67 454
0 66 454
0 70 227
0 71 170
0 74 56
0 72 227
0 71 227
0 68 227
0 69 227
227 72 113
0 71 113
227 74 113
0 72 113
227 76 113
0 74 113
0 72 340
0 74 56
0 72 56
0 71 454
0 72 227
227 67 227
227 76 113
0 78 37
0 76 37
0 74 37
0 76 113
0 78 113
0 79 227
0 72 227
0 71 454
0 69 51
0 71 49
0 69 50
0 69 49
0 69 49
0 71 51
0 69 49
0 67 50
0 67 52
0 67 908
0 71 454
0 69 454
0 67 227
0 66 221
5 66 227
0 62 227
0 71 908
0 67 681
0 69 56
0 67 56
0 66 56
0 67 56
0 71 227
0 69 221
5 69 454
0 67 227
0 66 223
3 66 227
0 62 227
0 67 908
0 67 908
0 71 227
0 69 681
0 67 227
0 66 215
11 66 227
0 74 227
0 86 908
0 67 431
22 67 454
0 71 227
0 69 215
11 69 113
113 69 113
113 67 227
0 66 215
11 66 227
0 74 227
0 79 908
0 83 227
0 81 221
5 81 227
0 78 227
0 79 227
0 83 227
0 86 454
0 83 227
0 81 223
3 81 227
0 78 227
0 67 227
0 71 227
0 74 113
113 74 113
113 67 227
0 71 227
0 74 113
113 74 113
113 74 908
0 67 454
