0 69 284
284 79 78
63 76 7
63 78 7
63 81 7
63 79 7
63 78 7
63 79 7
63 81 7
63 81 277
284 81 35
106 83 35
106 85 35
106 86 35
106 81 284
0 78 284
0 81 71
0 79 71
0 78 71
0 79 71
0 81 35
106 79 35
106 77 142
0 78 142
284 79 78
63 76 7
63 78 7
63 81 7
63 79 7
63 78 7
63 79 7
63 81 7
63 81 277
284 81 35
106 83 35
106 85 35
106 86 35
106 81 284
0 78 284
0 81 71
0 79 71
0 78 71
0 79 71
0 81 71
0 79 71
0 78 71
0 76 71
0 74 71
213 69 71
213 78 51
42 78 4
42 79 4
42 78 5
42 79 4
42 78 4
42 79 4
42 78 4
43 76 4
66 74 7
63 73 7
63 73 63
213 69 71
213 76 71
497 76 71
213 69 71
213 79 51
42 79 4
42 81 4
42 79 5
42 81 4
42 79 4
42 81 4
42 79 4
43 78 4
66 76 7
63 74 7
63 74 63
213 69 71
213 78 71
497 78 71
0 74 78
63 78 7
63 79 7
63 81 7
63 83 7
63 85 7
63 86 7
63 85 7
63 83 7
63 81 7
63 79 7
63 78 7
63 76 7
63 74 7
63 76 7
63 78 7
63 76 7
63 75 7
63 76 7
63 78 7
63 79 7
63 81 7
63 83 7
63 81 7
63 79 7
63 78 7
63 76 7
63 74 7
63 73 7
63 71 7
63 73 7
63 74 7
63 73 7
63 69 7
63 74 7
63 74 63
213 79 78
63 79 7
63 76 7
63 79 7
63 78 7
63 76 7
63 74 7
63 73 7
63 74 7
63 73 7
63 69 7
63 74 7
63 74 63
213 79 78
63 79 7
63 76 7
63 79 7
63 78 7
63 76 7
63 74 7
63 73 7
63 73 63
0 76 71
0 73 71
0 69 71
0 78 71
0 81 71
0 78 71
0 74 71
0 73 71
0 76 71
0 73 71
0 69 71
0 78 71
0 81 71
0 78 71
0 74 71
0 73 53
88 81 53
88 76 53
88 76 53
88 73 248
0 74 35
0 73 71
0 71 71
0 73 71
0 74 71
0 75 142
0 76 142
142 76 142
0 81 142
0 80 142
0 78 142
0 76 142
0 73 142
0 74 142
142 74 142
0 76 142
0 74 142
0 73 142
0 71 142
0 68 142
0 69 142
142 71 142
0 72 142
0 73 142
106 76 35
0 74 142
0 73 426
0 74 71
0 73 71
0 71 142
0 73 71
71 74 71
71 75 71
71 75 142
0 76 142
142 78 35
0 76 35
0 75 35
0 76 35
0 81 71
71 80 71
71 78 71
71 76 71
71 73 142
0 74 142
142 76 35
0 74 35
0 73 35
0 74 35
0 76 71
71 74 71
71 73 71
71 71 71
71 73 213
0 76 71
0 66 213
0 71 71
0 69 284
0 68 35
0 69 35
0 68 35
0 69 35
0 68 47
0 66 47
0 68 47
0 69 71
0 76 71
0 75 71
0 76 71
0 78 71
0 76 71
0 75 71
0 76 71
0 74 71
0 76 71
0 74 71
0 76 71
0 74 71
0 76 71
0 74 71
0 76 71
0 73 71
0 76 71
0 75 71
0 76 71
0 78 71
0 76 71
0 75 71
0 76 71
0 74 71
0 76 71
0 74 71
0 76 71
0 74 71
0 76 71
0 74 71
0 76 71
0 69 284
142 81 71
71 83 71
71 81 71
71 80 71
71 76 71
71 81 284
142 45 71
71 47 71
71 45 71
71 44 71
71 40 71
71 45 284
0 76 284
0 74 284
0 73 284
0 78 213
0 80 23
0 78 23
0 76 93
71 80 71
71 83 142
0 81 142
0 80 142
0 78 142
0 76 142
142 76 284
0 74 284
0 73 284
0 71 213
0 78 71
0 76 71
0 74 71
0 73 71
0 71 71
0 69 284
0 71 35
0 73 35
0 71 35
0 73 35
0 71 47
0 69 47
0 71 47
0 69 142
142 76 284
0 74 284
0 73 284
0 78 213
0 80 23
0 78 23
0 76 93
71 80 71
71 83 142
0 81 142
0 80 142
0 78 142
0 76 142
142 76 284
0 74 284
0 73 284
0 71 213
0 78 71
0 76 71
0 74 71
0 73 71
0 71 71
0 69 284
0 71 35
0 73 35
0 71 35
0 73 35
0 71 47
0 69 47
0 71 47
0 69 71
0 64 71
0 69 71
0 73 71
0 76 71
0 73 71
0 74 71
0 71 71
0 69 71
0 64 71
0 69 71
0 73 71
0 76 71
0 73 71
0 74 71
0 71 71
0 69 142
142 80 142
142 81 142
426 66 142
0 64 71
71 73 142
0 62 71
71 71 142
0 61 71
71 61 142
0 68 71
71 62 568
0 61 284
284 66 284
284 79 78
63 76 7
63 78 7
63 81 7
63 79 7
63 78 7
63 79 7
63 81 7
63 81 277
284 81 35
106 83 35
106 85 35
106 86 35
106 81 284
0 78 284
0 81 71
0 79 71
0 78 71
0 79 71
0 81 35
106 79 35
106 77 142
0 78 142
284 79 78
63 76 7
63 78 7
63 81 7
63 79 7
63 78 7
63 79 7
63 81 7
63 81 277
284 81 35
106 83 35
106 85 35
106 86 35
106 81 284
0 78 284
0 81 71
0 79 71
0 78 71
0 79 71
0 81 71
0 79 71
0 78 71
0 76 71
0 74 71
213 69 71
213 78 51
42 78 4
42 79 4
42 78 5
42 79 4
42 78 4
42 79 4
42 78 4
43 76 4
66 74 7
63 73 7
63 73 63
213 69 71
213 76 71
497 76 71
213 69 71
213 79 51
42 79 4
42 81 4
42 79 5
42 81 4
42 79 4
42 81 4
42 79 4
43 78 4
66 76 7
63 74 7
63 74 63
213 69 71
213 78 71
497 78 71
0 74 78
63 78 7
63 79 7
63 81 7
63 83 7
63 85 7
63 86 7
63 85 7
63 83 7
63 81 7
63 79 7
63 78 7
63 76 7
63 74 7
63 76 7
63 78 7
63 76 7
63 75 7
63 76 7
63 78 7
63 79 7
63 81 7
63 83 7
63 81 7
63 79 7
63 78 7
63 76 7
63 74 7
63 73 7
63 71 7
63 73 7
63 74 7
63 73 7
63 69 7
63 74 7
63 74 63
213 79 78
63 79 7
63 76 7
63 79 7
63 78 7
63 76 7
63 74 7
63 73 7
63 74 7
63 73 7
63 69 7
63 74 7
63 74 63
213 79 78
63 79 7
63 76 7
63 79 7
63 78 7
63 76 7
63 74 7
63 73 7
63 73 63
0 76 71
0 73 71
0 69 71
0 78 71
0 81 71
0 78 71
0 74 71
0 73 71
0 76 71
0 73 71
0 69 71
0 78 71
0 81 71
0 78 71
0 74 71
0 73 53
88 73 53
88 81 53
88 76 53
88 81 248
0 74 35
0 73 71
0 71 71
0 73 71
0 74 71
0 75 142
0 76 142
142 76 142
0 81 142
0 80 142
0 78 142
0 76 142
0 73 142
0 74 142
142 74 142
0 76 142
0 74 142
0 73 142
0 71 142
0 68 142
0 69 142
142 71 142
0 72 142
0 73 142
106 76 35
0 74 142
0 73 426
0 74 71
0 73 71
0 71 142
0 73 71
71 74 71
71 75 71
71 75 142
0 76 142
142 78 35
0 76 35
0 75 35
0 76 35
0 81 71
71 80 71
71 78 71
71 76 71
71 73 142
0 74 142
142 76 35
0 74 35
0 73 35
0 74 35
0 76 71
71 74 71
71 73 71
71 71 71
71 73 213
0 76 71
0 66 213
0 71 71
0 69 284
0 68 35
0 69 35
0 68 35
0 69 35
0 68 47
0 66 47
0 68 47
0 69 71
0 76 71
0 75 71
0 76 71
0 78 71
0 76 71
0 75 71
0 76 71
0 74 71
0 76 71
0 74 71
0 76 71
0 74 71
0 76 71
0 74 71
0 76 71
0 73 71
0 76 71
0 75 71
0 76 71
0 78 71
0 76 71
0 75 71
0 76 71
0 74 71
0 76 71
0 74 71
0 76 71
0 74 71
0 76 71
0 74 71
0 76 71
0 69 284
142 81 71
71 83 71
71 81 71
71 80 71
71 76 71
71 81 284
142 45 71
71 47 71
71 45 71
71 44 71
71 40 71
71 45 284
0 76 284
0 74 284
0 73 284
0 78 213
0 80 23
0 78 23
0 76 93
71 80 71
71 83 142
0 81 142
0 80 142
0 78 142
0 76 142
142 76 284
0 74 284
0 73 284
0 71 213
0 78 71
0 76 71
0 74 71
0 73 71
0 71 71
0 69 284
0 71 35
0 73 35
0 71 35
0 73 35
0 71 47
0 69 47
0 71 47
0 69 142
142 76 284
0 74 284
0 73 284
0 78 213
0 80 23
0 78 23
0 76 93
71 80 71
71 83 142
0 81 142
0 80 142
0 78 142
0 76 142
142 76 284
0 74 284
0 73 284
0 71 213
0 78 71
0 76 71
0 74 71
0 73 71
0 71 71
0 69 284
0 71 35
0 73 35
0 71 35
0 73 35
0 71 47
0 69 47
0 71 47
0 69 71
0 64 71
0 69 71
0 73 71
0 76 71
0 73 71
0 74 71
0 71 71
0 69 71
0 64 71
0 69 71
0 73 71
0 76 71
0 73 71
0 74 71
0 71 71
0 69 142
142 71 142
142 73 142
426 66 142
0 73 71
71 73 142
0 71 71
71 62 142
0 61 71
71 61 142
0 59 71
71 59 568
0 61 284
284 81 142
0 79 71
71 79 142
0 78 71
71 78 142
0 76 71
71 76 142
0 75 71
71 72 142
0 71 71
71 71 142
0 69 71
71 69 142
0 67 71
71 67 142
0 66 71
0 66 71
0 75 142
0 76 71
213 79 142
0 77 142
0 78 71
213 81 142
0 78 568
0 76 284
284 79 142
0 78 71
71 78 142
0 76 71
71 76 142
0 74 71
71 74 142
0 73 71
71 73 142
0 69 71
71 69 142
0 67 71
71 67 142
0 66 71
71 66 142
0 64 71
0 64 71
0 73 142
0 74 71
213 78 142
0 75 142
0 76 71
213 79 142
0 76 568
0 74 284
284 78 71
0 86 71
0 78 71
0 86 71
0 78 71
0 86 71
0 78 71
0 86 71
0 78 71
0 86 71
0 78 71
0 86 71
0 78 71
0 86 71
0 78 71
0 86 71
0 76 71
0 86 71
0 76 71
0 86 71
0 76 71
0 86 71
0 76 71
0 86 71
0 76 71
0 85 71
0 76 71
0 85 71
0 76 71
0 85 71
0 76 71
0 85 71
0 74 71
0 85 71
0 74 71
0 85 71
0 74 71
0 85 71
0 74 71
0 85 71
0 74 71
0 83 71
0 74 71
0 83 71
0 74 71
0 83 71
0 74 71
0 83 71
0 73 71
0 83 71
0 73 71
0 83 71
0 73 71
0 83 71
0 73 71
0 83 71
0 72 71
0 81 71
0 72 71
0 81 71
0 72 71
0 81 71
0 72 71
0 81 71
0 81 142
0 79 106
0 79 35
0 79 142
0 78 106
35 86 142
0 85 106
0 85 35
0 85 142
0 83 106
35 79 142
0 78 106
35 78 142
0 76 106
0 76 35
0 74 142
0 73 106
35 73 142
0 71 106
0 71 35
0 67 142
0 74 71
71 66 142
0 73 71
71 73 142
0 71 71
71 71 142
0 61 71
71 64 568
0 62 284
284 71 568
0 62 284
284 71 426
0 75 142
0 72 284
568 74 284
0 72 284
0 71 284
0 76 213
0 78 23
0 76 23
0 74 93
71 78 71
71 81 142
0 79 71
71 78 142
0 76 71
71 74 142
142 74 284
0 72 284
0 71 284
0 69 213
0 76 71
0 74 71
0 72 71
0 71 71
0 69 71
0 67 284
0 69 35
0 71 35
0 69 35
0 71 35
0 69 47
0 67 47
0 69 47
0 67 142
142 74 284
0 72 284
0 71 284
0 76 213
0 78 23
0 76 23
0 74 93
71 78 71
71 81 142
0 79 71
71 78 142
0 76 71
71 74 142
142 74 284
0 72 284
0 71 284
0 69 213
0 76 71
0 74 71
0 72 71
0 71 71
0 69 71
0 67 284
0 69 35
0 71 35
0 69 35
0 71 35
0 69 47
0 67 47
0 69 47
0 67 71
0 69 71
0 67 71
0 66 71
0 67 71
0 71 71
0 69 71
0 72 71
0 71 71
0 69 71
0 67 71
0 66 71
0 67 71
0 71 71
0 69 71
0 72 71
0 71 71
0 69 71
0 67 71
0 66 71
0 67 71
0 71 71
0 69 71
0 72 71
0 71 71
0 74 71
0 72 71
0 69 71
0 71 71
0 74 71
0 73 71
0 76 71
0 74 71
0 76 71
0 74 71
0 73 71
0 74 71
0 78 71
0 76 71
0 79 71
0 78 71
0 76 71
0 74 71
0 73 71
0 74 71
0 78 71
0 76 71
0 79 71
0 78 71
0 76 71
0 74 71
0 73 71
0 74 71
0 76 71
0 78 71
0 81 71
0 79 71
0 78 71
0 76 71
0 75 71
0 76 71
0 78 71
0 79 71
0 81 71
0 79 71
0 78 71
0 76 71
0 75 71
0 76 71
0 78 71
0 79 71
0 83 71
0 81 71
0 79 71
0 78 71
0 76 71
0 78 71
0 79 71
0 81 71
0 83 71
0 81 71
0 79 71
0 78 71
0 76 71
0 78 71
0 79 71
0 81 71
0 84 71
0 83 71
0 86 71
0 81 71
0 86 71
0 83 71
0 86 71
0 78 71
0 83 71
0 79 71
0 83 71
0 78 71
0 83 71
0 79 71
0 83 71
0 76 71
0 81 71
0 78 71
0 81 71
0 76 71
0 81 71
0 78 71
0 81 71
0 73 71
0 78 71
0 74 71
0 78 71
0 73 71
0 78 71
0 74 71
0 78 71
0 75 71
0 78 71
0 76 71
0 75 71
0 76 71
0 78 71
0 79 71
0 78 71
0 79 71
0 81 71
0 83 78
63 86 7
63 85 7
63 83 7
63 81 7
63 79 7
63 78 7
63 76 7
63 78 7
63 79 7
63 78 7
63 76 7
63 74 7
63 73 7
63 71 7
63 73 7
63 74 7
63 73 7
63 69 7
63 74 7
63 74 63
213 79 78
63 79 7
63 76 7
63 79 7
63 78 7
63 76 7
63 74 7
63 73 7
63 74 7
63 73 7
63 69 7
63 74 7
63 74 63
213 79 78
63 79 7
63 76 7
63 79 7
63 78 7
63 76 7
63 74 7
63 73 7
63 73 63
0 76 71
0 73 71
0 69 71
0 78 71
0 81 71
0 78 71
0 74 71
0 73 71
0 76 71
0 73 71
0 69 71
0 78 71
0 81 71
0 78 71
0 74 71
0 76 53
88 76 53
88 81 53
88 73 53
88 81 248
0 79 35
0 78 71
0 76 71
0 78 71
0 79 71
0 80 142
0 81 142
142 81 142
0 86 142
0 85 142
0 83 142
0 81 142
0 78 142
0 79 142
142 79 142
0 81 142
0 79 142
0 78 142
0 76 142
0 73 142
0 74 142
142 76 142
0 77 142
0 78 142
106 81 35
0 79 142
0 78 426
0 79 71
0 78 71
0 76 142
0 78 71
71 79 71
71 80 71
71 80 142
0 81 142
142 81 142
0 86 71
71 84 71
71 82 71
71 81 71
71 78 142
0 79 142
142 81 35
0 79 35
0 78 35
0 79 35
0 81 71
71 79 71
71 77 71
71 76 71
71 79 142
0 77 142
142 76 142
0 73 142
0 74 142
142 80 142
0 80 568
0 81 142
426 78 71
0 81 71
0 80 71
0 81 71
0 83 71
0 81 71
0 80 71
0 81 71
0 79 71
0 81 71
0 79 71
0 81 71
0 79 71
0 81 71
0 79 71
0 81 71
0 78 71
0 81 71
0 80 71
0 81 71
0 83 71
0 81 71
0 80 71
0 81 71
0 79 71
0 81 71
0 79 71
0 81 71
0 79 71
0 81 71
0 79 71
0 81 71
0 78 284
142 86 71
71 88 71
71 86 71
71 85 71
71 81 71
71 86 284
142 50 71
71 52 71
71 50 71
71 49 71
71 45 71
71 50 284
0 81 284
0 79 284
0 78 284
0 83 213
0 85 23
0 83 23
0 81 93
71 85 71
71 88 142
0 86 71
71 85 142
0 83 71
71 81 142
142 81 284
0 79 284
0 78 284
0 76 213
0 83 71
0 81 71
0 79 71
0 78 71
0 76 71
0 74 284
0 76 35
0 78 35
0 76 35
0 78 35
0 76 47
0 74 47
0 76 47
0 74 142
142 69 284
0 67 284
0 66 284
0 71 213
0 73 23
0 71 23
0 69 93
71 73 71
71 76 142
0 74 142
0 73 142
0 71 142
0 69 142
142 69 284
0 79 284
0 66 284
0 64 213
0 83 71
0 81 71
0 79 71
0 78 71
0 76 71
0 74 284
0 76 35
0 78 35
0 76 35
0 78 35
0 76 47
0 74 47
0 76 47
0 69 284
284 79 78
63 76 7
63 78 7
63 81 7
63 79 7
63 78 7
63 79 7
63 81 7
63 81 277
284 81 35
106 83 35
106 85 35
106 86 35
106 81 284
0 78 284
0 81 71
0 79 71
0 78 71
0 79 71
0 81 35
106 79 35
106 77 142
0 78 142
284 79 78
63 76 7
63 78 7
63 81 7
63 79 7
63 78 7
63 79 7
63 81 7
63 81 277
284 81 35
106 83 35
106 85 35
106 86 35
106 81 284
0 78 284
0 81 71
0 79 71
0 78 71
0 79 71
0 81 71
0 79 71
0 78 71
0 76 71
0 74 71
0 76 71
0 78 71
0 79 71
0 81 71
0 83 71
0 85 71
0 86 65
5 86 284
0 83 71
142 79 71
0 78 284
0 81 142
71 74 71
0 76 284
0 79 142
71 73 71
0 74 71
0 76 71
0 78 71
0 79 71
0 81 71
0 83 71
0 85 71
0 86 71
0 88 71
0 86 71
0 85 71
0 86 71
0 85 71
0 83 71
0 81 71
0 79 71
0 78 71
0 79 71
0 80 71
0 81 71
0 79 71
0 78 71
0 76 71
0 74 71
0 75 71
0 76 71
0 78 71
0 79 71
0 78 71
0 76 71
0 74 71
0 73 71
0 74 71
0 69 71
0 74 71
0 78 71
0 81 71
0 78 71
0 79 71
0 76 71
0 74 71
0 69 71
0 74 71
0 78 71
0 81 71
0 78 71
0 79 71
0 76 71
0 74 142
142 85 142
142 78 142
426 79 142
0 69 71
71 69 142
0 76 71
71 76 142
0 74 71
71 66 142
0 64 71
71 67 568
0 66 284
