0 79 78
0 77 78
0 75 78
0 74 78
0 72 156
0 70 150
6 70 469
0 74 156
0 79 156
0 74 156
0 77 313
0 75 469
0 77 78
0 79 78
0 77 78
0 75 78
0 74 78
0 72 78
0 70 313
0 69 465
4 69 156
0 70 156
0 72 150
6 69 313
0 70 313
156 77 78
0 76 78
0 79 78
0 77 78
0 75 78
0 74 71
6 74 156
0 72 313
0 70 156
0 74 156
0 72 313
0 69 156
0 70 78
0 72 78
0 70 78
0 69 78
0 70 78
0 72 78
0 74 78
0 75 78
0 76 78
0 77 78
0 76 78
0 77 78
0 79 78
0 77 78
0 75 78
0 74 71
6 74 156
0 72 150
6 72 156
0 70 156
0 74 156
0 72 150
6 72 156
0 69 156
0 70 156
0 72 78
0 74 78
0 75 78
0 77 78
0 79 78
0 81 78
0 82 78
0 84 78
0 86 78
0 87 78
0 89 78
78 89 78
78 77 156
0 87 313
0 86 156
0 86 156
0 75 78
78 74 78
78 72 78
78 82 156
156 70 156
469 67 78
0 65 78
0 63 78
0 62 78
0 60 156
0 58 150
6 58 469
0 70 156
0 69 156
0 67 156
0 65 313
0 64 391
0 67 78
0 65 78
0 69 78
0 67 78
0 70 78
0 69 78
0 72 78
0 70 78
0 67 78
0 76 78
0 72 78
0 79 78
0 76 78
0 82 78
0 81 78
0 82 78
0 81 78
0 79 78
0 77 78
0 76 78
0 74 78
0 72 78
0 70 71
6 70 78
0 69 78
0 74 78
0 72 71
6 72 313
313 86 78
0 84 78
0 82 78
0 81 78
0 79 469
0 76 156
0 77 39
39 84 93
62 84 15
62 86 15
62 84 15
62 82 15
62 81 15
62 79 15
62 79 62
78 79 313
0 76 156
0 77 39
39 84 93
62 84 15
62 86 15
62 84 15
62 82 15
62 81 7
62 81 70
0 81 156
0 79 156
156 79 150
6 79 156
0 77 156
156 77 156
0 76 78
0 77 78
0 76 78
0 72 78
0 77 78
0 79 78
0 77 78
0 72 78
0 79 78
0 81 78
0 79 78
0 72 78
0 81 78
0 82 78
0 81 78
0 72 78
0 82 78
78 82 78
234 79 78
78 82 156
0 81 78
78 79 78
78 77 78
78 76 78
0 72 78
0 83 78
0 84 78
0 77 78
0 72 78
0 83 78
0 84 78
0 79 78
0 72 78
0 83 78
0 84 78
0 81 78
0 72 78
0 83 78
0 84 78
0 82 78
78 82 78
234 79 39
0 81 39
0 79 39
0 81 39
0 82 156
0 81 78
78 79 78
78 77 78
78 76 78
0 84 78
0 79 78
0 76 78
0 72 78
0 67 78
0 64 78
0 60 78
626 69 469
0 74 78
0 72 78
0 70 78
78 69 78
78 67 78
78 65 78
78 65 156
78 65 150
6 65 469
0 72 156
0 76 156
0 77 156
0 77 156
0 67 313
0 69 156
0 77 156
0 67 313
0 69 156
0 72 313
0 70 39
0 72 39
0 70 39
0 72 39
0 70 26
0 72 26
0 70 26
0 69 39
0 70 39
0 69 78
78 69 156
0 70 156
0 72 156
0 73 156
0 74 313
0 72 78
0 70 78
0 69 156
0 67 156
0 69 156
0 70 156
0 74 156
0 72 313
0 70 78
0 69 78
0 67 156
0 65 156
0 67 156
0 69 156
0 72 156
0 70 313
0 67 156
0 70 156
0 69 313
0 65 156
0 64 78
0 65 78
0 67 78
0 69 78
0 71 78
0 72 78
0 71 78
0 72 78
0 60 313
313 72 469
0 74 78
0 72 78
0 70 78
78 69 78
78 67 78
78 65 78
78 65 156
0 74 150
6 74 469
0 72 156
0 76 156
0 77 313
0 67 156
0 69 156
0 77 313
0 67 156
0 69 156
0 77 78
78 72 313
0 71 156
0 70 156
0 69 78
78 69 156
0 70 156
0 72 156
0 73 39
0 74 430
0 76 78
0 78 78
0 79 78
0 81 78
0 82 78
0 81 78
0 79 78
0 81 78
0 77 78
0 79 78
0 76 78
0 77 78
0 74 78
0 76 78
0 72 78
0 74 78
0 70 78
0 72 78
0 69 78
0 70 78
0 72 78
0 74 78
0 76 78
0 77 78
0 76 78
0 77 78
0 79 78
0 77 78
0 76 78
0 74 78
0 76 78
0 74 78
0 72 78
0 70 78
0 69 313
0 67 39
0 69 39
0 67 39
0 69 39
0 67 26
0 69 26
0 67 26
0 65 39
0 67 39
0 65 313
0 82 156
0 79 78
78 76 78
78 76 78
78 82 156
0 79 78
78 76 78
78 76 78
78 77 78
78 79 78
78 81 78
78 82 78
78 83 156
0 84 156
0 83 156
0 84 156
0 82 156
0 79 78
78 76 78
78 76 78
78 82 156
0 79 78
78 76 78
78 76 78
78 77 78
78 79 78
78 81 78
78 82 78
78 83 156
0 84 156
0 83 156
0 84 156
0 74 626
0 76 626
0 70 626
0 69 626
0 81 78
0 79 78
0 82 78
0 81 78
0 84 78
0 82 78
0 81 78
0 79 78
0 77 313
0 76 313
156 77 156
0 76 156
0 77 156
156 75 156
0 74 156
0 75 156
156 74 156
0 86 156
0 86 78
234 86 156
0 74 156
0 74 78
234 72 156
0 84 156
0 84 78
234 84 156
0 72 156
0 72 78
78 73 156
0 74 156
0 76 156
0 77 156
0 65 313
0 64 156
0 67 156
0 65 78
78 65 78
0 69 78
0 67 78
0 70 78
0 69 78
0 72 78
0 70 78
78 65 78
0 69 78
0 67 78
0 70 78
0 69 78
0 72 78
0 70 78
78 65 78
0 69 78
0 67 78
0 70 78
0 69 78
0 72 78
0 70 78
0 74 78
0 72 78
0 75 78
0 74 78
0 77 78
0 76 78
0 79 78
0 77 78
0 79 78
0 81 78
0 79 78
0 77 78
0 75 78
0 74 78
0 73 78
0 74 78
0 72 78
0 70 78
0 69 78
0 67 78
0 65 78
0 64 78
0 62 78
0 60 78
0 65 78
0 69 78
0 72 78
0 77 78
78 65 78
78 69 156
0 70 78
78 69 78
78 64 78
78 65 78
78 77 78
0 81 78
0 79 78
0 82 78
0 81 78
0 84 78
0 82 78
78 77 78
0 81 78
0 79 78
0 82 78
0 81 78
0 84 78
0 82 78
78 77 78
0 81 78
0 79 78
0 82 78
0 81 78
0 84 78
0 82 78
0 77 78
0 84 78
0 77 78
0 86 78
0 77 78
0 88 78
0 77 78
0 89 78
0 88 78
0 86 78
0 84 78
0 82 78
0 81 78
0 79 78
0 77 78
0 86 78
0 84 78
0 82 78
0 81 78
0 79 78
0 77 78
0 76 78
0 74 78
0 72 156
0 84 78
78 84 78
78 84 78
78 84 78
0 81 78
0 77 78
0 72 78
0 77 78
0 72 78
0 69 78
0 65 78
0 67 52
0 69 52
0 67 52
0 69 52
0 67 52
0 69 52
0 67 52
0 69 52
0 67 52
0 69 52
0 67 52
0 69 52
0 67 52
0 69 52
0 67 52
0 69 52
0 67 52
0 69 52
0 67 39
0 69 39
0 67 39
0 69 39
0 67 26
0 69 26
0 67 26
0 65 39
0 67 39
0 65 150
6 77 156
156 77 156
0 76 156
0 77 156
0 79 156
0 81 156
0 82 78
0 84 78
0 86 78
0 84 78
0 82 78
0 80 78
0 79 78
0 77 78
0 76 78
0 77 78
0 79 78
0 77 78
0 76 78
0 74 78
0 72 78
0 70 78
0 69 78
78 69 78
234 65 156
0 64 156
0 65 156
0 67 156
0 69 156
0 70 78
78 72 39
0 70 39
0 69 39
0 70 39
0 72 156
0 74 150
6 70 156
0 72 156
156 58 156
0 58 626
0 57 234
0 79 78
0 77 78
0 75 78
0 74 78
0 72 156
0 70 150
6 70 469
0 74 156
0 79 156
0 74 156
0 77 313
0 75 469
0 77 78
0 79 78
0 77 78
0 75 78
0 74 78
0 72 78
0 70 313
0 69 465
4 69 156
0 70 156
0 72 150
6 69 313
0 70 313
156 77 78
0 76 78
0 79 78
0 77 78
0 75 78
0 74 71
6 74 156
0 72 313
0 70 156
0 74 156
0 72 313
0 69 156
0 70 78
0 72 78
0 70 78
0 69 78
0 70 78
0 72 78
0 74 78
0 75 78
0 76 78
0 77 78
0 76 78
0 77 78
0 79 78
0 77 78
0 75 78
0 74 71
6 74 156
0 72 150
6 72 156
0 70 156
0 74 156
0 72 150
6 72 156
0 69 156
0 70 156
0 72 78
0 74 78
0 75 78
0 77 78
0 79 78
0 81 78
0 82 78
0 84 78
0 86 78
0 87 78
0 89 78
78 89 78
78 77 156
0 87 313
0 86 156
0 86 156
0 75 78
78 74 78
78 72 78
78 82 156
156 70 156
469 67 78
0 65 78
0 63 78
0 62 78
0 60 156
0 58 150
6 58 469
0 70 156
0 69 156
0 67 156
0 65 313
0 64 391
0 67 78
0 65 78
0 69 78
0 67 78
0 70 78
0 69 78
0 72 78
0 70 78
0 67 78
0 76 78
0 72 78
0 79 78
0 76 78
0 82 78
0 81 78
0 82 78
0 81 78
0 79 78
0 77 78
0 76 78
0 74 78
0 72 78
0 70 71
6 70 78
0 69 78
0 74 78
0 72 71
6 72 313
313 86 78
0 84 78
0 82 78
0 81 78
0 79 469
0 76 156
0 77 39
39 84 93
62 84 15
62 86 15
62 84 15
62 82 15
62 81 15
62 79 15
62 79 62
78 79 313
0 76 156
0 77 39
39 84 93
62 84 15
62 86 15
62 84 15
62 82 15
62 81 7
62 81 63
6 81 156
0 79 156
156 79 150
6 79 156
0 77 156
156 77 156
0 76 78
0 77 78
0 76 78
0 72 78
0 77 78
0 79 78
0 77 78
0 72 78
0 79 78
0 81 78
0 79 78
0 72 78
0 81 78
0 82 78
0 81 78
0 72 78
0 82 78
78 82 78
234 79 78
78 82 156
0 81 78
78 79 78
78 77 78
78 76 78
0 72 78
0 83 78
0 84 78
0 77 78
0 72 78
0 83 78
0 84 78
0 79 78
0 72 78
0 83 78
0 84 78
0 81 78
0 72 78
0 83 78
0 84 78
0 82 78
78 82 78
234 79 39
0 81 39
0 79 39
0 81 39
0 82 156
0 81 78
78 79 78
78 77 78
78 76 78
0 84 78
0 79 78
0 76 78
0 72 78
0 67 78
0 64 78
0 60 78
626 69 469
0 74 78
0 72 78
0 70 78
78 69 78
78 67 78
78 65 78
78 65 156
78 65 150
6 65 469
0 72 156
0 76 156
0 77 156
0 77 156
0 67 313
0 69 156
0 77 156
0 67 313
0 69 156
0 72 313
0 70 39
0 72 39
0 70 39
0 72 39
0 70 26
0 72 26
0 70 26
0 69 39
0 70 39
0 69 78
78 69 156
0 70 156
0 72 156
0 73 156
0 74 313
0 72 78
0 70 78
0 69 156
0 67 156
0 69 156
0 70 156
0 74 156
0 72 313
0 70 78
0 69 78
0 67 156
0 65 156
0 67 156
0 69 156
0 72 156
0 70 313
0 67 156
0 70 156
0 69 313
0 65 156
0 64 78
0 65 78
0 67 78
0 69 78
0 71 78
0 72 78
0 71 78
0 72 78
0 60 313
313 72 469
0 74 78
0 72 78
0 70 78
78 69 78
78 67 78
78 65 78
78 65 156
0 74 150
6 74 469
0 72 156
0 76 156
0 77 313
0 67 156
0 69 156
0 77 313
0 67 156
0 69 156
0 77 78
78 72 313
0 71 156
0 70 156
0 69 78
78 69 156
0 70 156
0 72 156
0 73 39
0 74 430
0 76 78
0 78 78
0 79 78
0 81 78
0 82 78
0 81 78
0 79 78
0 81 78
0 77 78
0 79 78
0 76 78
0 77 78
0 74 78
0 76 78
0 72 78
0 74 78
0 70 78
0 72 78
0 69 78
0 70 78
0 72 78
0 74 78
0 76 78
0 77 78
0 76 78
0 77 78
0 79 78
0 77 78
0 76 78
0 74 78
0 76 78
0 74 78
0 72 78
0 70 78
0 69 313
0 67 39
0 69 39
0 67 39
0 69 39
0 67 26
0 69 26
0 67 26
0 65 39
0 67 39
0 65 313
0 82 156
0 79 78
78 76 78
78 76 78
78 82 156
0 79 78
78 76 78
78 76 78
78 77 78
78 79 78
78 81 78
78 82 78
78 83 156
0 84 156
0 83 156
0 84 156
0 82 156
0 79 78
78 76 78
78 76 78
78 82 156
0 79 78
78 76 78
78 76 78
78 77 78
78 79 78
78 81 78
78 82 78
78 83 156
0 84 156
0 83 156
0 84 156
0 74 626
0 76 626
0 70 626
0 69 626
0 81 78
0 79 78
0 82 78
0 81 78
0 84 78
0 82 78
0 81 78
0 79 78
0 77 313
0 76 313
156 77 156
0 76 156
0 77 156
156 75 156
0 74 156
0 75 156
156 74 156
0 86 156
0 86 78
234 86 156
0 74 156
0 74 78
234 72 156
0 84 156
0 84 78
234 84 156
0 72 156
0 72 78
78 73 156
0 74 156
0 76 156
0 77 156
0 65 313
0 64 156
0 67 156
0 65 78
78 65 78
0 69 78
0 67 78
0 70 78
0 69 78
0 72 78
0 70 78
78 65 78
0 69 78
0 67 78
0 70 78
0 69 78
0 72 78
0 70 78
78 65 78
0 69 78
0 67 78
0 70 78
0 69 78
0 72 78
0 70 78
0 74 78
0 72 78
0 75 78
0 74 78
0 77 78
0 76 78
0 79 78
0 77 78
0 79 78
0 81 78
0 79 78
0 77 78
0 75 78
0 74 78
0 73 78
0 74 78
0 72 78
0 70 78
0 69 78
0 67 78
0 65 78
0 64 78
0 62 78
0 60 78
0 65 78
0 69 78
0 72 78
0 77 78
78 65 78
78 69 156
0 70 78
78 69 78
78 64 78
78 65 78
78 77 78
0 81 78
0 79 78
0 82 78
0 81 78
0 84 78
0 82 78
78 77 78
0 81 78
0 79 78
0 82 78
0 81 78
0 84 78
0 82 78
78 77 78
0 81 78
0 79 78
0 82 78
0 81 78
0 84 78
0 82 78
0 77 78
0 84 78
0 77 78
0 86 78
0 77 78
0 88 78
0 77 78
0 89 78
0 88 78
0 86 78
0 84 78
0 82 78
0 81 78
0 79 78
0 77 78
0 86 78
0 84 78
0 82 78
0 81 78
0 79 78
0 77 78
0 76 78
0 74 78
0 72 156
0 84 78
78 84 78
78 84 78
78 84 78
0 81 78
0 77 78
0 72 78
0 77 78
0 72 78
0 69 78
0 65 78
0 67 52
0 69 52
0 67 52
0 69 52
0 67 52
0 69 52
0 67 52
0 69 52
0 67 52
0 69 52
0 67 52
0 69 52
0 67 52
0 69 52
0 67 52
0 69 52
0 67 52
0 69 52
0 67 39
0 69 39
0 67 39
0 69 39
0 67 26
0 69 26
0 67 26
0 65 39
0 67 39
0 65 150
6 77 156
156 77 156
0 76 156
0 77 156
0 79 156
0 81 156
0 82 78
0 84 78
0 86 78
0 84 78
0 82 78
0 80 78
0 79 78
0 77 78
0 76 78
0 77 78
0 79 78
0 77 78
0 76 78
0 74 78
0 72 78
0 70 78
0 69 78
78 69 78
234 65 156
0 64 156
0 65 156
0 67 156
0 69 156
0 70 78
78 72 39
0 70 39
0 69 39
0 70 39
0 72 156
0 74 150
6 70 156
0 72 156
156 58 156
0 58 626
0 57 234
0 74 78
0 72 78
0 70 78
0 69 78
0 67 156
0 65 150
6 65 469
0 77 156
0 79 156
0 81 156
0 82 234
0 79 78
0 76 313
313 72 78
0 70 78
0 69 78
0 67 78
0 65 156
0 64 150
6 64 469
0 79 156
0 81 156
0 82 156
0 84 234
0 81 78
0 78 313
156 81 156
0 82 156
0 84 156
0 86 234
0 82 78
0 79 156
117 76 39
0 82 234
0 79 78
0 76 156
117 71 39
0 77 234
0 74 78
0 71 313
156 71 150
6 71 150
6 71 150
6 72 78
0 81 78
0 77 78
0 72 78
0 69 78
0 77 78
0 72 78
0 69 73
4 69 156
0 67 156
0 65 78
78 64 78
78 65 313
391 65 78
0 67 78
0 68 78
0 70 78
0 72 78
0 74 78
0 76 78
0 77 78
0 72 78
0 80 78
0 79 78
0 77 78
0 72 78
0 80 78
0 79 78
0 77 93
62 75 15
62 77 15
62 74 15
62 75 15
62 72 15
62 74 15
62 71 15
62 71 140
0 89 313
0 87 313
0 86 313
0 84 313
0 83 313
0 80 313
0 79 313
0 77 150
6 77 156
0 76 156
0 75 313
78 75 93
62 75 15
62 77 15
62 75 15
62 74 15
62 75 15
62 78 15
62 78 219
0 75 71
6 75 39
0 77 39
0 75 39
0 77 39
0 75 26
0 77 26
0 75 26
0 74 39
0 75 39
0 82 234
0 75 71
6 75 39
0 77 39
0 75 39
0 77 39
0 75 26
0 77 26
0 75 26
0 74 39
0 75 39
0 81 78
78 84 78
78 87 391
0 89 93
62 87 15
62 84 15
62 86 15
62 82 15
62 84 15
62 81 15
62 82 15
62 84 15
62 82 15
62 81 15
62 82 15
62 84 15
62 86 15
62 87 15
62 86 15
62 84 15
62 82 15
62 81 15
62 79 15
62 77 15
62 75 15
62 75 55
7 75 39
0 77 39
0 75 26
0 77 26
0 75 26
0 74 156
0 74 469
0 74 156
0 86 156
0 84 313
0 82 313
0 81 234
0 79 93
62 81 15
62 84 15
62 82 15
62 81 15
62 79 15
62 78 15
62 78 23
39 74 78
0 86 78
0 85 78
0 86 78
0 85 78
0 86 78
0 85 78
0 86 78
0 87 78
0 84 78
0 86 78
0 82 78
0 84 78
0 81 78
0 82 78
0 79 93
62 77 15
62 79 15
62 75 15
62 77 15
62 74 15
62 75 15
62 73 15
62 73 62
78 82 156
0 81 156
0 79 156
0 78 39
39 73 78
0 74 78
0 73 78
0 74 78
0 73 78
0 74 78
0 73 78
0 74 78
0 75 78
0 72 78
0 74 78
0 70 78
0 72 78
0 69 78
0 70 78
0 67 93
62 65 15
62 67 15
62 63 15
62 65 15
62 62 15
62 63 15
62 61 15
62 61 62
78 67 156
0 70 156
0 61 156
0 62 78
78 74 78
234 74 156
156 74 156
156 74 156
156 74 156
0 73 156
0 74 156
0 73 156
0 74 156
0 73 156
0 74 156
0 77 313
0 75 313
78 75 78
0 74 78
0 75 78
0 77 78
0 75 78
0 74 78
0 75 78
0 82 313
0 81 313
78 81 78
0 79 78
0 81 78
0 82 78
0 81 78
0 79 78
0 81 78
0 89 313
0 87 313
78 87 78
0 86 78
0 87 78
0 89 78
0 87 78
0 85 78
0 84 78
0 82 313
0 81 313
78 87 93
62 87 15
62 89 15
62 87 15
62 85 15
62 84 15
62 84 62
0 82 93
62 87 15
62 86 15
62 89 15
62 87 15
62 85 15
62 84 15
62 82 15
62 81 15
62 87 15
62 86 15
62 89 15
62 87 15
62 85 15
62 84 15
62 84 62
0 82 93
62 84 15
62 83 15
62 86 15
62 84 15
62 82 15
62 81 15
62 79 15
62 77 15
62 79 15
62 78 15
62 81 15
62 79 15
62 77 15
62 75 15
62 75 62
0 74 156
0 72 156
0 74 78
78 75 78
78 76 78
78 77 78
0 79 78
0 77 78
0 75 78
0 74 78
0 72 156
0 70 150
6 70 469
0 74 156
0 79 156
0 74 156
0 77 313
0 75 469
0 77 78
0 79 78
0 77 78
0 75 78
0 74 78
0 72 78
0 70 313
0 69 465
4 69 156
0 70 156
0 72 150
6 69 313
0 70 313
156 77 78
0 76 78
0 79 78
0 77 78
0 75 78
0 74 71
6 74 156
0 72 313
0 70 156
0 74 156
0 72 313
0 69 156
0 70 78
0 72 78
0 70 78
0 69 78
0 70 78
0 72 78
0 74 78
0 75 78
0 76 78
0 77 78
0 76 78
0 77 78
0 79 78
0 77 78
0 75 78
0 74 71
6 74 156
0 72 150
6 72 156
0 70 156
0 74 156
0 72 150
6 72 156
0 69 156
0 70 156
0 72 78
0 74 78
0 75 78
0 77 78
0 79 78
0 81 78
0 82 78
0 84 78
0 86 78
0 87 78
0 89 78
78 89 78
78 77 156
0 87 313
0 86 156
0 86 156
0 75 78
78 74 78
78 72 78
78 82 156
156 70 156
469 67 78
0 65 78
0 63 78
0 62 78
0 60 156
0 58 156
0 58 469
0 70 78
78 70 156
0 72 156
0 70 156
0 69 156
0 68 463
6 68 150
6 68 150
6 68 156
0 80 78
0 82 78
0 79 78
0 80 78
0 77 78
0 79 78
0 75 78
0 77 78
0 74 78
0 75 78
0 72 78
0 74 78
0 70 78
0 72 78
0 68 78
0 70 78
0 68 156
0 67 150
6 67 469
0 79 78
78 79 156
0 77 150
6 77 156
0 76 150
6 76 469
0 85 78
78 85 156
0 76 156
0 79 156
0 77 150
6 77 469
0 78 156
0 79 156
0 75 156
0 73 156
0 74 150
6 74 313
156 77 156
0 79 78
0 77 78
0 75 78
0 74 78
0 72 469
0 69 156
0 70 39
39 77 93
62 77 15
62 79 15
62 77 15
62 75 15
62 74 15
62 72 15
62 72 62
78 72 313
0 69 156
0 70 39
39 77 93
62 77 15
62 79 15
62 77 15
62 75 15
62 74 15
62 74 56
6 74 156
0 72 156
156 72 156
0 72 156
0 70 156
156 70 156
0 69 78
0 70 78
0 69 78
0 65 78
0 70 78
0 72 78
0 70 78
0 65 78
0 72 78
0 74 78
0 72 78
0 65 78
0 74 78
0 75 78
0 74 78
0 65 78
0 75 78
78 75 78
234 72 78
78 75 156
0 74 78
78 72 78
78 70 78
78 69 78
0 65 78
0 76 78
0 77 78
0 70 78
0 65 78
0 76 78
0 77 78
0 72 78
0 65 78
0 76 78
0 77 78
0 74 78
0 65 78
0 76 78
0 77 78
0 75 78
78 75 78
234 72 38
234 72 37
1 72 39
0 74 39
0 75 156
0 74 78
78 72 78
78 70 78
78 69 78
0 77 78
0 72 78
0 69 78
0 65 78
0 60 78
0 57 78
0 53 78
626 53 469
0 67 78
0 65 78
0 63 78
78 62 78
78 60 78
78 58 78
78 58 156
0 67 150
6 58 469
0 65 156
0 69 156
0 70 150
6 70 156
0 60 313
0 62 156
0 70 156
0 60 313
0 62 156
0 65 313
0 63 39
0 65 39
0 63 39
0 65 39
0 63 26
0 65 26
0 63 26
0 62 39
0 63 39
0 62 78
78 62 156
0 63 156
0 65 156
0 66 156
0 67 313
0 65 78
0 63 78
0 62 156
0 60 156
0 62 156
0 63 156
0 67 156
0 65 313
0 63 78
0 62 78
0 60 156
0 58 156
0 60 156
0 62 156
0 65 156
0 63 313
0 60 156
0 63 156
0 62 313
0 58 156
0 57 93
62 59 15
62 60 15
62 61 15
62 62 15
62 63 15
62 64 15
62 65 15
62 65 297
313 65 469
0 79 78
0 77 78
0 75 78
78 74 78
78 72 78
78 70 78
78 70 156
0 79 150
6 70 469
0 77 156
0 81 156
0 82 313
0 72 156
0 74 156
0 82 313
0 72 156
0 74 156
0 82 78
78 77 313
0 76 156
0 75 156
0 74 78
78 74 156
0 75 156
0 77 156
0 79 469
0 81 78
0 83 78
0 84 78
0 86 78
0 87 78
0 86 78
0 84 78
0 86 78
0 82 78
0 84 78
0 81 78
0 82 78
0 79 78
0 81 78
0 77 78
0 79 78
0 75 78
0 77 78
0 74 78
0 75 78
0 77 78
0 79 78
0 81 78
0 82 78
0 81 78
0 82 78
0 84 78
0 82 78
0 81 78
0 79 78
0 81 78
0 79 78
0 77 78
0 75 78
0 74 313
0 72 39
0 74 39
0 72 39
0 74 39
0 72 26
0 74 26
0 72 26
0 70 39
0 72 39
0 70 313
0 75 156
0 72 78
78 69 78
78 69 78
78 75 156
0 72 78
78 69 78
78 69 78
78 70 78
78 72 78
78 74 78
78 75 78
78 76 156
0 77 156
0 76 156
0 77 156
0 87 156
0 84 78
78 81 78
78 81 78
78 87 156
0 84 78
78 81 78
78 81 78
78 82 78
78 84 78
78 86 78
78 87 78
78 88 156
0 89 156
0 88 156
0 89 156
0 67 626
0 57 626
0 75 626
0 74 626
0 86 93
62 87 15
62 86 15
62 89 15
62 87 15
62 86 15
62 84 15
62 82 15
62 82 297
0 81 313
156 82 156
0 81 156
0 82 156
156 80 156
0 79 156
0 80 156
156 79 156
0 78 156
0 79 156
156 79 156
0 91 156
0 91 78
234 91 156
0 77 156
0 77 78
234 77 156
0 86 156
0 86 78
234 86 156
0 75 156
0 75 78
234 75 156
0 84 156
0 84 78
234 84 156
0 74 156
0 74 78
234 74 156
0 82 156
0 82 78
78 82 156
0 72 78
391 82 156
0 74 78
391 82 156
0 75 78
391 82 156
0 76 78
391 82 156
0 77 78
78 82 156
0 78 78
78 82 156
0 79 156
0 87 156
0 81 156
0 86 31
0 87 31
0 86 31
0 87 31
0 86 31
0 89 156
0 82 31
0 84 31
0 82 31
0 84 31
0 82 31
0 86 156
0 79 31
0 81 31
0 79 31
0 81 31
2 79 28
0 82 156
0 72 31
0 74 31
0 72 31
0 74 31
0 72 31
0 75 156
0 65 39
39 77 93
62 77 15
62 75 15
62 74 15
62 72 15
62 70 15
62 72 15
62 72 23
0 74 39
0 72 39
0 74 39
0 72 39
0 74 39
0 72 39
0 74 39
0 72 39
0 74 39
0 72 39
0 74 39
0 72 26
0 74 26
0 72 26
0 70 39
0 72 39
0 70 78
78 58 78
0 62 78
0 60 78
0 63 78
0 62 78
0 65 78
0 63 78
78 58 78
0 62 78
0 60 78
0 63 78
0 62 78
0 65 78
0 63 78
78 58 78
0 62 78
0 60 78
0 63 78
0 62 78
0 65 78
0 63 78
0 67 78
0 65 78
0 68 78
0 67 78
0 70 78
0 69 78
0 72 78
0 70 78
0 72 78
0 74 78
0 72 78
0 70 78
0 68 78
0 67 78
0 66 78
0 67 78
0 72 78
0 75 78
0 74 78
0 72 78
0 70 78
0 69 78
0 67 78
0 65 78
0 70 78
0 74 78
0 77 78
0 82 78
78 70 78
78 74 156
0 72 78
78 70 78
78 69 78
78 70 78
78 70 78
0 74 78
0 72 78
0 75 78
0 74 78
0 77 78
0 75 78
78 82 78
0 86 78
0 84 78
0 87 78
0 86 78
0 89 78
0 87 78
78 70 78
0 74 78
0 72 78
0 75 78
0 74 78
0 77 78
0 75 78
0 70 78
0 77 78
0 70 78
0 79 78
0 70 78
0 81 78
0 70 78
0 82 78
0 84 78
0 86 78
0 84 78
0 82 78
0 80 78
0 79 78
0 78 78
0 79 78
0 77 78
0 75 78
0 74 78
0 72 78
0 70 78
0 69 78
0 67 78
0 65 156
0 89 78
78 89 78
78 89 78
78 89 78
0 86 78
0 82 78
0 77 78
0 82 78
0 77 78
0 74 78
0 70 78
0 72 52
0 74 52
0 72 52
0 74 52
0 72 52
0 74 52
0 72 52
0 74 52
0 72 52
0 74 52
0 72 52
0 74 52
0 72 52
0 74 52
0 72 52
0 74 52
0 72 52
0 74 52
0 72 39
0 74 39
0 72 39
0 74 39
0 72 26
0 74 26
0 72 26
0 70 39
0 72 39
0 70 154
2 82 156
156 82 156
0 81 156
0 82 156
0 84 156
0 86 156
0 87 78
0 86 78
0 87 78
0 86 78
0 87 78
0 85 78
0 84 78
0 82 78
0 81 78
0 82 78
0 84 78
0 82 78
0 81 78
0 79 78
0 77 78
0 75 78
0 74 78
78 74 78
234 70 156
0 69 156
0 70 156
0 72 156
0 74 156
0 75 78
78 77 39
0 75 39
0 74 39
0 75 39
0 77 156
0 79 150
6 75 156
0 74 156
156 63 156
0 63 626
0 62 234
0 74 78
0 72 78
0 70 78
0 69 78
0 67 156
0 65 150
6 65 469
0 77 156
0 79 156
0 81 156
0 82 234
0 79 78
0 76 313
313 72 78
0 70 78
0 69 78
0 67 78
0 65 156
0 64 150
6 64 469
0 79 156
0 81 156
0 82 156
0 84 234
0 81 78
0 78 313
156 81 156
0 82 156
0 84 156
0 86 234
0 82 78
0 79 156
117 76 39
0 82 234
0 79 78
0 76 156
117 71 39
0 77 234
0 74 78
0 71 313
156 71 150
6 71 150
6 71 150
6 72 78
0 81 78
0 77 78
0 72 78
0 69 78
0 77 78
0 72 78
0 69 73
4 69 156
0 67 156
0 65 78
78 64 78
78 65 313
391 65 78
0 67 78
0 68 78
0 70 78
0 72 78
0 74 78
0 76 78
0 77 78
0 72 78
0 80 78
0 79 78
0 77 78
0 72 78
0 80 78
0 79 78
0 77 93
62 75 15
62 77 15
62 74 15
62 75 15
62 72 15
62 74 15
62 71 15
62 71 140
0 89 313
0 87 313
0 86 313
0 84 313
0 83 313
0 80 313
0 79 313
0 77 150
6 77 156
0 76 156
0 75 313
78 75 93
62 75 15
62 77 15
62 75 15
62 74 15
62 75 15
62 78 15
62 78 219
0 75 71
6 75 39
0 77 39
0 75 39
0 77 39
0 75 26
0 77 26
0 75 26
0 74 39
0 75 39
0 82 234
0 75 71
6 75 39
0 77 39
0 75 39
0 77 39
0 75 26
0 77 26
0 75 26
0 74 39
0 75 39
0 81 78
78 84 78
78 87 391
0 89 93
62 87 15
62 84 15
62 86 15
62 82 15
62 84 15
62 81 15
62 82 15
62 84 15
62 82 15
62 81 15
62 82 15
62 84 15
62 86 15
62 87 15
62 86 15
62 84 15
62 82 15
62 81 15
62 79 15
62 77 15
62 75 15
62 75 55
7 75 39
0 77 39
0 75 26
0 77 26
0 75 26
0 74 156
0 74 469
0 74 156
0 86 156
0 84 313
0 82 313
0 81 234
0 79 93
62 81 15
62 84 15
62 82 15
62 81 15
62 79 15
62 78 15
62 78 23
39 74 79
0 86 79
0 85 79
0 86 79
0 85 79
0 86 79
0 85 79
0 86 79
0 87 79
0 84 79
0 86 79
0 82 79
0 84 79
0 81 79
0 82 79
0 79 94
63 77 15
63 79 15
63 75 15
63 77 15
63 74 15
63 75 15
63 73 15
63 73 63
79 82 158
0 81 158
0 79 158
0 78 39
39 73 79
0 74 79
0 73 79
0 74 79
0 73 79
0 74 79
0 73 79
0 74 79
0 75 79
0 72 79
0 74 79
0 70 79
0 72 79
0 69 79
0 70 79
0 67 94
63 65 15
63 67 15
63 63 15
63 65 15
63 62 15
63 63 15
63 61 15
63 61 63
79 67 158
0 70 158
0 61 158
0 62 79
79 74 79
237 74 158
158 74 158
158 74 158
158 74 158
0 73 158
0 74 158
0 73 158
0 74 158
0 73 158
0 74 158
0 77 317
0 75 317
79 75 79
0 74 79
0 75 79
0 77 79
0 75 79
0 74 79
0 75 79
0 82 317
0 81 317
79 81 79
0 79 79
0 81 79
0 82 79
0 81 79
0 79 79
0 81 79
0 89 317
0 87 317
79 87 79
0 86 79
0 87 79
0 89 79
0 87 79
0 85 79
0 84 79
0 82 317
0 81 317
79 87 94
63 87 15
63 89 15
63 87 15
63 85 15
63 84 15
63 84 63
0 82 94
63 87 15
63 86 15
63 89 15
63 87 15
63 85 15
63 84 15
63 82 15
63 81 15
63 87 15
63 86 15
63 89 15
63 87 15
63 85 15
63 84 15
63 84 63
0 82 94
63 84 15
63 83 15
63 86 15
63 84 15
63 82 15
63 81 15
63 79 15
63 77 15
63 79 15
63 78 15
63 81 15
63 79 15
63 77 15
63 75 15
63 75 63
0 74 158
0 72 158
0 74 79
79 75 79
79 76 79
79 77 79
0 79 79
0 77 79
0 75 79
0 74 79
0 72 158
0 70 152
6 70 475
0 74 158
0 79 158
0 74 158
0 77 317
0 75 475
0 77 79
0 79 79
0 77 79
0 75 79
0 74 79
0 72 79
0 70 317
0 69 471
4 69 158
0 70 158
0 72 152
6 69 317
0 70 317
158 77 79
0 76 79
0 79 79
0 77 79
0 75 79
0 74 72
6 74 158
0 72 317
0 70 158
0 74 158
0 72 317
0 69 158
0 70 79
0 72 79
0 70 79
0 69 79
0 70 79
0 72 79
0 74 79
0 75 79
0 76 79
0 77 79
0 76 79
0 77 79
0 79 79
0 77 79
0 75 79
0 74 72
6 74 158
0 72 152
6 72 158
0 70 158
0 74 158
0 72 152
6 72 158
0 69 158
0 70 158
0 72 79
0 74 79
0 75 79
0 77 79
0 79 79
0 81 79
0 82 79
0 84 79
0 86 79
0 87 79
0 89 79
79 89 79
79 77 158
0 87 317
0 86 158
0 86 158
0 75 79
79 74 79
79 72 79
79 82 158
158 70 158
475 67 79
0 65 79
0 63 79
0 62 79
0 60 158
0 58 158
0 58 475
0 70 79
79 70 158
0 72 158
0 70 158
0 69 158
0 68 469
6 68 152
6 68 152
6 68 158
0 80 79
0 82 79
0 79 79
0 80 79
0 77 79
0 79 79
0 75 79
0 77 79
0 74 79
0 75 79
0 72 79
0 74 79
0 70 79
0 72 79
0 68 79
0 70 79
0 68 158
0 67 152
6 67 475
0 79 79
79 79 158
0 77 152
6 77 158
0 76 152
6 76 475
0 85 79
79 85 158
0 76 158
0 79 158
0 77 152
6 77 475
0 78 158
0 79 158
0 75 158
0 73 158
0 74 152
6 74 317
158 77 158
0 79 79
0 77 79
0 75 79
0 74 79
0 72 475
0 69 158
0 70 39
39 77 94
63 77 15
63 79 15
63 77 15
63 75 15
63 74 15
63 72 15
63 72 63
79 72 317
0 69 158
0 70 39
39 77 94
63 77 15
63 79 15
63 77 15
63 75 15
63 74 15
63 74 56
6 74 158
0 72 158
158 72 158
0 72 158
0 70 158
158 70 158
0 69 79
0 70 79
0 69 79
0 65 79
0 70 79
0 72 79
0 70 79
0 65 79
0 72 79
0 74 79
0 72 79
0 65 79
0 74 79
0 75 79
0 74 79
0 65 79
0 75 79
79 75 79
237 72 79
79 75 158
0 74 79
79 72 79
79 70 79
79 69 79
0 65 79
0 76 79
0 77 79
0 70 79
0 65 79
0 76 79
0 77 79
0 72 79
0 65 79
0 76 79
0 77 79
0 74 79
0 65 79
0 76 79
0 77 79
0 75 79
79 75 79
237 72 38
237 72 37
1 72 39
0 74 39
0 75 158
0 74 79
79 72 79
79 70 79
79 69 79
0 77 79
0 72 79
0 69 79
0 65 79
0 60 79
0 57 79
0 53 79
634 53 475
0 67 79
0 65 79
0 63 79
79 62 79
79 60 79
79 58 79
79 58 158
0 67 152
6 58 475
0 65 158
0 69 158
0 70 152
6 70 158
0 60 317
0 62 158
0 70 158
0 60 317
0 62 158
0 65 317
0 63 39
0 65 39
0 63 39
0 65 39
0 63 26
0 65 26
0 63 26
0 62 39
0 63 39
0 62 79
79 62 158
0 63 158
0 65 158
0 66 158
0 67 317
0 65 79
0 63 79
0 62 158
0 60 158
0 62 158
0 63 158
0 67 158
0 65 317
0 63 79
0 62 79
0 60 158
0 58 158
0 60 158
0 62 158
0 65 158
0 63 317
0 60 158
0 63 158
0 62 317
0 58 158
0 57 94
63 59 15
63 60 15
63 61 15
63 62 15
63 63 15
63 64 15
63 65 15
63 65 301
317 65 475
0 79 79
0 77 79
0 75 79
79 74 79
79 72 79
79 70 79
79 70 158
0 79 152
6 70 475
0 77 158
0 81 158
0 82 317
0 72 158
0 74 158
0 82 317
0 72 158
0 74 158
0 82 79
79 77 317
0 76 158
0 75 158
0 74 79
79 74 158
0 75 158
0 77 158
0 79 475
0 81 79
0 83 79
0 84 79
0 86 79
0 87 79
0 86 79
0 84 79
0 86 79
0 82 79
0 84 79
0 81 79
0 82 79
0 79 79
0 81 79
0 77 79
0 79 79
0 75 79
0 77 79
0 74 79
0 75 79
0 77 79
0 79 79
0 81 79
0 82 79
0 81 79
0 82 79
0 84 79
0 82 79
0 81 79
0 79 79
0 81 79
0 79 79
0 77 79
0 75 79
0 74 317
0 72 39
0 74 39
0 72 39
0 74 39
0 72 26
0 74 26
0 72 26
0 70 39
0 72 39
0 70 317
0 75 158
0 72 79
79 69 79
79 69 79
79 75 158
0 72 79
79 69 79
79 69 79
79 70 79
79 72 79
79 74 79
79 75 79
79 76 158
0 77 158
0 76 158
0 77 158
0 87 158
0 84 79
79 81 79
79 81 79
79 87 158
0 84 79
79 81 79
79 81 79
79 82 79
79 84 79
79 86 79
79 87 79
79 88 158
0 89 158
0 88 158
0 89 158
0 67 634
0 57 634
0 75 634
0 74 634
0 86 94
63 87 15
63 86 15
63 89 15
63 87 15
63 86 15
63 84 15
63 82 15
63 82 301
0 81 317
158 82 158
0 81 158
0 82 158
158 80 158
0 79 158
0 80 158
158 79 158
0 78 158
0 79 158
158 79 158
0 91 158
0 91 79
237 91 158
0 77 158
0 77 79
237 77 158
0 86 158
0 86 79
237 86 158
0 75 158
0 75 79
237 75 158
0 84 158
0 84 79
237 84 158
0 74 158
0 74 79
237 74 158
0 82 158
0 82 79
79 82 158
0 72 79
396 82 158
0 74 79
396 82 158
0 75 79
396 82 158
0 76 79
396 82 158
0 77 79
79 82 158
0 78 79
79 82 158
0 79 158
0 87 158
0 81 158
0 86 31
0 87 31
0 86 31
0 87 31
0 86 31
0 89 158
0 82 31
0 84 31
0 82 31
0 84 31
0 82 31
0 86 158
0 79 31
0 81 31
0 79 31
0 81 31
2 79 29
0 82 158
0 72 31
0 74 31
0 72 31
0 74 31
0 72 31
0 75 158
0 65 39
39 77 94
63 77 15
63 75 15
63 74 15
63 72 15
63 70 15
63 72 15
63 72 23
0 74 39
0 72 39
0 74 39
0 72 39
0 74 39
0 72 39
0 74 39
0 72 39
0 74 39
0 72 39
0 74 39
0 72 26
0 74 26
0 72 26
0 70 39
0 72 39
0 70 79
79 58 79
0 62 79
0 60 79
0 63 79
0 62 79
0 65 79
0 63 79
79 58 79
0 62 79
0 60 79
0 63 79
0 62 79
0 65 79
0 63 79
79 58 79
0 62 79
0 60 79
0 63 79
0 62 79
0 65 79
0 63 79
0 67 79
0 65 79
0 68 79
0 67 79
0 70 79
0 69 79
0 72 79
0 70 79
0 72 79
0 74 79
0 72 79
0 70 79
0 68 79
0 67 79
0 66 79
0 67 79
0 72 79
0 75 79
0 74 79
0 72 79
0 70 79
0 69 79
0 67 79
0 65 79
0 70 79
0 74 79
0 77 79
0 82 79
79 70 79
79 74 158
0 72 79
79 70 79
79 69 79
79 70 79
79 70 79
0 74 79
0 72 79
0 75 79
0 74 79
0 77 79
0 75 79
79 82 79
0 86 79
0 84 79
0 87 79
0 86 79
0 89 79
0 87 79
79 70 79
0 74 79
0 72 79
0 75 79
0 74 79
0 77 79
0 75 79
0 70 79
0 77 79
0 70 79
0 79 79
0 70 79
0 81 79
0 70 79
0 82 79
0 84 79
0 86 79
0 84 79
0 82 79
0 80 79
0 79 79
0 78 79
0 79 79
0 77 79
0 75 79
0 74 79
0 72 79
0 70 79
0 69 79
0 67 79
0 65 158
0 89 79
79 89 79
79 89 79
79 89 79
0 86 79
0 82 79
0 77 79
0 82 79
0 77 79
0 74 79
0 70 79
0 72 52
0 74 52
0 72 52
0 74 52
0 72 52
0 74 52
0 72 52
0 74 52
0 72 52
0 74 52
0 72 52
0 74 52
0 72 52
0 74 52
0 72 52
0 74 52
0 72 52
0 74 52
0 72 39
0 74 39
0 72 39
0 74 39
0 72 26
0 74 26
0 72 26
0 70 39
0 72 39
0 70 156
2 82 158
158 82 158
0 81 158
0 82 158
0 84 158
0 86 158
0 87 79
0 86 79
0 87 79
0 86 79
0 87 79
0 85 79
0 84 79
0 82 79
0 81 79
0 82 79
0 84 79
0 82 79
0 81 79
0 79 79
0 77 79
0 75 79
0 74 79
79 74 79
237 70 158
0 69 158
0 70 158
0 72 158
0 74 158
0 75 79
79 77 39
0 75 39
0 74 39
0 75 39
0 77 158
0 79 152
6 75 158
0 74 158
158 63 158
0 63 634
0 62 237
