0 65 568
0 69 284
0 72 568
0 69 284
0 70 568
0 79 284
0 77 142
0 76 142
0 76 284
284 77 284
0 69 284
0 74 284
0 67 284
0 72 426
0 69 142
0 65 1136
0 64 35
0 65 35
0 64 71
0 62 142
0 64 284
0 69 284
0 70 284
0 74 284
0 74 142
0 72 142
0 70 142
0 69 142
0 67 142
0 65 142
0 67 284
0 70 71
213 58 284
0 65 284
284 84 213
0 82 71
0 81 71
213 81 71
213 81 213
0 79 71
0 77 71
213 77 71
213 77 284
0 76 71
213 76 71
213 79 71
213 76 284
0 81 284
0 84 71
0 86 71
0 84 71
0 82 71
0 81 71
213 81 71
213 81 71
0 82 71
0 81 71
0 79 71
0 77 71
213 77 71
213 77 71
213 79 284
0 82 71
213 76 284
0 69 284
284 84 284
0 77 284
284 72 284
0 65 284
284 61 284
0 62 426
0 65 71
0 69 71
0 74 71
71 69 71
0 74 71
0 77 71
71 74 71
0 77 71
0 81 71
71 81 142
0 77 142
0 74 71
0 73 23
0 76 23
0 79 23
0 82 426
0 81 78
63 77 7
63 76 7
63 74 7
63 73 7
63 82 7
63 82 419
0 81 78
63 77 7
63 76 7
63 74 7
63 73 7
63 74 7
63 74 419
0 65 71
0 69 71
0 74 71
71 69 71
0 74 71
0 77 71
71 74 71
0 77 71
0 81 71
71 81 142
0 77 142
0 74 142
0 74 426
0 79 78
63 75 7
63 74 7
63 72 7
63 71 7
63 80 7
63 80 419
0 79 78
63 75 7
63 74 7
63 72 7
63 71 7
63 72 7
63 72 348
0 67 71
0 72 71
0 67 71
0 75 71
0 72 71
0 75 71
0 72 71
0 79 71
0 75 71
0 79 71
0 75 71
0 84 142
426 72 355
0 68 71
0 72 71
0 68 71
0 75 71
0 72 71
0 75 71
0 72 71
0 80 71
0 75 71
0 80 71
0 75 71
0 84 142
426 72 355
0 66 71
0 72 71
0 66 71
0 75 71
0 72 71
0 75 71
0 72 71
0 78 71
0 75 71
0 78 71
0 75 71
0 84 284
0 78 213
0 67 23
0 71 23
0 74 23
0 79 568
0 77 76
65 74 5
65 72 5
65 72 65
0 79 568
0 77 76
65 74 5
65 72 5
65 72 65
0 79 426
0 80 76
65 77 5
65 75 5
65 74 5
65 72 5
65 79 5
65 79 65
213 67 71
461 67 35
0 76 71
213 76 71
213 76 71
177 71 35
0 79 426
0 77 142
0 74 284
0 64 142
0 72 142
0 72 426
0 71 142
0 74 568
0 72 284
0 77 426
0 79 35
0 77 35
0 76 35
0 77 23
11 79 142
0 81 139
2 81 142
0 79 142
0 78 142
0 79 142
0 77 142
0 74 142
0 75 142
0 76 142
0 77 142
0 76 142
0 79 142
0 77 142
0 76 142
0 74 142
0 72 142
0 71 142
0 69 142
0 67 142
0 75 142
0 76 142
0 75 142
0 76 142
0 75 142
0 76 142
0 78 142
0 79 142
0 78 142
0 79 142
0 77 142
0 74 142
0 74 142
0 72 142
0 74 142
0 72 142
0 71 142
0 74 142
0 71 426
0 75 142
0 76 284
0 77 426
0 79 35
0 77 35
0 76 35
0 77 23
11 79 142
0 81 142
0 81 142
0 79 142
0 78 142
0 79 142
0 77 142
0 74 142
0 75 142
0 76 142
0 79 142
0 77 142
0 74 142
0 71 142
0 72 142
0 67 142
142 67 71
213 67 71
71 65 71
71 67 71
213 65 71
213 67 71
71 63 71
71 63 71
213 63 71
213 67 71
71 67 71
71 67 71
213 67 71
213 65 71
71 67 71
71 63 71
213 67 71
213 67 71
71 68 71
71 63 71
213 63 71
213 68 71
71 62 71
71 68 71
213 68 71
213 62 71
71 62 71
71 67 71
213 62 71
213 67 71
71 60 71
71 60 71
213 60 71
71 60 71
71 65 71
213 60 71
71 65 71
71 59 71
213 59 71
213 63 71
213 63 71
213 60 71
71 59 142
0 63 147
136 60 5
136 59 5
136 63 5
136 59 5
136 59 136
0 67 147
136 60 5
136 62 5
136 60 5
136 62 5
136 63 5
136 59 5
136 60 5
136 62 5
136 63 5
136 59 5
136 59 136
0 61 147
136 64 5
136 65 5
136 67 5
136 69 5
136 69 278
0 60 284
0 65 284
0 69 568
0 64 284
0 59 142
0 65 142
0 65 284
0 65 284
0 59 568
0 64 284
0 67 142
0 65 142
0 60 284
0 59 284
0 60 142
0 72 130
11 74 130
11 76 130
11 77 130
11 79 130
11 81 284
0 81 284
0 81 284
0 81 426
0 83 71
0 81 71
0 79 284
0 79 142
0 77 142
0 71 284
0 77 284
0 71 568
0 76 284
0 79 142
0 77 142
0 76 284
0 71 284
0 79 71
71 79 71
213 74 71
213 72 71
213 74 71
213 72 71
213 62 71
142 76 71
0 79 71
0 76 71
71 74 71
0 77 71
0 74 71
71 72 71
0 76 71
0 72 71
71 65 71
0 74 71
0 65 71
71 64 71
0 72 71
0 64 71
71 62 71
0 71 71
0 62 71
0 64 284
284 76 35
0 77 35
0 76 35
0 77 35
0 76 23
0 77 23
0 76 23
0 74 35
0 72 35
0 79 568
0 83 35
0 84 35
0 83 35
0 84 35
0 83 23
0 84 23
0 83 23
0 81 35
0 79 35
0 84 568
0 76 70
0 76 35
0 77 35
0 76 23
0 77 23
0 76 23
0 74 35
0 72 35
0 79 142
142 79 142
142 83 35
0 84 35
0 83 35
0 84 35
0 83 23
0 84 23
0 83 23
0 81 35
0 79 35
0 84 71
213 88 426
0 80 142
0 81 71
213 84 426
0 76 142
0 77 35
0 79 35
0 77 35
0 79 35
0 77 23
0 79 23
0 77 23
0 76 35
0 74 35
0 79 71
213 79 71
213 84 71
213 60 71
0 65 568
0 69 284
0 72 568
0 69 284
0 70 568
0 79 284
0 77 142
0 76 140
1 76 284
284 77 284
0 69 284
0 74 284
0 67 284
0 72 426
0 69 142
0 65 1136
0 64 35
0 65 35
0 64 71
0 62 142
0 64 284
0 69 284
0 70 284
0 74 282
1 74 142
0 72 142
0 70 142
0 69 142
0 67 142
0 65 142
0 67 284
0 70 71
213 64 284
0 65 284
284 84 213
0 82 71
0 81 71
213 81 71
213 81 213
0 79 71
0 77 71
213 77 71
213 77 284
0 76 71
213 79 71
213 79 71
213 79 284
0 81 284
0 84 71
0 86 71
0 84 71
0 82 71
0 81 71
213 81 71
213 81 71
0 82 71
0 81 71
0 79 71
0 77 71
213 77 71
213 77 71
213 79 284
0 82 71
213 70 284
0 77 284
284 84 284
0 77 284
284 72 284
0 65 284
284 61 284
0 62 426
0 65 71
0 69 71
0 74 71
71 69 71
0 74 71
0 77 71
71 74 71
0 77 71
0 81 71
71 81 142
0 77 142
0 74 71
0 73 23
0 76 23
0 79 23
0 82 426
0 81 78
63 77 7
63 76 7
63 74 7
63 73 7
63 82 7
63 82 419
0 81 78
63 77 7
63 76 7
63 74 7
63 73 7
63 74 7
63 74 419
0 65 71
0 69 71
0 74 71
71 69 71
0 74 71
0 77 71
71 74 71
0 77 71
0 81 71
71 81 142
0 77 142
0 74 142
0 71 426
0 79 78
63 75 7
63 74 7
63 72 7
63 71 7
63 80 7
63 80 419
0 79 78
63 75 7
63 74 7
63 72 7
63 71 7
63 72 7
63 72 348
0 67 71
0 72 71
0 67 71
0 75 71
0 72 71
0 75 71
0 72 71
0 79 71
0 75 71
0 79 71
0 75 71
0 84 142
426 72 355
0 68 71
0 72 71
0 68 71
0 75 71
0 72 71
0 75 71
0 72 71
0 80 71
0 75 71
0 80 71
0 75 71
0 84 142
426 72 355
0 66 71
0 72 71
0 66 71
0 75 71
0 72 71
0 75 71
0 72 71
0 78 71
0 75 71
0 78 71
0 75 71
0 84 284
0 78 213
0 67 23
0 71 23
0 74 23
0 79 568
0 77 76
65 74 5
65 72 5
65 72 65
0 79 568
0 77 76
65 74 5
65 72 5
65 72 65
0 79 426
0 80 76
65 77 5
65 75 5
65 74 5
65 72 5
65 79 5
65 79 65
213 67 71
461 67 35
0 76 71
213 76 71
213 76 71
177 71 35
0 79 426
0 77 142
0 74 284
0 64 142
0 72 140
0 72 1
0 72 426
0 71 142
0 71 568
0 72 284
0 77 426
0 79 35
0 77 35
0 76 35
0 77 23
11 79 142
0 81 142
0 81 142
0 79 142
0 78 142
0 79 142
0 77 142
0 74 142
0 75 142
0 76 142
0 77 142
0 76 142
0 79 142
0 77 142
0 76 142
0 74 142
0 72 142
0 71 142
0 69 142
0 67 142
0 75 142
0 76 142
0 75 142
0 76 142
0 75 142
0 76 142
0 78 142
0 79 142
0 78 142
0 79 142
0 77 142
0 74 142
0 74 142
0 72 142
0 67 142
0 72 142
0 76 142
0 74 142
0 71 426
0 75 142
0 72 284
0 77 426
0 79 35
0 77 35
0 76 35
0 77 23
11 79 142
0 81 142
0 81 142
0 79 142
0 78 142
0 79 142
0 77 142
0 74 142
0 75 142
0 76 142
0 79 142
0 77 142
0 74 142
0 71 142
0 72 142
0 67 142
142 67 71
213 67 71
71 67 71
71 67 71
213 65 71
213 67 71
71 67 71
71 67 71
213 63 71
213 63 71
71 67 71
71 65 71
213 67 71
213 67 71
71 67 71
71 67 71
213 67 71
213 63 71
71 68 71
71 63 71
213 68 71
213 63 71
71 62 71
71 62 71
213 68 71
213 68 71
71 62 71
71 62 71
213 67 71
213 62 71
71 67 71
71 67 71
213 67 71
71 65 71
71 60 71
213 60 71
71 59 71
71 65 71
213 65 71
213 60 71
213 60 71
213 63 71
71 59 142
0 67 147
136 63 5
136 62 5
136 60 5
136 59 5
136 59 136
0 67 147
136 63 5
136 59 5
136 60 5
136 59 5
136 60 5
136 59 5
136 60 5
136 59 5
136 63 5
136 62 5
136 62 136
0 58 147
136 64 5
136 62 5
136 67 5
136 69 5
136 69 278
0 60 284
0 65 284
0 65 568
0 67 284
0 62 142
0 65 142
0 62 284
0 62 284
0 65 568
0 64 284
0 64 142
0 65 142
0 60 284
0 59 284
0 60 142
0 72 130
11 74 130
11 76 130
11 77 130
11 79 130
11 81 284
0 81 284
0 81 284
0 81 426
0 83 71
0 81 71
0 79 284
0 79 142
0 77 142
0 77 284
0 77 284
0 77 568
0 72 284
0 76 142
0 77 142
0 76 284
0 74 284
0 76 71
71 79 71
213 77 71
213 72 71
213 65 71
213 72 71
213 71 71
142 76 71
0 79 71
0 76 71
71 74 71
0 77 71
0 74 71
71 72 71
0 76 71
0 72 71
71 65 71
0 74 71
0 65 71
71 64 71
0 72 71
0 64 71
71 62 71
0 71 71
0 62 71
0 64 284
284 76 35
0 77 35
0 76 35
0 77 35
0 76 23
0 77 23
0 76 23
0 74 35
0 72 35
0 79 568
0 83 35
0 84 35
0 83 35
0 84 35
0 83 23
0 84 23
0 83 23
0 81 35
0 79 35
0 84 568
0 76 70
0 76 35
0 77 35
0 76 23
0 77 23
0 76 23
0 74 35
0 72 35
0 79 142
142 79 142
142 83 35
0 84 35
0 83 35
0 84 35
0 83 23
0 84 23
0 83 23
0 81 35
0 79 35
0 84 71
213 88 426
0 80 142
0 81 71
213 84 426
0 76 142
0 77 35
0 79 35
0 77 35
0 79 35
0 77 23
0 79 23
0 77 23
0 76 35
0 74 35
0 79 71
213 83 71
213 79 71
213 60 71
497 67 568
0 76 284
0 67 568
0 71 284
0 79 284
0 72 284
0 76 284
0 67 568
0 74 284
0 69 284
0 74 284
0 77 284
0 76 284
0 74 284
0 81 568
0 79 284
0 71 284
0 72 142
0 67 142
0 64 142
0 67 142
0 65 142
0 62 142
0 60 213
0 55 71
0 60 284
0 64 284
0 60 568
0 62 284
0 67 284
0 55 284
0 64 284
0 60 568
0 59 284
0 57 284
0 62 284
0 65 284
0 64 284
0 62 284
0 69 568
0 67 284
0 59 284
0 60 142
0 67 142
142 67 71
213 67 71
71 65 71
71 65 71
213 65 71
213 67 71
71 67 71
71 67 71
213 67 71
213 67 71
71 65 71
71 65 71
213 65 71
213 65 71
71 63 71
71 67 71
213 67 71
213 63 71
71 63 71
71 63 71
213 66 71
213 60 71
71 62 71
71 67 71
213 67 71
213 62 71
71 69 71
71 62 71
213 69 71
213 72 71
71 70 71
71 62 71
213 62 71
213 62 71
71 70 71
71 70 71
213 67 71
213 73 71
71 74 71
71 69 71
213 69 71
213 69 71
71 76 71
71 79 71
213 79 71
213 76 71
71 74 71
71 69 71
213 77 71
213 74 71
71 80 71
71 80 71
213 80 71
213 74 71
71 81 142
0 81 147
136 77 5
136 73 5
136 77 5
136 73 5
136 73 136
0 69 147
136 62 5
136 64 5
136 65 5
136 61 5
136 65 5
136 61 5
136 65 5
136 61 5
136 62 5
136 62 136
0 64 284
568 60 147
136 64 5
136 62 5
136 64 5
136 65 5
136 60 5
136 60 278
568 58 147
136 64 5
136 65 5
136 64 5
136 65 5
136 64 5
136 64 278
568 76 147
136 82 5
136 81 5
136 82 5
136 81 5
136 81 136
0 82 284
568 65 568
0 69 284
0 72 568
0 69 284
0 70 568
0 79 284
0 77 142
0 76 140
1 76 284
284 77 284
0 69 284
0 74 284
0 67 284
0 72 426
0 69 142
0 65 1136
0 64 35
0 65 35
0 64 71
0 62 142
0 64 284
0 69 284
0 70 284
0 74 281
2 74 142
0 72 142
0 70 142
0 69 142
0 67 142
0 65 142
0 67 284
0 70 71
213 58 284
0 65 284
284 84 213
0 82 71
0 81 71
213 81 71
213 81 213
0 79 71
0 77 71
213 77 71
213 77 284
0 76 71
213 76 71
213 79 71
213 76 284
0 81 284
0 84 71
0 86 71
0 84 71
0 82 71
0 81 71
213 81 71
213 81 71
0 82 71
0 81 71
0 79 71
0 77 71
213 77 71
213 77 71
213 79 284
0 82 71
213 76 284
0 69 284
284 84 284
0 77 284
284 72 284
0 65 284
284 61 284
0 62 426
0 65 71
0 69 71
0 74 71
71 69 71
0 74 71
0 77 71
71 74 71
0 77 71
0 81 71
71 81 142
0 77 142
0 74 71
0 73 23
0 76 23
0 79 23
0 82 426
0 81 78
63 77 7
63 76 7
63 74 7
63 73 7
63 82 7
63 82 419
0 81 78
63 77 7
63 76 7
63 74 7
63 73 7
63 74 7
63 74 419
0 65 71
0 69 71
0 74 71
71 69 71
0 74 71
0 77 71
71 74 71
0 77 71
0 81 71
71 81 142
0 77 142
0 74 142
0 74 426
0 79 78
63 75 7
63 74 7
63 72 7
63 71 7
63 80 7
63 80 419
0 79 78
63 75 7
63 74 7
63 72 7
63 71 7
63 72 7
63 72 419
0 63 71
0 67 71
0 72 71
71 67 71
0 72 71
0 75 71
71 72 71
0 75 71
0 79 71
71 79 142
0 75 142
0 72 142
0 72 426
0 77 78
63 73 7
63 72 7
63 70 7
63 69 7
63 78 7
63 78 419
0 77 78
63 73 7
63 72 7
63 70 7
63 69 7
63 70 7
63 70 348
0 65 71
0 70 71
0 65 71
0 73 71
0 70 71
0 73 71
0 70 71
0 77 71
0 73 71
0 77 71
0 73 71
0 82 284
284 69 355
0 65 71
0 69 71
0 65 71
0 72 71
0 69 71
0 72 71
0 69 71
0 77 71
0 72 71
0 77 71
0 72 71
0 81 284
284 68 355
0 65 71
0 68 71
0 65 71
0 74 71
0 68 71
0 74 71
0 68 71
0 77 71
0 74 71
0 77 71
0 74 71
0 80 284
0 77 213
0 72 23
0 76 23
0 79 23
0 84 568
0 82 76
65 79 5
65 77 5
65 77 65
0 84 568
0 82 76
65 79 5
65 77 5
65 77 65
0 72 426
0 73 76
65 70 5
65 68 5
65 67 5
65 65 5
65 72 5
65 72 65
213 60 71
461 60 35
0 69 71
213 69 71
213 69 71
177 64 35
0 72 426
0 70 142
0 67 284
0 57 142
0 65 142
0 65 426
0 64 142
0 67 568
0 65 284
0 70 426
0 72 35
0 70 35
0 69 35
0 70 23
11 72 142
0 74 142
0 74 142
0 72 142
0 71 142
0 72 142
0 70 142
0 67 142
0 68 142
0 69 142
0 70 142
0 69 142
0 72 142
0 70 142
0 69 142
0 67 142
0 65 142
0 64 142
0 62 142
0 60 142
0 68 142
0 69 142
0 68 142
0 69 142
0 68 142
0 69 142
0 71 142
0 72 142
0 71 142
0 72 142
0 82 142
0 79 142
0 79 142
0 77 142
0 79 142
0 77 142
0 76 142
0 79 142
0 76 426
0 80 142
0 81 284
0 82 426
0 84 35
0 82 35
0 81 35
0 82 23
11 84 142
0 86 142
0 86 142
0 84 142
0 83 142
0 84 142
0 82 142
0 79 142
0 80 142
0 81 142
0 84 142
0 82 142
0 79 142
0 76 142
0 77 142
0 72 142
142 72 71
213 72 71
71 70 71
71 72 71
213 70 71
213 72 71
71 68 71
71 68 71
213 68 71
213 72 71
71 72 71
71 72 71
213 72 71
213 70 71
71 72 71
71 68 71
213 72 71
213 72 71
71 73 71
71 68 71
213 68 71
213 73 71
71 67 71
71 73 71
213 73 71
213 67 71
71 67 71
71 72 71
213 67 71
213 72 71
71 65 71
71 65 71
213 65 71
71 65 71
71 70 71
213 65 71
71 70 71
71 64 71
213 64 71
213 68 71
205 68 68
205 65 68
68 64 136
0 68 141
131 65 5
131 64 5
131 68 5
131 64 5
131 64 131
0 72 141
131 65 5
131 67 5
131 65 5
131 67 5
131 68 5
131 64 5
131 65 5
131 67 5
131 68 5
131 64 5
131 64 131
0 66 141
131 69 5
131 70 5
131 72 5
131 74 5
131 74 267
0 65 273
0 70 273
0 74 546
0 69 273
0 64 136
0 70 136
0 70 273
0 70 273
0 64 546
0 69 273
0 72 136
0 70 136
0 65 273
0 64 273
0 65 136
0 77 125
11 79 125
11 81 125
11 82 125
11 84 125
11 86 273
0 86 273
0 86 273
0 86 410
0 88 68
0 86 68
0 84 273
0 84 136
0 82 136
0 76 273
0 82 273
0 76 546
0 81 273
0 84 136
0 82 136
0 81 273
0 76 273
0 84 68
68 84 68
205 79 68
205 77 68
205 79 68
205 77 68
205 67 68
136 81 68
0 84 68
0 81 68
68 79 68
0 82 68
0 79 68
68 77 68
0 81 68
0 77 68
68 70 68
0 79 68
0 70 68
68 69 68
0 77 68
0 69 68
68 67 68
0 76 68
0 67 68
0 69 273
273 69 34
0 70 34
0 69 34
0 70 34
0 69 22
0 70 22
0 69 22
0 67 34
0 65 34
0 72 546
0 76 34
0 77 34
0 76 34
0 77 34
0 76 22
0 77 22
0 76 22
0 74 34
0 72 34
0 77 546
0 81 68
0 81 34
0 82 34
0 81 22
0 82 22
0 81 22
0 79 34
0 77 34
0 84 136
136 84 136
136 88 34
0 89 34
0 88 34
0 89 34
0 88 22
0 89 22
0 88 22
0 86 34
0 84 34
0 89 68
205 81 410
0 73 136
0 74 68
205 77 410
0 69 136
0 70 34
0 72 34
0 70 34
0 72 34
0 70 22
0 72 22
0 70 22
0 69 34
0 67 34
0 72 68
205 72 68
205 77 68
205 65 68
478 67 546
0 76 273
0 67 546
0 71 273
0 79 273
0 72 273
0 76 273
0 67 546
0 74 273
0 69 273
0 74 273
0 77 273
0 76 273
0 74 273
0 81 546
0 79 273
0 71 273
0 72 136
0 67 136
0 64 136
0 67 136
0 65 136
0 62 136
0 60 205
0 55 68
0 60 273
0 64 273
0 60 546
0 62 273
0 67 273
0 55 273
0 64 273
0 60 546
0 59 273
0 57 273
0 62 273
0 65 273
0 64 273
0 62 273
0 69 546
0 67 273
0 59 273
0 60 136
0 67 136
136 67 68
205 67 68
68 65 68
68 65 68
205 65 68
205 67 68
68 67 68
68 67 68
205 67 68
205 67 68
68 65 68
68 65 68
205 65 68
205 65 68
68 63 68
68 67 68
205 67 68
205 63 68
68 63 68
68 63 68
205 66 68
205 60 68
68 62 68
68 67 68
205 67 68
205 62 68
68 69 68
68 62 68
205 69 68
205 72 68
68 70 68
68 62 68
205 62 68
205 62 68
68 70 68
68 70 68
205 67 68
205 73 68
68 74 68
68 69 68
205 69 68
205 69 68
68 76 68
68 79 68
205 79 68
205 76 68
68 74 68
68 69 68
205 77 68
205 74 68
68 80 68
68 80 68
205 80 68
205 74 68
68 81 133
2 81 141
131 77 5
131 73 5
131 77 5
131 73 5
131 73 131
0 69 141
131 62 5
131 64 5
131 65 5
131 61 5
131 65 5
131 61 5
131 65 5
131 61 5
131 62 5
131 62 131
0 64 273
546 60 141
131 64 5
131 62 5
131 64 5
131 65 5
131 60 5
131 60 267
546 58 141
131 64 5
131 65 5
131 64 5
131 65 5
131 64 5
131 64 267
546 76 141
131 82 5
131 81 5
131 82 5
131 81 5
131 81 131
0 82 273
546 65 546
0 69 273
0 72 546
0 69 273
0 70 546
0 79 273
0 77 136
0 76 136
0 76 273
273 77 273
0 69 273
0 74 273
0 67 273
0 72 410
0 69 136
0 65 1093
0 64 34
0 65 34
0 64 68
0 62 136
0 64 273
0 69 273
0 70 273
0 74 273
0 74 136
0 72 136
0 70 136
0 69 136
0 67 136
0 65 136
0 67 273
0 70 68
205 58 273
0 65 273
273 84 205
0 82 68
0 81 68
205 81 68
205 81 205
0 79 68
0 77 68
205 77 68
205 77 273
0 76 68
205 76 68
205 79 68
205 76 273
0 81 273
0 84 68
0 86 68
0 84 68
0 82 68
0 81 68
205 81 68
205 81 68
0 82 68
0 81 68
0 79 68
0 77 68
205 77 68
205 77 68
205 79 273
0 82 68
205 76 273
0 69 273
273 84 273
0 77 273
273 72 273
0 65 273
273 61 273
0 62 410
0 65 68
0 69 68
0 74 68
68 69 68
0 74 68
0 77 68
68 74 68
0 77 68
0 81 68
68 81 136
0 77 136
0 74 68
0 73 22
0 76 22
0 79 22
0 82 410
0 81 74
61 77 6
61 76 6
61 74 6
61 73 6
61 82 6
61 82 403
0 81 74
61 77 6
61 76 6
61 74 6
61 73 6
61 74 6
61 74 403
0 65 68
0 69 68
0 74 68
68 69 68
0 74 68
0 77 68
68 74 68
0 77 68
0 81 68
68 81 136
0 77 136
0 74 136
0 74 410
0 79 74
61 75 6
61 74 6
61 72 6
61 71 6
61 80 6
61 80 403
0 79 74
61 75 6
61 74 6
61 72 6
61 71 6
61 72 6
61 72 403
0 63 68
0 67 68
0 72 68
68 67 68
0 72 68
0 75 68
68 72 68
0 75 68
0 79 68
68 79 136
0 75 136
0 72 136
0 72 410
0 77 74
61 73 6
61 72 6
61 70 6
61 69 6
61 78 6
61 78 403
0 77 74
61 73 6
61 72 6
61 70 6
61 69 6
61 70 6
61 70 334
0 65 68
0 70 68
0 65 68
0 73 68
0 70 68
0 73 68
0 70 68
0 77 68
0 73 68
0 77 68
0 73 68
0 82 273
273 69 341
0 65 68
0 69 68
0 65 68
0 72 68
0 69 68
0 72 68
0 69 68
0 77 68
0 72 68
0 77 68
0 72 68
0 81 273
273 68 341
0 65 68
0 68 68
0 65 68
0 74 68
0 68 68
0 74 68
0 68 68
0 77 68
0 74 68
0 77 68
0 74 68
0 80 273
0 77 205
0 72 22
0 76 22
0 79 22
0 84 546
0 82 73
62 79 5
62 77 5
62 77 62
0 84 546
0 82 73
62 79 5
62 77 5
62 77 62
0 72 410
0 73 73
62 70 5
62 68 5
62 67 5
62 65 5
62 72 5
62 72 62
205 60 68
444 60 34
0 69 68
205 69 68
205 69 68
170 64 34
0 72 410
0 70 136
0 67 273
0 57 136
0 65 136
0 65 410
0 64 136
0 67 546
0 65 273
0 70 410
0 72 34
0 70 34
0 69 34
0 70 22
11 72 136
0 74 136
0 74 136
0 72 136
0 71 136
0 72 136
0 70 136
0 67 136
0 68 136
0 69 136
0 70 136
0 69 136
0 72 136
0 70 136
0 69 136
0 67 136
0 65 136
0 64 136
0 62 136
0 60 136
0 68 136
0 69 136
0 68 136
0 69 136
0 68 136
0 69 136
0 71 136
0 72 136
0 71 136
0 72 136
0 82 136
0 79 136
0 79 136
0 77 136
0 79 136
0 77 136
0 76 136
0 79 136
0 76 410
0 80 136
0 81 273
0 82 410
0 84 34
0 82 34
0 81 34
0 82 22
11 84 136
0 86 136
0 86 136
0 84 136
0 83 136
0 84 136
0 82 136
0 79 136
0 80 136
0 81 136
0 84 136
0 82 136
0 79 136
0 76 136
0 77 136
0 72 136
136 72 68
205 72 68
68 70 68
68 72 68
205 70 68
205 72 68
68 68 68
68 68 68
205 68 68
205 72 68
68 72 68
68 72 68
205 72 68
205 70 68
68 72 68
68 68 68
205 72 68
205 72 68
68 73 68
68 68 68
205 68 68
205 73 68
68 67 68
68 73 68
205 73 68
205 67 68
68 67 68
68 72 68
205 67 68
205 72 68
68 65 68
68 65 68
205 65 68
68 65 68
68 70 68
205 65 68
68 70 68
68 64 68
205 64 68
205 68 68
205 68 68
205 65 68
68 64 136
0 68 141
131 65 5
131 64 5
131 68 5
131 64 5
131 64 131
0 72 141
131 65 5
131 67 5
131 65 5
131 67 5
131 68 5
131 64 5
131 65 5
131 67 5
131 68 5
131 64 5
131 64 131
0 66 141
131 69 5
131 70 5
131 72 5
131 74 5
131 74 267
0 65 273
0 70 273
0 74 546
0 69 273
0 64 136
0 70 136
0 70 273
0 70 273
0 64 546
0 69 273
0 72 136
0 70 136
0 65 273
0 64 273
0 65 136
0 77 125
11 79 125
11 81 125
11 82 125
11 84 125
11 86 273
0 86 273
0 86 273
0 86 410
0 88 68
0 86 68
0 84 273
0 84 136
0 82 136
0 76 273
0 82 273
0 76 546
0 81 273
0 84 136
0 82 136
0 81 273
0 76 273
0 84 68
68 84 68
205 79 68
205 77 68
205 79 68
205 77 68
205 67 68
136 81 68
0 84 68
0 81 68
68 79 68
0 82 68
0 79 68
68 77 68
0 81 68
0 77 68
68 70 68
0 79 68
0 70 68
68 69 68
0 77 68
0 69 68
68 67 68
0 76 68
0 67 68
0 69 273
273 69 34
0 70 34
0 69 34
0 70 34
0 69 22
0 70 22
0 69 22
0 67 34
0 65 34
0 72 546
0 76 34
0 77 34
0 76 34
0 77 34
0 76 22
0 77 22
0 76 22
0 74 34
0 72 34
0 77 580
0 82 34
0 81 34
0 82 34
0 81 22
0 82 22
0 81 22
0 79 34
0 77 34
0 84 136
136 84 136
136 88 34
0 89 34
0 88 34
0 89 34
0 88 22
0 89 22
0 88 22
0 86 34
0 84 34
0 89 68
205 81 410
0 73 136
0 74 68
205 77 410
0 69 136
0 70 34
0 72 34
0 70 34
0 72 34
0 70 22
0 72 22
0 70 22
0 69 34
0 67 34
0 72 68
205 72 68
205 77 68
205 65 68
