267 71 66
0 69 66
0 68 66
0 69 66
0 72 66
200 74 66
0 72 66
0 71 66
0 72 66
0 76 66
200 77 66
0 76 66
0 75 66
0 76 66
0 83 66
0 81 66
0 80 66
0 81 66
0 83 66
0 81 66
0 80 66
0 81 66
0 84 267
0 81 66
66 84 66
33 79 16
0 81 16
0 83 66
66 78 66
66 76 66
66 78 66
33 79 16
0 81 16
0 83 66
66 78 66
66 76 66
66 78 66
33 79 16
0 81 32
0 81 50
66 78 66
66 76 66
66 75 66
66 76 250
16 71 66
0 69 66
0 68 66
0 69 66
0 72 66
200 74 66
0 72 66
0 71 66
0 72 66
0 76 66
200 77 66
0 76 66
0 75 66
0 76 66
0 83 66
0 81 66
0 80 66
0 81 66
0 83 66
0 81 66
0 80 66
0 81 66
0 84 267
0 81 66
66 84 66
33 79 16
0 81 16
0 83 66
66 78 66
66 76 66
66 78 66
33 79 16
0 81 16
0 83 66
66 78 66
66 76 66
66 78 66
33 79 16
0 81 32
0 81 50
66 78 66
66 76 66
66 75 66
66 76 250
16 72 66
66 74 66
66 76 66
66 76 66
66 81 66
0 79 66
0 77 66
0 76 66
0 74 133
0 67 133
0 72 66
66 74 66
66 76 66
66 76 66
66 81 66
0 79 66
0 77 66
0 76 66
0 74 267
0 69 66
66 71 66
66 72 66
66 72 66
66 77 66
0 76 66
0 74 66
0 72 66
0 71 133
0 64 133
0 69 66
66 71 66
66 72 66
66 72 66
66 77 66
0 76 66
0 74 66
0 72 66
0 71 267
0 71 66
0 69 66
0 68 66
0 69 66
0 72 66
200 74 66
0 72 66
0 71 66
0 72 66
0 76 66
200 77 66
0 76 66
0 75 66
0 76 66
0 83 66
0 81 66
0 80 66
0 81 66
0 83 66
0 81 66
0 80 66
0 81 66
0 84 267
0 81 66
66 83 66
66 84 66
66 83 66
66 81 66
66 80 66
66 81 66
66 76 66
68 77 66
64 74 66
66 72 267
0 71 33
0 72 33
0 71 33
0 72 33
0 71 2
20 72 22
0 71 22
0 69 33
0 71 33
0 69 250
16 72 66
66 74 66
66 76 66
66 76 66
66 81 66
0 79 66
0 77 66
0 76 66
0 74 133
0 67 133
0 72 66
66 74 66
66 76 66
66 76 66
66 81 66
0 79 66
0 77 66
0 76 66
0 74 267
0 69 66
66 71 66
66 72 66
66 72 66
66 77 66
0 76 66
0 74 66
0 72 66
0 71 133
0 64 133
0 69 66
66 71 66
66 72 66
66 72 66
66 77 66
0 76 66
0 74 66
0 72 66
0 71 267
0 71 66
0 69 66
0 68 66
0 69 66
0 72 66
200 74 66
0 72 66
0 71 66
0 72 66
0 76 66
200 77 66
0 76 66
0 75 66
0 76 66
0 83 66
0 81 66
0 80 66
0 81 66
0 83 66
0 81 66
0 80 66
0 81 66
0 84 267
0 81 66
66 83 66
66 84 66
66 83 66
66 81 66
66 80 66
66 81 66
66 76 66
68 77 66
64 74 66
66 72 267
0 71 33
0 72 33
0 71 33
0 72 33
0 71 2
20 72 22
0 71 22
0 69 33
0 71 33
0 69 250
16 69 66
66 71 66
66 73 267
0 69 66
66 71 66
66 73 66
66 71 66
66 69 66
66 68 66
66 66 66
66 68 66
66 69 66
66 71 66
66 68 133
0 64 66
66 69 66
66 71 66
66 73 267
0 69 66
66 71 66
66 73 66
66 71 66
66 69 66
66 68 66
66 66 66
66 71 66
66 68 66
66 64 66
66 69 250
16 69 66
66 71 66
66 73 267
0 69 66
66 71 66
66 73 66
66 71 66
66 69 66
66 68 66
66 66 66
66 68 66
66 69 66
66 71 66
66 68 133
0 64 66
66 69 66
66 71 66
66 73 267
0 69 66
66 71 66
66 73 66
66 71 66
66 69 66
66 68 66
66 66 66
66 71 66
66 68 66
66 64 66
66 69 250
16 85 72
60 85 6
60 83 6
60 81 6
60 83 6
60 81 6
60 80 6
60 78 6
60 81 6
60 80 6
60 78 6
60 77 6
60 78 6
60 80 6
60 77 6
60 73 6
60 75 6
60 77 6
60 73 6
60 78 6
60 77 6
60 78 6
60 80 6
60 81 6
60 80 6
60 81 6
60 83 6
60 85 6
60 84 6
60 85 6
60 84 6
60 84 60
0 85 72
60 85 6
60 83 6
60 81 6
60 83 6
60 81 6
60 80 6
60 78 6
60 81 6
60 80 6
60 78 6
60 76 6
60 78 6
60 80 6
60 76 6
60 73 6
60 75 6
60 76 6
60 73 6
60 75 6
60 76 6
60 78 6
60 75 6
60 72 6
60 73 6
60 75 6
60 72 6
60 73 6
60 73 243
16 85 72
60 85 6
60 83 6
60 81 6
60 83 6
60 81 6
60 80 6
60 78 6
60 81 6
60 80 6
60 78 6
60 77 6
60 78 6
60 80 6
60 77 6
60 73 6
60 75 6
60 77 6
60 73 6
60 78 6
60 77 6
60 78 6
60 80 6
60 81 6
60 80 6
60 81 6
60 83 6
60 85 6
60 84 6
60 85 6
60 84 6
60 84 60
0 85 72
60 85 6
60 83 6
60 81 6
60 83 6
60 81 6
60 80 6
60 78 6
60 81 6
60 80 6
60 78 6
60 76 6
60 78 6
60 80 6
60 76 6
60 73 6
60 75 6
60 76 6
60 73 6
60 75 6
60 76 6
60 78 6
60 75 6
60 72 6
60 73 6
60 75 6
60 72 6
60 73 6
60 73 243
16 76 72
60 73 6
60 71 6
60 69 6
60 71 6
60 73 6
60 74 6
60 76 6
60 78 6
60 80 6
60 81 6
60 81 57
2 81 72
60 78 6
60 76 6
60 76 57
2 76 72
60 73 6
60 71 6
60 69 6
60 71 6
60 73 6
60 74 6
60 76 6
60 78 6
60 80 6
60 81 6
60 81 60
0 82 133
0 83 73
60 76 72
60 73 6
60 71 6
60 69 6
60 71 6
60 73 6
60 74 6
60 76 6
60 78 6
60 80 6
60 81 6
60 81 57
2 81 72
60 78 6
60 76 6
60 76 57
2 76 72
60 73 6
60 71 6
60 73 6
60 76 6
60 69 6
60 73 6
60 71 6
60 74 6
60 68 6
60 71 6
60 71 60
0 69 200
66 85 72
60 85 6
60 83 6
60 81 6
60 83 6
60 81 6
60 80 6
60 78 6
60 81 6
60 80 6
60 78 6
60 77 6
60 78 6
60 80 6
60 77 6
60 73 6
60 75 6
60 77 6
60 73 6
60 78 6
60 77 6
60 78 6
60 80 6
60 81 6
60 80 6
60 81 6
60 83 6
60 85 6
60 84 6
60 85 6
60 84 6
60 84 60
0 85 72
60 85 6
60 82 6
60 86 6
60 85 6
60 86 6
60 85 6
60 86 6
60 85 6
60 86 6
60 85 6
60 86 6
60 85 6
60 83 6
60 81 6
60 80 6
60 81 6
60 83 6
60 80 6
60 81 6
60 83 6
60 85 6
60 78 6
60 77 6
60 78 6
60 80 6
60 77 6
60 78 6
60 78 243
16 76 72
60 73 6
60 71 6
60 69 6
60 71 6
60 73 6
60 74 6
60 76 6
60 78 6
60 80 6
60 81 6
60 81 57
2 81 72
60 78 6
60 76 6
60 76 57
2 76 72
60 73 6
60 71 6
60 69 6
60 71 6
60 73 6
60 74 6
60 76 6
60 78 6
60 80 6
60 81 6
60 81 60
0 82 133
0 83 73
60 76 72
60 73 6
60 71 6
60 69 6
60 71 6
60 73 6
60 74 6
60 76 6
60 78 6
60 80 6
60 81 6
60 81 57
2 81 72
60 78 6
60 76 6
60 76 57
2 76 72
60 73 6
60 71 6
60 73 6
60 76 6
60 69 6
60 73 6
60 71 6
60 74 6
60 68 6
60 71 6
60 71 60
0 69 200
66 85 72
60 85 6
60 83 6
60 81 6
60 83 6
60 81 6
60 80 6
60 78 6
60 81 6
60 80 6
60 78 6
60 77 6
60 78 6
60 80 6
60 77 6
60 73 6
60 75 6
60 77 6
60 73 6
60 78 6
60 77 6
60 78 6
60 80 6
60 81 6
60 80 6
60 81 6
60 83 6
60 85 6
60 84 6
60 85 6
60 84 6
60 84 60
0 85 72
60 85 6
60 82 6
60 86 6
60 85 6
60 86 6
60 85 6
60 86 6
60 85 6
60 86 6
60 85 6
60 86 6
60 85 6
60 83 6
60 81 6
60 80 6
60 81 6
60 83 6
60 80 6
60 81 6
60 83 6
60 85 6
60 78 6
60 77 6
60 78 6
60 80 6
60 77 6
60 78 6
60 78 243
16 69 66
66 71 66
66 73 267
0 69 66
66 71 66
66 73 66
66 71 66
66 69 66
66 68 66
66 66 66
66 68 66
66 69 66
66 71 66
66 68 133
0 64 66
66 69 66
66 71 66
66 73 267
0 69 66
66 71 66
66 73 66
66 71 66
66 69 66
66 68 66
66 66 66
66 71 66
66 68 66
66 64 66
66 69 250
16 69 66
66 71 66
66 73 267
0 69 66
66 71 66
66 73 66
66 71 66
66 69 66
66 68 66
66 66 66
66 68 66
66 69 66
66 71 66
66 68 133
0 64 66
66 69 66
66 71 66
66 73 267
0 69 66
66 71 66
66 73 66
66 71 66
66 69 66
66 68 66
66 66 66
66 71 66
66 68 66
66 64 66
66 69 250
16 71 66
0 69 66
0 68 66
0 69 66
0 72 66
200 74 66
0 72 66
0 71 66
0 72 66
0 76 66
200 77 66
0 76 66
0 75 66
0 76 66
0 83 66
0 81 66
0 80 66
0 81 66
0 83 66
0 81 66
0 80 66
0 81 66
0 84 267
0 81 66
66 84 66
33 79 16
0 81 16
0 83 66
66 78 66
66 76 66
66 78 66
33 79 16
0 81 16
0 83 66
66 78 66
66 76 66
66 78 66
33 79 16
0 81 32
0 81 50
66 78 66
66 76 66
66 75 66
66 76 250
16 71 66
0 69 66
0 68 66
0 69 66
0 72 66
200 74 66
0 72 66
0 71 66
0 72 66
0 76 66
200 77 66
0 76 66
0 75 66
0 76 66
0 83 66
0 81 66
0 80 66
0 81 66
0 83 66
0 81 66
0 80 66
0 81 66
0 84 267
0 81 66
66 84 66
33 79 16
0 81 16
0 83 66
66 78 66
66 76 66
66 78 66
33 79 16
0 81 16
0 83 66
66 78 66
66 76 66
66 78 66
33 79 16
0 81 32
0 81 50
66 78 66
66 76 66
66 75 66
66 76 250
16 72 66
66 74 66
66 76 66
66 76 66
66 81 66
0 79 66
0 77 66
0 76 66
0 74 133
0 67 133
0 72 66
66 74 66
66 76 66
66 76 66
66 81 66
0 79 66
0 77 66
0 76 66
0 74 267
0 69 66
66 71 66
66 72 66
66 72 66
66 77 66
0 76 66
0 74 66
0 72 66
0 71 133
0 64 133
0 69 66
66 71 66
66 72 66
66 72 66
66 77 66
0 76 66
0 74 66
0 72 66
0 71 267
0 71 66
0 69 66
0 68 66
0 69 66
0 72 66
200 74 66
0 72 66
0 71 66
0 72 66
0 76 66
200 77 66
0 76 66
0 75 66
0 76 66
0 83 66
0 81 66
0 80 66
0 81 66
0 83 66
0 81 66
0 80 66
0 81 66
0 84 267
0 81 66
66 83 66
66 84 66
66 83 66
66 81 66
66 80 66
66 81 66
66 76 66
68 77 66
64 74 66
66 72 267
0 71 33
0 72 33
0 71 33
0 72 33
0 71 2
20 72 22
0 71 22
0 69 33
0 71 33
0 69 250
16 72 66
66 74 66
66 76 66
66 76 66
66 81 66
0 79 66
0 77 66
0 76 66
0 74 133
0 67 133
0 72 66
66 74 66
66 76 66
66 76 66
66 81 66
0 79 66
0 77 66
0 76 66
0 74 267
0 69 66
66 71 66
66 72 66
66 72 66
66 77 66
0 76 66
0 74 66
0 72 66
0 71 133
0 64 133
0 69 66
66 71 66
66 72 66
66 72 66
66 77 66
0 76 66
0 74 66
0 72 66
0 71 267
0 71 66
0 69 66
0 68 66
0 69 66
0 72 66
200 74 66
0 72 66
0 71 66
0 72 66
0 76 66
200 77 66
0 76 66
0 75 66
0 76 66
0 83 66
0 81 66
0 80 66
0 81 66
0 83 66
0 81 66
0 80 66
0 81 66
0 84 267
0 81 66
66 83 66
66 84 66
66 83 66
66 81 66
66 80 66
66 81 66
66 76 66
68 77 66
64 74 66
66 72 267
0 71 33
0 72 33
0 71 33
0 72 33
0 71 2
20 72 22
0 71 22
0 69 33
0 71 33
0 69 250
16 69 66
0 81 66
0 71 66
0 83 66
0 73 66
0 85 66
133 69 66
0 81 66
0 71 66
0 83 66
0 73 66
0 85 66
0 71 66
0 83 66
0 69 66
0 81 66
0 68 66
0 80 66
0 66 66
0 78 66
0 68 66
0 80 66
0 69 66
0 81 66
0 71 66
0 83 66
0 68 66
0 80 66
0 64 66
0 76 66
0 69 66
0 81 66
0 71 66
0 83 66
0 73 66
0 85 66
133 69 66
0 81 66
0 71 66
0 83 66
0 73 66
0 85 66
0 71 66
0 83 66
0 69 66
0 81 66
0 68 66
0 80 66
0 66 66
0 78 66
0 71 66
0 83 66
0 68 66
0 80 66
0 64 66
0 76 66
0 69 250
16 69 66
0 81 66
0 71 66
0 83 66
0 73 66
0 85 66
133 69 66
0 81 66
0 71 66
0 83 66
0 73 66
0 85 66
0 71 66
0 83 66
0 69 66
0 81 66
0 68 66
0 80 66
0 66 66
0 78 66
0 68 66
0 80 66
0 69 66
0 81 66
0 71 66
0 83 66
0 68 66
0 80 66
0 64 66
0 76 66
0 69 66
0 81 66
0 71 66
0 83 66
0 73 66
0 85 66
133 69 66
0 81 66
0 71 66
0 83 66
0 73 66
0 85 66
0 71 66
0 83 66
0 69 66
0 81 66
0 68 66
0 80 66
0 66 66
0 78 66
0 71 66
0 83 66
0 68 66
0 80 66
0 64 66
0 76 66
0 69 267
0 85 200
0 85 50
0 73 15
0 85 267
250 73 15
0 85 267
0 85 267
0 86 66
0 85 66
0 83 33
33 85 33
33 86 66
0 85 66
0 83 33
33 85 33
33 78 533
0 76 33
83 86 16
0 76 33
83 86 16
0 76 33
83 86 16
0 76 33
100 76 467
0 88 50
0 73 15
0 85 267
250 73 15
0 85 267
0 85 267
0 86 66
0 85 66
0 83 33
33 85 33
33 86 66
0 85 66
0 83 33
33 85 33
33 78 533
0 76 533
0 76 33
83 85 16
0 76 33
83 85 16
0 76 33
83 85 16
0 76 33
100 81 233
0 76 16
0 81 16
0 85 200
0 85 33
0 76 16
0 81 16
0 85 500
0 76 16
0 81 16
0 85 534
0 86 66
0 85 66
0 83 33
33 85 33
33 86 66
0 85 66
0 83 33
33 85 33
33 86 533
0 85 33
83 86 16
0 85 33
83 86 16
0 85 33
83 86 16
0 85 33
100 83 467
0 88 50
0 73 282
250 73 15
0 85 267
0 85 267
0 86 66
0 85 66
0 83 33
33 85 33
33 86 66
0 85 66
0 83 33
33 85 33
33 78 533
0 76 533
0 76 33
83 85 16
0 76 33
83 85 16
0 76 33
83 85 16
0 76 33
100 69 400
0 73 33
100 69 400
0 73 33
100 69 400
0 73 33
100 69 66
66 73 66
66 69 66
66 73 66
66 69 267
0 69 267
0 69 267
