0 70 1080
0 74 270
0 75 90
0 74 90
0 72 90
0 74 270
0 75 270
0 76 810
0 77 270
0 72 270
810 75 270
0 77 90
0 75 90
0 74 90
0 75 270
0 77 270
0 79 270
0 81 90
0 79 90
0 77 90
0 79 270
0 81 263
6 81 810
0 82 270
0 77 270
810 79 810
0 80 135
0 79 135
0 77 270
0 75 270
0 74 270
0 72 270
0 76 270
0 77 540
0 79 135
0 77 135
0 75 270
0 74 216
54 72 216
54 70 216
54 77 270
0 75 540
0 72 270
0 75 270
0 74 540
0 70 270
0 74 810
0 75 135
0 74 135
0 72 270
0 77 270
0 75 270
0 72 270
0 70 270
0 72 90
0 70 90
0 69 90
0 70 270
0 72 270
0 73 270
0 75 90
0 73 90
0 72 90
0 73 270
0 75 270
0 76 810
0 77 270
0 72 270
810 75 270
0 77 90
0 75 90
0 74 90
0 75 270
0 77 270
0 78 270
0 80 90
0 78 90
0 77 90
0 78 270
0 80 270
0 81 810
0 82 270
0 77 270
675 76 135
0 85 1350
0 84 135
0 82 135
0 80 135
0 79 135
0 77 135
0 76 135
0 79 540
0 77 810
0 75 540
0 73 270
0 72 270
0 73 90
0 72 90
0 70 90
0 72 270
0 73 270
0 65 540
0 68 270
0 67 270
0 65 1080
1080 70 540
540 67 270
270 64 270
270 72 405
0 69 135
0 72 270
1350 70 540
540 67 270
270 64 270
270 72 405
0 69 135
0 72 270
270 77 270
0 79 270
0 74 243
27 73 243
27 77 270
0 72 270
0 70 243
27 73 243
27 70 270
0 69 270
0 67 243
27 69 243
27 62 1080
0 70 270
0 70 135
0 72 33
0 70 33
0 69 33
0 70 33
0 72 270
0 74 270
0 72 180
0 70 180
0 69 180
0 67 180
0 70 180
0 74 180
0 65 540
0 64 540
0 67 405
0 68 135
0 69 540
1080 70 540
540 67 270
270 64 270
270 72 405
0 69 135
0 72 270
1350 70 540
540 67 270
270 64 270
270 72 405
0 77 135
0 72 270
270 81 270
0 76 270
0 74 243
27 73 243
27 74 270
0 72 270
0 70 243
27 73 243
27 70 270
0 72 270
0 70 243
27 66 243
27 69 1080
0 67 270
0 67 135
0 72 33
0 70 33
0 69 33
0 70 33
0 72 270
0 74 270
0 72 180
0 77 180
0 69 180
0 67 180
0 70 180
0 74 180
0 65 540
0 64 506
0 69 33
0 81 742
0 77 67
0 77 54
0 79 54
0 77 54
0 76 54
0 77 54
0 70 66
0 70 675
0 79 67
0 79 54
0 81 54
0 79 54
0 78 54
0 79 54
0 84 405
0 81 135
0 77 810
0 75 270
0 74 270
0 73 270
0 74 270
0 76 67
67 78 67
67 79 67
67 81 67
67 82 67
67 85 146
67 85 56
67 84 146
67 84 56
67 81 146
67 81 56
67 77 146
67 77 56
67 74 135
0 72 540
0 84 720
0 81 180
0 77 180
0 72 135
0 69 135
0 77 135
67 65 67
0 67 57
0 69 56
0 67 57
0 67 56
0 67 56
0 69 57
0 67 56
0 69 57
0 69 56
0 69 56
0 67 57
0 69 56
0 67 57
0 67 56
0 67 56
0 69 57
0 67 56
0 69 57
0 69 56
0 69 56
0 67 57
0 69 56
0 67 57
45 67 11
45 67 56
0 69 67
0 67 67
0 69 67
0 67 67
0 69 67
0 67 67
0 69 67
0 67 90
0 65 90
0 67 90
0 65 540
202 77 67
0 77 54
0 79 54
0 77 54
0 76 54
0 77 54
0 84 270
0 82 270
0 81 270
0 79 270
0 79 270
0 77 270
202 77 67
0 77 54
0 79 54
0 77 54
0 76 54
0 77 54
0 84 270
0 82 270
0 81 270
0 79 270
0 79 270
0 77 270
0 77 270
270 77 270
270 77 270
270 77 1080
0 76 146
123 79 11
123 77 11
123 77 118
5 77 146
123 74 11
123 72 11
123 72 123
0 70 270
0 72 90
0 70 90
0 69 90
0 70 270
0 72 270
0 74 270
0 75 90
0 74 90
0 72 90
0 74 270
0 75 270
0 76 810
0 77 270
0 72 270
810 75 270
0 77 90
0 75 90
0 74 90
0 75 270
0 77 270
0 79 270
0 81 90
0 79 90
0 77 90
0 79 270
0 81 258
11 81 810
0 82 270
0 77 270
810 78 270
0 79 540
0 80 135
0 79 135
0 77 270
0 75 216
54 74 216
54 72 216
54 79 270
0 77 540
0 79 135
0 77 123
11 77 135
0 75 123
11 75 135
0 74 123
11 74 135
0 72 123
11 72 135
0 70 123
11 77 67
67 76 67
67 75 540
0 72 270
0 75 67
67 73 67
67 74 540
0 70 270
0 74 810
0 75 135
0 74 135
0 72 135
45 77 135
45 75 135
45 75 135
0 74 135
0 75 135
0 72 135
0 70 270
0 72 90
0 70 90
0 69 90
0 70 270
0 72 270
0 73 270
0 75 90
0 73 90
0 72 90
0 73 270
0 75 270
0 76 810
0 77 270
0 72 270
810 63 616
1 65 76
0 63 77
0 63 76
0 63 76
0 64 77
0 64 77
0 66 67
0 67 67
0 68 67
0 69 67
0 70 67
0 71 67
0 72 67
0 73 67
0 74 67
0 75 67
0 76 67
0 77 67
0 78 67
0 79 67
0 80 67
0 81 67
0 81 270
0 82 90
0 81 90
0 79 90
0 81 270
0 82 270
0 77 270
675 76 135
0 85 1350
0 84 135
0 82 135
0 80 135
0 79 135
0 77 135
0 76 135
0 79 540
0 77 810
0 76 270
0 75 180
0 74 180
0 73 180
0 72 270
0 73 90
0 72 90
0 70 90
0 72 270
0 73 270
0 65 540
0 68 270
0 67 270
0 65 267
1892 75 540
540 72 270
270 69 270
270 77 405
0 74 135
0 77 270
1350 77 270
0 75 270
540 74 270
0 72 135
135 70 270
0 69 135
135 77 405
0 74 135
0 77 270
270 86 270
0 81 270
0 82 243
27 78 243
27 82 270
0 81 270
0 79 243
27 74 243
27 75 270
0 74 270
0 75 243
27 71 243
27 67 1080
0 72 270
0 72 135
0 79 45
0 77 45
0 75 45
0 77 270
0 79 270
0 79 135
0 77 135
0 75 135
0 74 135
0 71 135
0 72 135
0 75 135
0 79 135
0 70 540
0 72 540
0 69 405
0 73 135
0 74 540
1080 77 270
0 75 270
540 74 270
0 72 270
0 70 270
0 69 270
0 77 405
0 74 135
0 77 270
1350 77 67
67 76 67
67 75 270
540 74 67
67 74 135
0 75 135
0 72 135
0 70 67
67 70 135
0 72 135
0 69 135
0 77 135
0 79 45
0 77 45
0 76 45
0 77 135
0 82 135
0 77 270
405 82 270
0 84 270
0 79 270
0 81 270
0 82 270
0 77 270
0 79 270
0 78 270
0 75 270
0 74 270
0 75 270
0 71 123
11 74 1080
0 75 270
0 75 135
0 79 45
0 77 45
0 75 45
0 77 270
0 79 270
0 77 180
0 82 180
0 74 180
0 72 180
0 75 180
0 79 180
0 70 540
0 69 506
0 62 33
0 74 742
0 70 67
0 70 54
0 72 54
0 70 54
0 69 54
0 70 54
0 63 66
0 63 675
0 72 67
0 72 54
0 74 54
0 72 54
0 71 54
0 72 54
0 77 405
0 74 135
0 82 810
0 80 270
0 79 270
0 78 405
0 79 135
0 82 135
0 79 135
0 74 135
0 75 135
0 79 135
0 75 146
0 75 123
0 72 146
0 72 123
0 74 146
0 74 123
0 75 146
0 75 123
0 72 67
0 65 67
0 77 270
0 77 540
0 77 405
0 75 135
0 74 135
0 75 135
0 77 135
0 79 135
0 81 135
0 82 67
0 70 22
0 72 22
0 74 22
0 72 57
0 74 56
0 72 57
0 72 56
0 72 56
0 74 57
0 72 56
0 74 57
0 74 56
0 74 56
0 72 57
0 74 56
0 72 57
0 72 56
0 72 56
0 74 57
0 72 56
0 74 57
0 74 56
0 74 56
0 72 57
0 74 56
0 72 57
45 72 11
45 72 56
0 74 67
0 72 67
0 74 67
0 72 67
0 74 67
0 72 67
0 74 67
0 72 90
0 70 90
0 72 90
0 70 540
202 70 67
0 70 54
0 72 54
0 70 54
0 69 54
0 70 54
0 77 270
0 75 270
0 74 270
0 72 258
11 72 270
0 70 270
202 70 67
0 70 54
0 72 54
0 70 54
0 69 54
0 70 54
0 77 270
0 75 270
0 74 270
0 72 270
0 70 270
270 75 405
0 69 135
0 70 270
270 79 405
0 69 135
0 65 1080
0 62 540
