0 61 44
0 64 44
0 69 624
0 64 356
0 73 178
0 74 89
0 71 89
0 69 178
535 73 178
0 74 89
0 71 89
0 69 356
0 85 178
178 75 356
0 76 535
0 77 163
14 80 178
0 78 178
0 76 178
0 74 178
0 73 178
0 71 178
0 69 178
0 68 178
0 76 178
0 74 178
356 71 178
0 69 178
0 78 178
0 76 178
356 73 178
0 71 178
0 79 178
0 78 178
356 66 356
0 76 178
0 74 178
0 73 178
0 71 178
0 69 178
0 68 178
0 69 356
223 71 44
0 76 44
0 80 44
0 83 1070
0 83 89
0 81 89
0 80 89
0 78 83
5 78 89
0 76 89
0 75 89
0 73 89
0 71 89
0 69 89
0 68 89
0 69 89
0 68 89
0 71 89
0 76 89
0 80 89
0 83 713
0 83 89
0 81 89
0 80 89
0 78 85
3 78 89
0 76 89
0 75 89
0 73 89
0 71 89
0 69 89
0 68 89
0 69 89
0 68 89
0 71 89
0 69 89
0 68 89
0 68 84
5 71 89
0 73 89
0 75 89
0 76 89
0 78 89
0 80 89
0 81 89
0 83 89
0 85 89
0 87 89
0 88 89
0 87 89
0 85 89
0 83 89
0 81 89
0 80 89
0 78 89
0 76 89
0 75 89
0 73 178
89 85 89
0 76 312
0 80 44
0 75 356
0 76 356
713 61 44
0 64 44
0 69 624
0 64 356
0 73 178
0 74 89
0 71 89
0 69 178
535 73 178
0 74 89
0 71 89
0 69 356
0 85 178
178 75 356
0 76 535
0 77 163
14 80 178
0 78 178
0 76 178
0 74 178
0 73 178
0 71 178
0 69 178
0 68 178
0 76 178
0 74 178
356 71 178
0 69 178
0 78 178
0 76 178
356 73 178
0 71 178
0 79 178
0 78 178
356 66 356
0 76 178
0 74 178
0 73 178
0 71 178
0 69 178
0 68 178
0 69 356
223 71 44
0 76 44
0 80 44
0 83 1070
0 83 89
0 81 89
0 80 89
0 78 89
0 78 86
2 76 89
0 75 89
0 73 89
0 71 89
0 69 89
0 68 89
0 69 89
0 68 89
0 71 89
0 76 89
0 80 89
0 83 713
0 83 89
0 81 89
0 80 89
0 78 86
2 78 89
0 76 89
0 75 89
0 73 89
0 71 89
0 69 89
0 68 89
0 69 89
0 68 89
0 71 89
0 69 89
0 68 89
0 68 84
5 71 89
0 73 89
0 75 89
0 76 89
0 78 89
0 80 89
0 81 89
0 83 89
0 85 89
0 87 89
0 88 89
0 87 89
0 85 89
0 83 89
0 81 89
0 80 89
0 78 89
0 76 89
0 75 89
0 73 178
89 85 89
0 76 312
0 80 44
0 75 356
0 76 356
669 64 88
669 64 267
0 66 88
0 66 267
0 67 88
0 67 312
0 71 356
0 70 356
267 70 89
0 73 356
0 71 356
267 71 89
0 74 356
0 73 356
267 73 89
0 76 178
0 74 178
0 77 178
0 76 178
0 79 178
0 77 178
0 69 356
0 68 356
267 68 89
0 71 356
0 69 356
267 69 89
0 72 356
0 71 356
267 71 89
0 74 178
0 72 178
0 71 178
0 69 178
0 81 133
44 81 133
44 83 178
0 81 178
0 79 178
0 77 178
0 76 178
0 75 178
0 84 713
0 75 356
0 76 535
0 78 89
0 76 66
22 76 89
0 74 89
0 73 89
0 71 89
0 61 44
0 64 44
0 69 624
0 64 356
0 73 178
0 74 89
0 71 89
0 69 178
535 73 178
0 74 89
0 71 89
0 69 356
0 85 178
178 75 356
0 76 535
0 77 163
14 80 178
0 78 178
0 76 178
0 74 178
0 73 178
0 71 178
0 69 178
0 68 178
0 76 178
0 74 178
356 71 178
0 69 178
0 78 178
0 76 178
356 71 178
0 69 178
0 81 178
0 79 178
356 79 178
0 78 178
0 76 178
0 74 178
0 73 178
0 71 178
0 76 89
0 78 29
0 76 29
0 74 29
0 76 89
0 78 89
0 69 356
0 68 311
0 73 44
0 76 356
0 76 713
0 76 89
0 74 89
0 73 89
0 71 81
8 71 89
0 69 89
0 68 89
0 66 89
0 64 89
0 62 89
0 61 89
0 62 89
0 61 89
0 64 89
0 69 89
0 73 89
0 76 535
0 88 175
2 88 89
0 86 89
0 85 89
0 83 85
3 83 89
0 81 89
0 80 89
0 78 89
0 76 89
0 74 89
0 73 89
0 74 89
0 73 89
0 76 89
0 74 89
0 73 89
0 74 89
0 76 89
0 78 89
0 80 89
0 81 89
0 83 89
0 85 89
0 86 89
0 88 89
0 86 89
0 85 89
0 83 89
0 81 89
0 80 89
0 78 89
0 76 89
0 74 89
0 73 89
0 71 89
0 69 89
0 78 59
0 80 59
0 78 59
0 77 44
0 78 44
0 80 44
0 81 44
0 69 312
0 73 44
0 68 356
0 69 356
669 64 88
669 64 267
0 66 88
0 66 267
0 67 88
0 67 312
0 71 356
0 70 356
267 70 89
0 73 356
0 71 356
267 71 89
0 74 356
0 73 356
267 73 89
0 76 178
0 74 178
0 77 178
0 76 178
0 79 178
0 77 178
0 69 356
0 68 356
267 68 89
0 71 356
0 69 356
267 69 89
0 72 356
0 71 356
267 71 89
0 74 178
0 72 178
0 71 178
0 69 178
0 81 133
44 81 133
44 83 178
0 81 178
0 79 178
0 77 178
0 76 178
0 75 178
0 84 713
0 75 356
0 76 535
0 78 89
0 76 84
4 76 89
0 74 89
0 73 89
0 71 89
0 61 44
0 64 44
0 69 624
0 64 356
0 73 178
0 74 89
0 71 89
0 69 178
535 73 178
0 74 89
0 71 89
0 69 356
0 85 178
178 75 356
0 76 535
0 77 163
14 80 178
0 78 178
0 76 178
0 74 178
0 73 178
0 71 178
0 69 178
0 68 178
0 76 178
0 74 178
356 71 178
0 69 178
0 78 178
0 76 178
356 71 178
0 69 178
0 81 178
0 79 178
356 79 178
0 78 178
0 76 178
0 74 178
0 73 178
0 71 178
0 76 89
0 78 29
0 76 29
0 74 29
0 76 89
0 78 89
0 69 356
0 68 311
0 73 44
0 76 356
0 76 713
0 76 89
0 74 89
0 73 89
0 71 81
8 71 89
0 69 89
0 68 89
0 66 89
0 64 89
0 62 89
0 61 89
0 62 89
0 61 89
0 64 89
0 69 89
0 73 89
0 76 535
0 88 174
3 88 89
0 86 89
0 85 89
0 83 81
7 83 89
0 81 89
0 80 89
0 78 89
0 76 89
0 74 89
0 73 89
0 74 89
0 73 89
0 76 89
0 74 89
0 73 89
0 74 89
0 76 89
0 78 89
0 80 89
0 81 89
0 83 89
0 85 89
0 86 89
0 88 89
0 86 89
0 85 89
0 83 89
0 81 89
0 80 89
0 78 89
0 76 89
0 74 89
0 73 89
0 71 89
0 69 89
0 78 59
0 80 59
0 78 59
0 77 44
0 78 44
0 80 44
0 81 44
0 69 312
0 73 44
0 71 356
0 69 356
1784 66 178
0 57 178
0 62 178
0 57 178
0 64 178
0 57 178
0 69 178
0 57 178
0 62 178
0 61 178
0 62 178
0 64 178
0 66 178
0 62 178
0 67 178
0 62 178
0 67 178
0 64 178
0 66 178
0 69 178
0 62 178
0 61 178
0 62 178
0 64 178
0 66 178
0 62 178
0 67 178
0 62 178
0 67 178
0 64 178
0 66 178
0 69 178
0 66 178
0 64 178
0 62 178
0 61 178
0 59 178
0 64 178
0 61 178
0 64 178
0 69 178
0 64 178
0 68 178
0 64 178
0 66 178
0 64 178
0 62 178
0 61 178
0 59 178
0 64 178
0 61 178
0 64 178
0 69 178
0 64 178
0 68 178
0 64 178
0 64 178
0 71 178
0 73 178
0 74 178
0 76 178
0 69 178
0 69 178
0 64 178
0 68 178
0 64 178
0 69 178
0 64 178
0 69 178
0 68 178
0 69 178
0 71 178
0 73 178
0 64 178
0 69 178
0 64 178
0 68 178
0 64 178
0 69 178
0 64 178
0 66 178
0 74 178
0 71 178
0 68 178
0 69 178
0 64 178
0 66 178
0 74 178
0 71 178
0 68 178
0 69 178
0 68 178
0 69 178
0 71 178
0 67 178
0 64 178
0 66 178
0 57 178
0 62 178
0 57 178
0 64 178
0 57 178
0 69 178
0 57 178
0 62 178
0 61 178
0 62 178
0 64 178
0 66 178
0 62 178
0 67 178
0 62 178
0 67 178
0 64 178
0 66 178
0 69 178
0 62 178
0 61 178
0 62 178
0 64 178
0 66 178
0 62 178
0 67 178
0 62 178
0 67 178
0 64 178
0 66 178
0 69 178
0 66 178
0 64 178
0 62 178
0 61 178
0 59 178
0 64 178
0 61 178
0 64 178
0 69 178
0 64 178
0 68 178
0 64 178
0 66 178
0 64 178
0 62 178
0 61 178
0 59 178
0 64 178
0 61 178
0 64 178
0 69 178
0 64 178
0 68 178
0 64 178
0 64 178
0 71 178
0 73 178
0 74 178
0 76 178
0 69 178
0 69 178
0 64 178
0 68 178
0 64 178
0 69 178
0 64 178
0 69 178
0 68 178
0 69 178
0 71 178
0 73 178
0 64 178
0 69 178
0 64 178
0 68 178
0 64 178
0 69 178
0 64 178
0 66 178
0 74 178
0 71 178
0 68 178
0 69 178
0 64 178
0 66 178
0 74 178
0 71 178
0 68 178
0 69 178
0 68 178
0 69 178
0 71 178
0 67 178
0 64 178
0 66 178
0 59 178
0 63 178
0 59 178
0 64 178
0 59 178
0 69 178
0 59 178
0 63 178
0 59 178
0 64 178
0 59 178
0 69 178
0 59 178
0 63 178
0 59 178
0 64 178
0 59 178
0 69 356
0 71 160
17 69 160
17 67 160
17 66 160
17 64 321
35 64 321
35 71 321
35 64 321
35 71 160
17 69 160
17 67 160
17 66 160
17 64 321
35 64 321
35 71 321
35 64 321
35 76 133
44 74 133
44 76 133
44 77 133
44 79 356
0 79 535
0 79 178
0 84 356
0 79 356
356 79 356
0 79 535
0 79 178
0 84 356
0 79 356
267 79 89
0 88 356
0 79 356
267 79 89
0 88 356
0 79 356
267 79 89
0 79 178
0 77 178
0 76 178
0 77 178
0 76 178
0 74 178
0 73 178
0 80 178
0 81 178
0 80 178
0 81 178
0 76 178
0 79 178
0 77 178
0 76 178
0 77 178
0 76 178
0 74 178
0 81 178
0 80 178
0 81 178
0 76 178
0 77 178
0 74 178
0 81 178
0 80 178
0 81 178
0 76 178
0 77 178
0 74 178
0 69 178
0 68 178
0 69 178
0 68 178
0 69 178
0 68 178
0 66 178
0 57 178
0 62 178
0 57 178
0 64 178
0 57 178
0 69 178
0 62 178
0 71 178
0 69 178
0 67 178
0 66 178
0 67 178
0 62 178
0 66 178
0 62 178
0 67 178
0 62 178
0 69 178
0 62 178
0 71 178
0 69 178
0 67 178
0 66 178
0 64 178
0 62 178
0 66 178
0 62 178
0 67 178
0 62 178
0 69 178
0 62 178
0 67 178
0 66 178
0 64 178
0 62 178
0 61 178
0 57 178
0 62 178
0 57 178
0 62 178
0 57 178
0 64 178
0 57 178
0 67 178
0 66 178
0 64 178
0 62 178
0 61 178
0 57 178
0 66 178
0 57 178
0 62 178
0 57 178
0 64 178
0 69 178
0 62 178
0 73 178
0 74 178
0 71 178
0 69 178
0 57 178
0 67 178
0 59 178
0 64 178
0 57 178
0 62 178
0 69 81
0 69 96
0 71 178
0 70 178
0 71 178
0 67 178
0 66 178
0 62 178
0 64 178
0 59 178
0 61 178
0 57 178
0 62 178
0 69 178
0 59 178
0 67 89
0 67 89
0 64 178
0 61 178
0 62 178
0 66 178
0 59 178
0 67 89
0 67 89
0 64 178
0 61 178
0 62 178
0 61 178
0 62 178
0 64 178
0 66 178
0 67 178
0 66 178
0 59 178
0 63 178
0 59 178
0 64 178
0 59 178
0 69 178
0 59 178
0 63 178
0 59 178
0 64 178
0 59 178
0 69 178
0 59 178
0 63 178
0 59 178
0 64 178
0 59 178
0 69 356
0 71 160
17 69 160
17 67 160
17 66 160
17 64 321
35 64 321
35 71 321
35 64 321
35 71 160
17 69 160
17 67 160
17 66 160
17 64 321
35 64 321
35 71 321
35 64 321
35 76 133
44 74 133
44 76 133
44 77 133
44 79 356
0 79 535
0 79 178
0 84 356
0 79 356
356 79 356
0 79 535
0 79 178
0 84 356
0 79 356
267 79 89
0 88 356
0 79 356
267 79 89
0 88 356
0 79 356
267 79 89
0 79 178
0 77 178
0 76 178
0 77 178
0 76 178
0 74 178
0 73 178
0 80 178
0 81 178
0 80 178
0 81 178
0 76 178
0 79 178
0 77 178
0 76 178
0 77 178
0 76 178
0 74 178
0 81 178
0 80 178
0 81 178
0 76 178
0 77 178
0 74 178
0 81 178
0 80 178
0 81 178
0 76 178
0 77 178
0 74 178
0 69 178
0 68 178
0 69 178
0 68 178
0 69 178
0 68 178
0 66 178
0 57 178
0 62 178
0 57 178
0 64 178
0 57 178
0 69 178
0 62 178
0 71 178
0 69 178
0 67 178
0 66 178
0 67 178
0 62 178
0 66 178
0 62 178
0 67 178
0 62 178
0 69 178
0 62 178
0 71 178
0 69 178
0 67 178
0 66 178
0 64 178
0 62 178
0 66 178
0 62 178
0 67 178
0 62 178
0 69 178
0 62 178
0 67 178
0 66 178
0 64 178
0 62 178
0 61 178
0 57 178
0 62 178
0 57 178
0 62 178
0 57 178
0 64 178
0 57 178
0 67 178
0 66 178
0 64 178
0 62 178
0 61 178
0 57 178
0 66 178
0 57 178
0 62 178
0 57 178
0 64 178
0 69 178
0 62 178
0 73 178
0 74 178
0 71 178
0 69 178
0 57 178
0 67 178
0 59 178
0 64 178
0 57 178
0 62 178
0 69 81
0 69 96
0 71 178
0 70 178
0 71 178
0 67 178
0 66 178
0 62 178
0 64 178
0 59 178
0 61 178
0 57 178
0 62 178
0 69 178
0 59 178
0 67 89
0 67 89
0 64 178
0 61 178
0 62 178
0 66 178
0 59 178
0 67 89
0 67 89
0 64 178
0 61 178
0 62 356
713 61 44
0 64 44
0 69 624
0 64 356
0 73 178
0 74 89
0 71 89
0 69 178
535 73 178
0 74 89
0 71 89
0 69 356
0 85 178
178 75 356
0 76 535
0 77 163
14 80 178
0 78 178
0 76 178
0 74 178
0 73 178
0 71 178
0 69 178
0 68 178
0 76 178
0 74 178
356 71 178
0 69 178
0 78 178
0 76 178
356 73 178
0 71 178
0 79 178
0 78 178
356 66 356
0 76 178
0 74 178
0 73 178
0 71 178
0 69 178
0 68 178
0 69 356
223 71 44
0 76 44
0 80 44
0 83 1070
0 83 89
0 81 89
0 80 89
0 78 80
8 78 89
0 76 89
0 75 89
0 73 89
0 71 89
0 69 89
0 68 89
0 69 89
0 68 89
0 71 89
0 76 89
0 80 89
0 83 713
0 83 89
0 81 89
0 80 89
0 78 81
7 78 89
0 76 89
0 75 89
0 73 89
0 71 89
0 69 89
0 68 89
0 69 89
0 68 89
0 71 89
0 69 89
0 68 89
0 68 84
5 71 89
0 73 89
0 75 89
0 76 89
0 78 89
0 80 89
0 81 89
0 83 89
0 85 89
0 87 89
0 88 89
0 87 89
0 85 89
0 83 89
0 81 89
0 80 89
0 78 89
0 76 89
0 75 89
0 73 178
89 85 89
0 76 312
0 80 44
0 75 356
0 76 356
669 64 88
669 64 267
0 66 88
0 66 267
0 67 88
0 67 312
0 71 356
0 70 356
267 70 89
0 73 356
0 71 356
267 71 89
0 74 356
0 73 356
267 73 89
0 76 178
0 74 178
0 77 178
0 76 178
0 79 178
0 77 178
0 69 356
0 68 356
267 68 89
0 71 356
0 69 356
267 69 89
0 72 356
0 71 356
267 71 89
0 74 178
0 72 178
0 71 178
0 69 178
0 81 133
44 81 133
44 83 178
0 81 178
0 79 178
0 77 178
0 76 178
0 75 178
0 84 713
0 75 356
0 76 535
0 78 89
0 76 66
22 76 89
0 74 89
0 73 89
0 71 89
0 61 44
0 64 44
0 69 624
0 64 356
0 73 178
0 74 89
0 71 89
0 69 178
535 73 178
0 74 89
0 71 89
0 69 356
0 85 178
178 75 356
0 76 535
0 77 163
14 80 178
0 78 178
0 76 178
0 74 178
0 73 178
0 71 178
0 69 178
0 68 178
0 76 178
0 74 178
356 71 178
0 69 178
0 78 178
0 76 178
356 71 178
0 69 178
0 81 178
0 79 178
356 79 178
0 78 178
0 76 178
0 74 178
0 73 178
0 71 178
0 76 89
0 78 29
0 76 29
0 74 29
0 76 89
0 78 89
0 69 356
0 68 311
0 73 44
0 76 356
0 76 713
0 76 89
0 74 89
0 73 89
0 71 82
6 71 89
0 69 89
0 68 89
0 66 89
0 64 89
0 62 89
0 61 89
0 62 89
0 61 89
0 64 89
0 69 89
0 73 89
0 76 535
0 88 170
8 88 89
0 86 89
0 85 89
0 83 82
6 83 89
0 81 89
0 80 89
0 78 89
0 76 89
0 74 89
0 73 89
0 74 89
0 73 89
0 76 89
0 74 89
0 73 89
0 74 89
0 76 89
0 78 89
0 80 89
0 81 89
0 83 89
0 85 89
0 86 89
0 88 89
0 86 89
0 85 89
0 83 89
0 81 89
0 80 89
0 78 89
0 76 89
0 74 89
0 73 89
0 71 89
0 69 89
0 78 59
0 80 59
0 78 59
0 77 44
0 78 44
0 80 44
0 81 44
0 69 312
0 73 44
0 71 356
0 69 356
