0 77 487
0 70 61
183 70 61
183 75 244
0 79 61
183 69 244
244 72 122
0 70 61
61 74 122
0 72 61
61 75 122
0 74 61
61 77 122
0 75 61
61 74 366
0 75 61
0 74 61
0 72 122
0 74 122
0 75 122
0 76 122
0 77 366
0 75 40
0 74 40
0 72 40
0 70 61
183 70 61
183 75 244
0 79 61
183 69 244
122 69 122
0 70 122
0 74 61
61 67 122
0 72 61
61 70 244
0 69 244
0 70 122
0 65 61
61 67 61
61 69 61
61 70 61
61 72 61
61 74 61
61 75 61
0 77 487
0 70 122
122 70 122
122 75 48
0 77 48
0 75 48
0 74 48
0 75 48
0 79 244
0 69 244
244 72 122
0 70 61
61 74 122
0 72 61
61 75 122
0 74 61
61 77 122
0 75 61
61 74 366
0 75 61
0 74 61
0 72 122
0 74 122
0 75 122
0 76 122
0 77 366
0 75 40
0 74 40
0 72 40
0 70 61
61 70 61
61 70 61
61 70 61
61 75 48
0 77 48
0 75 48
0 74 48
0 75 48
0 79 244
0 69 244
122 81 122
0 82 81
0 77 81
0 74 81
0 79 81
0 75 81
0 72 81
0 77 81
0 74 81
0 70 81
0 75 81
0 72 81
0 69 81
0 70 244
122 65 122
0 70 61
61 69 61
61 70 61
61 72 61
61 74 61
183 74 91
152 70 244
0 75 244
0 72 244
122 65 122
0 72 61
61 70 61
61 72 61
61 74 61
61 75 61
183 67 91
152 72 244
0 77 244
0 70 244
122 70 122
0 74 61
61 72 61
61 74 61
61 76 61
61 77 244
81 77 81
0 79 81
0 81 81
0 79 81
0 77 81
0 76 81
0 74 81
0 72 81
0 70 244
81 76 81
0 77 81
0 79 81
0 77 81
0 76 81
0 74 81
0 72 81
0 70 81
0 69 61
0 72 61
0 70 61
0 69 61
0 70 61
0 72 61
0 74 61
0 76 61
0 77 61
0 79 61
0 81 61
0 82 61
0 84 61
61 69 54
67 69 244
0 67 122
122 79 366
0 76 61
0 72 61
0 77 244
0 78 244
0 79 366
0 76 61
0 72 61
0 77 244
244 79 61
61 79 244
0 76 61
0 72 61
0 77 61
61 77 61
61 78 61
61 78 61
61 79 61
61 79 244
0 76 61
0 72 61
0 77 244
244 78 73
48 81 12
48 79 12
48 77 12
48 76 12
48 74 12
48 72 12
48 77 12
48 77 48
0 72 61
0 81 61
0 77 61
0 84 61
0 81 61
0 84 61
0 81 61
0 84 73
48 81 12
48 79 12
48 77 12
48 75 12
48 74 12
48 72 12
48 74 12
48 74 48
0 70 61
0 77 61
0 74 61
0 82 61
0 77 61
0 86 61
0 82 61
0 86 73
48 82 12
48 81 12
48 79 12
48 77 12
48 76 12
48 74 12
48 72 12
48 72 476
0 79 40
0 81 40
0 79 40
0 81 40
0 79 40
0 81 40
0 79 40
0 81 40
0 79 40
0 77 61
0 79 61
0 81 61
0 82 61
0 84 61
0 82 61
0 81 61
0 79 61
0 77 61
0 76 61
0 77 61
0 79 61
0 81 61
0 79 61
0 77 61
0 75 61
0 74 61
0 73 61
0 74 61
0 76 61
0 77 61
0 76 61
0 74 61
0 72 61
0 70 61
0 69 61
0 67 61
0 69 61
0 70 61
0 69 61
0 67 61
0 65 61
0 64 61
0 62 61
0 60 122
0 62 61
0 64 61
0 65 61
0 67 61
0 69 61
0 70 61
0 72 61
0 74 61
0 76 61
0 77 61
0 79 61
0 81 61
0 82 61
0 84 61
0 77 40
0 79 40
0 81 40
0 79 40
0 81 40
0 79 40
0 81 40
0 79 40
0 81 40
0 79 40
0 81 40
0 79 40
0 81 40
0 79 40
0 81 40
0 79 40
0 81 40
0 79 40
0 81 61
0 79 61
0 77 61
0 79 61
0 77 61
61 77 61
183 77 61
61 77 61
61 77 61
183 77 61
61 77 61
61 77 61
183 77 61
61 77 61
61 77 61
183 77 61
61 77 61
61 77 61
183 77 61
61 77 61
61 77 61
183 77 61
61 77 122
0 81 61
61 81 122
0 84 61
61 84 122
0 87 61
61 87 122
0 84 61
61 84 122
0 81 61
61 81 122
0 77 61
61 77 122
0 76 61
61 76 122
0 77 61
0 77 487
0 70 61
183 70 61
183 75 244
0 79 61
183 69 244
244 72 122
0 70 61
61 74 122
0 72 61
61 75 122
0 74 61
61 77 122
0 75 61
61 74 366
0 75 61
0 74 61
0 72 122
0 74 122
0 75 122
0 76 122
0 77 366
0 75 40
0 74 40
0 72 40
0 70 61
183 70 61
183 75 244
0 79 61
183 69 244
122 69 122
0 70 122
0 74 61
61 67 122
0 72 61
61 70 244
0 69 244
0 70 122
0 65 61
61 67 61
61 69 61
61 70 61
61 72 61
61 74 61
61 75 61
0 77 487
0 70 122
122 70 122
122 75 48
0 77 48
0 75 48
0 74 48
0 75 48
0 79 244
0 69 244
244 72 122
0 70 61
61 74 122
0 72 61
61 75 122
0 74 61
61 77 122
0 75 61
61 74 366
0 75 61
0 74 61
0 72 122
0 74 122
0 75 122
0 76 122
0 77 366
0 75 40
0 74 40
0 72 40
0 70 61
61 70 61
61 70 61
61 70 61
61 75 48
0 77 48
0 75 48
0 74 48
0 75 48
0 79 244
0 69 244
122 81 122
0 82 81
0 77 81
0 74 81
0 79 81
0 75 81
0 72 81
0 77 81
0 74 81
0 70 81
0 75 81
0 72 81
0 69 81
0 70 244
122 65 122
0 70 61
61 69 61
61 70 61
61 72 61
61 74 61
183 70 91
152 70 244
0 72 244
0 72 244
122 65 122
0 72 61
61 70 61
61 72 61
61 74 61
61 75 61
183 67 91
152 75 229
15 77 244
0 74 244
122 70 122
0 74 61
61 72 61
61 74 61
61 75 61
61 77 183
61 77 183
61 77 183
61 77 183
61 78 244
0 74 122
0 75 88
34 75 122
0 74 91
30 74 122
0 72 91
0 72 30
0 70 488
0 73 488
0 74 244
183 62 61
0 74 229
15 74 244
0 82 366
0 81 40
0 79 40
0 78 40
0 79 244
0 74 244
0 75 244
183 67 61
0 79 229
15 79 244
0 87 366
0 86 40
0 84 40
0 83 40
0 84 244
0 75 244
0 74 244
122 73 122
0 74 122
0 82 61
61 81 61
61 79 61
61 78 183
0 79 30
0 81 30
0 79 61
61 79 61
61 85 122
0 86 122
0 82 61
61 79 61
61 78 183
0 79 30
0 81 30
0 79 61
61 74 122
0 79 61
61 79 61
61 79 61
61 79 61
61 79 183
0 81 30
0 82 30
0 81 61
61 79 61
61 77 61
61 75 61
61 74 61
61 73 61
61 73 122
0 74 122
0 74 183
61 74 183
61 74 183
61 73 40
0 74 40
0 75 40
0 74 855
0 77 977
0 62 977
0 55 244
0 55 427
0 58 61
0 62 183
0 58 61
0 63 183
0 58 61
0 65 183
0 58 61
0 67 183
0 58 61
0 68 183
0 58 61
0 65 672
0 58 61
0 64 183
0 58 61
0 65 183
0 58 61
0 67 183
0 58 61
0 68 183
0 58 61
0 70 183
0 58 61
0 67 244
122 70 61
61 75 183
0 77 61
0 79 183
0 70 30
30 72 183
0 74 61
0 75 183
0 67 30
30 68 183
0 70 61
0 72 183
0 68 30
30 67 244
122 70 61
61 75 183
0 77 61
0 79 183
0 71 30
30 72 183
0 74 61
0 75 183
0 67 30
30 68 183
0 70 61
0 72 183
0 68 30
30 67 244
122 67 122
0 70 122
0 69 122
122 69 122
0 72 122
0 70 122
122 71 122
0 74 122
0 72 61
61 75 122
0 74 61
61 77 122
0 75 61
61 77 122
0 76 61
61 79 122
0 77 61
61 80 122
0 79 61
61 82 122
0 80 61
672 77 122
0 79 183
0 75 61
0 72 183
0 77 61
0 75 244
0 74 244
0 82 122
0 80 122
610 77 122
0 79 183
0 75 61
0 72 183
0 77 61
0 75 244
0 74 244
0 67 61
0 79 305
0 75 122
0 72 122
122 72 122
122 77 244
0 80 244
0 71 122
244 71 122
0 74 122
0 72 122
0 75 122
0 74 122
0 77 122
0 75 122
122 71 122
0 74 122
0 72 122
0 75 122
0 74 122
0 77 122
0 75 122
0 77 122
0 76 122
0 77 366
0 74 122
0 70 122
122 70 122
122 75 244
0 78 244
0 69 122
244 69 122
0 72 122
0 70 122
0 73 122
0 72 122
0 75 122
0 73 122
122 69 122
0 72 122
0 70 122
0 73 122
0 72 122
0 75 122
0 73 122
122 73 61
61 73 122
0 71 122
122 71 116
6 71 122
0 70 122
122 70 116
6 70 122
0 80 122
122 80 116
6 80 122
0 78 122
122 78 116
6 78 122
0 77 122
122 77 116
6 77 122
0 76 122
122 76 122
0 82 122
0 84 40
0 82 40
0 81 40
0 82 122
0 84 122
0 85 244
0 76 244
0 77 122
0 76 122
0 77 122
0 72 122
0 75 122
0 73 122
0 72 122
0 70 122
0 78 122
0 77 122
0 76 122
0 77 122
0 75 122
0 73 122
0 72 122
0 70 122
0 69 244
0 70 244
0 72 244
0 70 244
0 77 244
0 73 244
0 72 244
0 70 244
0 77 116
6 77 122
122 77 116
6 77 116
6 77 122
122 77 116
6 77 116
6 77 122
122 77 116
6 77 116
6 77 122
122 77 116
6 77 116
6 77 122
122 77 116
6 77 116
6 77 122
122 77 116
6 77 61
61 65 122
0 64 122
0 65 122
0 66 122
0 67 122
0 68 122
0 69 122
0 70 122
0 71 122
0 72 122
0 73 122
0 74 122
0 75 122
0 76 122
0 77 117
0 77 487
0 70 61
183 70 61
183 75 244
0 79 61
183 69 244
244 72 122
0 70 61
61 74 122
0 72 61
61 75 122
0 74 61
61 77 122
0 75 61
61 74 366
0 75 61
0 74 61
0 72 122
0 74 122
0 75 122
0 76 122
0 77 366
0 75 40
0 74 40
0 72 40
0 70 61
183 70 61
183 75 244
0 79 61
183 69 244
122 69 122
0 70 122
0 74 61
61 67 122
0 72 61
61 70 244
0 69 244
0 70 122
0 65 61
61 67 61
61 69 61
61 70 61
61 72 61
61 74 61
61 75 61
0 77 487
0 70 122
122 70 122
122 75 48
0 77 48
0 75 48
0 74 48
0 75 48
0 79 244
0 69 244
244 72 122
0 70 61
61 74 122
0 72 61
61 75 122
0 74 61
61 77 122
0 75 61
61 74 366
0 75 61
0 74 61
0 72 122
0 74 122
0 75 122
0 76 122
0 77 366
0 75 40
0 74 40
0 72 40
0 70 61
61 70 61
61 70 61
61 70 61
61 75 48
0 77 48
0 75 48
0 74 48
0 75 48
0 79 244
0 69 244
122 81 122
0 82 81
0 77 81
0 74 81
0 79 81
0 75 81
0 72 81
0 77 81
0 74 81
0 70 81
0 75 81
0 72 81
0 69 81
0 70 244
122 65 122
0 70 61
61 69 61
61 70 61
61 72 61
61 74 61
183 70 91
152 70 244
0 72 244
0 72 244
122 65 122
0 72 61
61 70 61
61 72 61
61 74 61
61 75 61
183 67 91
152 75 244
0 77 244
0 70 244
122 70 122
0 74 61
61 75 61
61 77 61
61 79 61
61 80 122
122 65 122
122 68 122
122 68 122
122 65 244
122 74 122
0 79 61
61 78 61
61 79 61
61 74 61
61 77 122
0 75 122
122 67 122
0 72 61
0 71 61
0 74 61
0 72 61
0 75 61
0 74 61
0 77 61
0 75 61
0 79 122
122 67 122
122 60 122
122 60 122
122 63 244
122 72 122
0 77 61
61 76 61
61 77 61
61 72 61
61 75 122
0 74 122
81 82 81
0 81 81
0 82 81
0 81 81
0 79 81
0 77 81
0 75 81
0 74 81
0 72 122
203 72 81
0 74 81
0 75 81
0 74 81
0 72 81
0 79 81
0 77 81
0 75 81
0 74 244
81 82 81
0 81 81
0 82 81
0 80 81
0 79 81
0 77 81
0 75 81
0 74 81
0 75 244
81 75 81
0 77 81
0 79 81
0 77 81
0 75 81
0 82 81
0 80 81
0 79 81
0 77 244
81 82 81
0 81 81
0 82 81
0 80 81
0 79 81
0 77 81
0 79 81
0 80 81
0 79 81
0 82 81
0 81 81
0 79 81
0 81 81
0 82 81
0 75 81
0 79 81
0 77 81
0 75 81
0 77 81
0 79 81
0 72 81
0 75 81
0 74 81
0 72 81
0 74 81
0 75 81
0 67 81
0 70 81
0 69 81
0 67 81
0 69 81
0 70 81
0 69 61
0 65 61
0 67 61
0 69 61
0 70 61
0 72 61
0 74 61
0 76 61
0 77 61
0 79 61
0 81 61
0 82 61
0 84 61
61 75 61
61 74 61
0 70 61
0 72 61
0 74 61
0 75 61
0 77 61
0 79 61
0 81 61
0 82 61
0 84 61
0 86 61
0 87 61
0 89 61
61 82 61
61 81 61
0 82 61
0 84 61
0 82 61
0 81 61
0 82 61
0 84 61
0 86 61
0 87 61
0 86 61
0 84 61
0 82 61
0 81 61
0 79 61
0 77 61
0 75 61
0 74 61
0 77 61
0 75 61
0 74 61
0 75 61
0 77 61
0 79 61
0 81 61
0 82 61
0 81 61
0 79 61
0 77 61
0 75 61
0 74 61
0 72 61
0 70 61
0 77 61
183 65 122
122 72 366
0 69 61
0 65 61
0 70 244
0 71 244
0 72 366
0 69 61
0 65 61
0 70 244
244 72 61
61 72 244
0 69 61
0 65 61
0 70 61
61 70 61
61 71 61
61 71 61
61 72 61
61 72 244
0 69 61
0 65 61
0 70 244
244 83 73
48 86 12
48 84 12
48 82 12
48 81 12
48 79 12
48 77 12
48 82 12
48 82 48
0 77 61
0 86 61
0 82 61
0 89 61
0 86 61
0 89 61
0 86 61
0 89 73
48 86 12
48 84 12
48 82 12
48 81 12
48 79 12
48 77 12
48 79 12
48 79 48
0 75 61
0 82 61
0 79 61
0 82 61
0 81 61
0 82 61
0 81 61
0 82 61
0 81 61
0 79 61
0 77 61
0 75 61
0 74 61
0 72 61
0 70 61
0 65 30
30 77 61
0 79 61
0 77 61
0 75 61
0 74 61
0 72 61
0 70 61
0 72 40
0 74 40
0 72 40
0 74 40
0 72 40
0 74 40
0 72 40
0 74 40
0 72 40
0 70 61
0 72 61
0 74 61
0 75 61
0 77 61
0 75 61
0 74 61
0 72 61
0 70 61
0 69 61
0 70 61
0 72 61
0 74 61
0 72 61
0 70 61
0 68 61
0 67 61
0 66 61
0 67 61
0 69 61
0 70 61
0 69 61
0 67 61
0 65 61
0 63 61
0 62 61
0 60 61
0 62 61
0 63 61
0 62 61
0 60 61
0 58 61
0 57 61
0 55 61
0 53 122
0 55 61
0 57 61
0 58 61
0 60 61
0 62 61
0 63 61
0 67 61
0 65 61
0 63 61
0 62 61
0 63 61
0 65 61
0 67 61
0 69 61
0 70 61
0 69 61
0 67 61
0 65 61
0 67 61
0 69 61
0 70 61
0 72 61
0 74 61
0 72 61
0 70 61
0 69 61
0 70 61
0 72 61
0 74 61
0 75 61
0 77 61
0 74 61
0 77 61
0 74 61
0 82 61
0 77 61
0 82 61
0 77 61
0 86 61
0 82 61
0 86 61
0 82 61
0 89 61
0 86 61
0 89 61
0 86 61
0 82 61
0 86 61
0 82 61
0 86 61
0 77 61
0 82 61
0 77 61
0 82 61
0 74 61
0 77 61
0 74 61
0 77 61
0 70 61
0 74 61
0 70 61
0 74 61
0 65 122
122 77 366
0 79 61
0 77 61
0 75 61
0 74 61
0 72 61
0 70 61
0 70 40
0 72 40
0 74 40
0 72 40
0 74 40
0 72 40
0 74 40
0 72 40
0 74 40
0 72 40
0 74 40
0 72 40
0 74 40
0 72 40
0 74 40
0 72 40
0 74 40
0 72 40
0 74 61
0 72 61
0 70 61
0 72 61
0 70 122
0 70 122
122 70 122
0 70 122
0 70 122
122 70 122
0 72 122
0 72 61
183 72 122
0 72 122
0 72 122
122 72 122
0 74 122
0 74 61
183 74 122
0 75 122
0 75 61
183 76 122
0 77 122
0 77 61
183 78 122
0 79 122
0 79 61
61 81 61
61 81 61
61 74 61
0 82 61
0 86 61
0 82 61
0 86 61
0 82 61
0 86 61
0 82 61
0 74 61
0 82 61
0 86 61
0 82 61
0 86 61
0 82 61
0 86 61
0 82 61
0 74 61
0 82 61
0 86 61
0 82 61
0 86 61
0 82 61
0 86 61
0 82 61
0 74 61
0 82 61
0 86 61
0 82 61
0 86 61
0 82 61
0 86 61
0 82 61
0 74 61
0 82 61
0 86 61
0 82 61
0 86 61
0 82 61
0 86 61
0 82 61
0 74 61
0 82 61
0 86 61
0 82 61
0 86 61
0 82 61
0 86 61
0 82 61
0 82 244
0 82 244
122 65 61
0 69 61
0 67 61
0 70 61
0 69 61
0 72 61
0 70 61
61 69 61
0 72 61
0 70 61
0 74 61
0 72 61
0 75 61
0 74 61
61 72 61
0 75 61
0 74 61
0 77 61
0 75 61
0 79 61
0 77 487
0 70 122
122 70 122
122 75 48
0 77 48
0 75 48
0 74 48
0 75 48
0 79 244
0 69 244
0 77 487
0 70 122
122 70 122
122 75 48
0 77 48
0 75 48
0 74 48
0 75 48
0 78 244
0 69 244
244 70 61
61 82 122
0 84 122
0 85 122
0 84 122
0 82 122
0 80 122
0 78 122
0 77 488
0 76 488
0 77 61
61 77 61
183 77 61
61 77 61
61 77 61
183 77 61
61 77 61
61 77 61
183 77 61
61 77 61
61 77 61
183 77 61
61 77 61
61 77 61
183 77 61
61 77 61
61 77 61
183 77 61
61 77 122
0 81 61
61 81 122
0 84 61
61 84 122
0 87 61
61 87 122
0 84 61
61 84 122
0 81 61
61 81 122
0 77 61
61 77 122
0 76 61
61 76 122
0 77 61
61 77 122
0 76 122
0 75 488
0 75 488
0 75 183
61 75 183
61 75 183
61 74 244
0 68 244
0 75 244
0 66 244
0 67 244
0 79 244
0 77 244
0 76 244
0 68 244
0 80 244
0 79 244
0 77 244
0 79 61
61 79 61
183 74 122
0 75 61
61 79 61
183 79 122
0 75 61
61 72 61
183 75 122
0 74 61
61 74 61
183 70 126
0 74 63
63 70 63
190 75 126
0 84 63
63 72 63
190 75 126
0 69 63
63 74 63
190 69 126
0 82 63
63 70 63
190 74 126
0 67 63
63 72 63
190 72 126
0 82 63
63 82 63
63 82 126
0 72 126
0 74 63
63 74 63
190 74 126
0 82 63
63 82 63
63 82 126
0 74 126
0 75 63
63 75 63
190 76 126
0 77 63
63 77 63
190 78 126
0 79 63
63 79 63
63 81 63
63 81 63
63 82 63
63 82 63
63 84 63
63 84 63
63 85 380
0 84 31
0 82 31
0 81 31
0 82 31
0 85 380
0 84 31
0 82 31
0 81 31
0 82 31
0 85 570
0 82 63
0 79 63
0 76 63
0 73 63
0 70 63
0 67 63
0 64 63
1094 62 15
4 65 5
4 67 5
4 69 5
4 70 5
4 72 5
4 74 5
4 75 5
4 77 5
4 79 5
4 81 5
4 82 5
4 84 5
4 86 5
4 87 5
4 89 5
4 89 5
255 70 47
15 70 31
0 72 31
0 74 31
0 72 31
0 74 31
0 72 31
0 74 31
0 72 31
0 74 31
0 72 31
0 74 31
0 72 31
0 74 31
0 72 31
0 74 31
0 72 31
0 74 31
0 72 31
0 74 31
0 72 31
0 74 31
0 72 31
0 71 31
10 74 10
10 75 10
10 77 10
10 79 10
10 81 10
10 82 10
10 84 10
10 86 10
10 87 10
10 86 10
10 89 10
21 87 15
15 86 15
15 86 7
7 84 15
15 87 46
15 84 15
15 84 7
7 82 15
15 86 46
15 82 15
15 82 7
7 81 15
15 84 46
15 81 15
15 81 7
7 79 15
15 82 94
31 79 31
31 77 31
31 81 94
31 77 31
31 75 31
31 79 94
31 75 31
31 74 31
31 77 151
31 77 101
0 74 63
63 72 63
63 70 31
31 72 31
31 73 31
31 74 31
31 75 126
0 76 126
0 77 505
0 70 63
190 70 63
190 75 50
0 77 50
0 75 50
0 74 50
0 75 50
0 79 253
0 69 253
126 69 126
0 72 126
0 70 63
63 74 126
0 72 63
63 75 126
0 74 63
63 77 126
0 75 63
63 74 380
0 75 63
0 74 63
0 72 126
0 74 126
0 75 126
0 76 126
0 77 380
0 75 42
0 74 42
0 72 42
0 70 126
0 70 63
63 70 63
63 70 63
63 75 50
0 77 50
0 75 50
0 74 50
0 75 50
0 79 253
0 69 253
126 77 126
0 74 84
0 77 84
0 82 84
0 79 84
0 75 84
0 72 84
0 77 84
0 74 84
0 70 84
0 75 84
0 72 84
0 69 84
0 70 84
0 82 63
21 82 63
21 82 63
21 82 63
21 82 63
21 82 84
0 81 84
0 79 84
0 77 84
0 75 84
0 74 84
0 72 84
0 79 63
21 79 63
21 79 63
21 79 63
21 79 84
0 79 84
0 77 84
0 75 84
0 74 84
0 75 84
0 72 84
0 76 75
50 79 12
50 77 12
50 75 12
50 74 12
50 72 12
50 70 12
50 70 50
0 72 42
0 74 42
0 72 42
0 74 42
0 72 42
0 74 42
0 72 42
0 74 42
0 72 42
0 70 63
0 72 63
0 70 63
63 82 63
0 81 63
0 82 63
0 81 63
0 82 63
0 81 63
0 82 63
0 81 63
0 79 63
0 77 63
0 75 63
0 74 63
0 72 63
0 70 63
0 67 63
63 79 63
0 78 63
0 79 63
0 78 63
0 79 63
0 78 63
0 79 63
0 77 63
0 75 63
0 74 63
0 72 63
0 70 63
0 69 63
0 67 63
0 65 126
0 67 75
50 70 12
50 72 12
50 74 12
50 75 12
50 77 12
50 79 12
50 81 12
50 82 12
50 84 12
50 86 12
50 87 12
50 89 12
50 82 12
50 82 29
0 84 42
0 86 42
0 84 42
0 86 42
0 84 42
0 86 42
0 84 42
0 86 42
0 84 42
0 86 42
0 84 42
0 86 42
0 84 42
0 86 42
0 84 42
0 86 42
0 84 42
0 86 63
0 84 63
0 82 63
0 84 63
0 82 253
633 70 126
0 80 380
0 77 126
0 74 126
126 74 126
126 75 126
126 77 126
126 79 126
253 79 126
0 77 138
114 74 12
114 72 12
114 70 12
114 69 12
114 75 12
114 69 12
114 69 114
0 70 63
63 72 63
63 74 63
63 75 63
63 76 63
63 77 63
63 78 63
63 79 63
63 80 380
0 79 42
0 77 42
0 75 42
0 74 63
63 74 63
63 74 63
63 74 63
63 75 253
0 77 42
0 79 42
0 77 42
0 79 31
10 77 31
10 77 21
0 77 31
0 79 253
126 79 126
0 77 138
114 74 12
114 72 12
114 70 12
114 69 12
114 75 12
114 69 12
114 70 12
114 70 240
126 74 126
0 77 126
0 75 126
0 72 126
0 69 126
0 70 253
126 74 63
0 70 63
0 77 126
0 75 126
0 72 126
0 69 126
0 70 253
126 77 126
0 81 126
126 72 126
126 74 126
