64 84 70
58 84 6
58 89 6
58 84 6
58 82 6
58 81 6
58 80 6
58 81 6
58 84 6
58 81 6
58 79 6
58 77 6
58 76 6
58 77 6
58 81 6
58 77 6
58 74 6
58 72 6
58 71 6
58 72 6
58 77 6
58 72 6
58 70 6
58 69 6
58 68 6
58 69 6
58 72 6
58 69 6
58 65 6
58 65 58
0 77 64
0 64 64
0 77 64
0 65 64
0 77 64
0 67 64
0 77 64
0 65 64
0 77 64
0 67 64
0 77 64
0 69 64
0 77 64
0 67 64
0 77 64
0 69 64
0 77 64
0 70 64
0 77 64
0 70 64
0 77 64
0 69 64
0 77 64
0 70 64
0 77 64
0 70 64
0 77 64
0 69 64
0 77 64
0 68 64
0 77 64
0 68 64
0 77 64
0 68 64
0 77 64
0 67 129
64 84 70
58 84 6
58 89 6
58 84 6
58 82 6
58 81 6
58 80 6
58 81 6
58 84 6
58 81 6
58 79 6
58 77 6
58 76 6
58 77 6
58 81 6
58 77 6
58 74 6
58 72 6
58 71 6
58 72 6
58 77 6
58 72 6
58 70 6
58 69 6
58 68 6
58 69 6
58 72 6
58 69 6
58 65 6
58 65 58
0 77 64
0 64 64
0 77 64
0 65 64
0 77 64
0 67 64
0 77 64
0 65 64
0 77 64
0 67 64
0 77 64
0 69 64
0 77 64
0 67 64
0 77 64
0 69 64
0 77 64
0 70 64
0 77 64
0 70 64
0 77 64
0 69 64
0 77 64
0 70 64
0 77 64
0 70 64
0 77 64
0 69 64
0 77 64
0 68 64
0 77 64
258 67 64
0 76 64
258 66 64
0 75 64
388 62 64
0 67 64
0 70 64
0 74 64
0 72 70
58 69 6
58 67 6
58 65 6
58 64 6
58 65 6
58 65 58
64 60 129
0 60 97
0 64 32
0 70 517
0 69 64
64 67 64
64 67 129
0 65 258
0 65 356
0 64 32
0 70 517
0 69 64
64 67 64
64 71 388
0 72 129
226 64 32
0 70 517
0 69 64
64 67 64
64 65 258
0 69 388
0 72 388
0 70 388
0 67 129
0 65 129
129 57 129
0 58 64
64 67 64
64 59 64
64 60 64
64 69 64
64 61 64
64 62 64
64 70 64
64 64 64
64 82 517
0 81 64
0 79 64
0 77 64
0 76 64
0 77 64
64 79 64
64 81 64
64 69 258
0 70 129
0 70 388
0 65 129
517 57 129
0 58 64
64 67 64
64 59 64
64 60 64
64 69 64
64 61 64
64 62 64
64 70 64
64 64 64
64 82 517
0 81 64
0 79 64
0 77 64
0 76 64
0 77 32
0 79 32
0 81 32
291 74 32
0 76 32
0 77 32
291 65 323
0 69 64
0 67 258
0 65 129
0 65 387
0 72 129
0 70 129
0 67 129
0 65 256
1 69 129
0 72 129
0 70 129
0 67 129
0 65 129
0 60 127
1 69 129
0 65 129
0 60 127
2 69 129
0 58 388
0 65 129
258 69 388
0 79 388
0 77 388
0 69 388
0 69 388
0 67 388
0 74 64
0 69 64
0 65 64
0 69 64
0 74 64
0 69 64
0 76 64
0 69 64
0 67 64
0 69 64
0 76 64
0 69 64
0 77 64
0 74 64
0 69 64
0 74 64
0 77 64
0 74 64
0 78 64
0 74 64
0 69 64
0 74 64
0 78 64
0 74 64
0 79 258
0 81 64
0 79 64
0 77 258
0 79 64
0 77 64
0 76 258
0 77 64
0 76 64
0 74 258
0 76 64
0 74 64
0 72 258
0 74 64
0 72 64
0 71 258
0 72 64
0 71 64
0 74 70
58 71 6
58 72 6
58 71 6
58 72 6
58 76 6
58 74 6
58 73 6
58 74 6
58 73 6
58 74 6
58 76 6
58 74 6
58 72 6
58 74 6
58 76 6
58 77 6
58 79 6
58 77 6
58 76 6
58 77 6
58 79 6
58 80 6
58 81 6
58 81 58
0 82 70
58 79 6
58 77 6
58 76 6
58 74 6
58 74 58
0 85 70
58 84 6
58 83 6
58 81 6
58 79 6
58 79 58
0 81 64
0 79 64
0 77 64
0 76 64
0 74 64
0 72 64
0 83 70
58 83 6
58 81 6
58 79 6
58 77 6
58 77 58
0 85 64
0 86 64
0 83 64
0 79 64
0 77 64
0 76 64
0 83 70
58 79 6
58 77 6
58 76 6
58 74 6
58 74 58
0 76 70
58 72 6
58 71 6
58 69 6
58 67 6
58 67 64
317 75 517
0 74 64
64 72 64
64 78 258
0 79 129
0 74 258
129 80 517
0 79 64
64 77 64
64 75 129
0 77 43
0 75 43
0 74 43
0 75 64
0 77 64
0 79 258
129 84 388
0 82 258
0 84 129
0 82 258
0 80 129
0 79 388
0 77 258
0 75 129
0 74 258
0 72 129
0 75 388
0 74 129
258 75 517
0 74 64
64 72 64
64 78 258
0 79 129
0 74 258
129 80 517
0 79 64
64 77 64
64 76 129
129 77 64
0 79 64
0 77 258
129 87 388
129 86 64
64 84 64
64 83 388
0 84 258
0 80 129
0 72 356
0 75 32
0 74 388
0 72 64
0 79 64
0 78 64
0 79 64
0 81 64
0 79 64
0 77 64
0 79 64
0 77 64
0 79 64
0 77 64
0 79 64
0 76 64
0 79 64
0 78 64
0 79 64
0 84 64
0 79 64
0 77 64
0 79 64
0 77 64
0 79 64
0 77 64
0 79 64
0 76 64
0 79 64
0 78 64
0 79 64
0 84 64
0 79 64
0 77 64
0 79 64
0 77 64
0 79 64
0 77 64
0 79 64
0 76 64
0 79 64
0 84 64
0 76 64
0 74 64
0 83 64
0 72 64
0 81 64
0 71 64
0 79 64
0 69 64
0 77 64
0 67 64
0 76 64
0 65 64
0 74 64
0 64 64
0 72 64
0 62 64
0 71 64
0 60 64
0 69 64
0 59 64
0 67 64
0 57 388
0 56 388
0 68 388
0 62 388
129 79 64
64 79 64
194 81 64
64 81 64
64 67 356
0 76 32
0 71 388
0 72 64
0 79 64
0 78 64
0 79 64
0 81 64
0 79 64
0 77 64
0 79 64
0 77 64
0 79 64
0 77 64
0 79 64
0 76 64
0 79 64
0 78 64
0 79 64
0 84 64
0 79 64
0 77 64
0 79 64
0 77 64
0 79 64
0 77 64
0 79 64
0 76 64
0 79 64
0 78 64
0 79 64
0 84 64
0 79 64
0 77 64
0 79 64
0 77 64
0 79 64
0 77 64
0 79 64
0 76 64
0 79 64
0 84 64
0 76 64
0 74 64
0 83 64
0 72 64
0 81 64
0 71 64
0 79 64
0 69 64
0 77 64
0 67 64
0 76 64
0 65 64
0 74 64
0 64 64
0 72 64
0 62 64
0 71 64
0 60 64
0 69 64
0 59 64
0 67 64
0 66 388
0 56 388
0 77 388
0 62 388
129 79 64
64 79 64
194 81 64
64 81 64
64 67 388
0 71 388
0 78 64
0 79 70
58 79 6
58 78 6
58 79 6
58 79 58
0 80 70
58 80 6
58 81 6
58 83 6
58 84 6
58 84 58
0 72 356
0 76 32
0 74 258
0 74 64
0 72 62
2 72 70
58 79 6
58 84 6
58 83 6
58 81 6
58 79 6
58 81 6
58 79 6
58 77 6
58 76 6
58 74 6
58 74 58
0 72 70
58 74 6
58 72 6
58 71 6
58 69 6
58 67 6
58 69 6
58 67 6
58 65 6
58 64 6
58 62 6
58 62 58
0 60 70
58 62 6
58 60 6
58 59 6
58 57 6
58 55 6
58 57 6
58 55 6
58 53 6
58 52 6
58 50 6
58 50 58
0 48 64
64 52 64
64 55 64
64 60 64
64 64 64
64 67 64
64 72 129
258 76 258
129 79 258
64 84 70
58 84 6
58 89 6
58 84 6
58 82 6
58 81 6
58 80 6
58 81 6
58 84 6
58 81 6
58 79 6
58 77 6
58 76 6
58 77 6
58 81 6
58 77 6
58 74 6
58 72 6
58 71 6
58 72 6
58 77 6
58 72 6
58 70 6
58 69 6
58 68 6
58 69 6
58 72 6
58 69 6
58 65 6
58 65 58
0 77 64
0 64 64
0 77 64
0 65 64
0 77 64
0 67 64
0 77 64
0 65 64
0 77 64
0 67 64
0 77 64
0 69 64
0 77 64
0 67 64
0 77 64
0 69 64
0 77 64
0 70 64
0 77 64
0 70 64
0 77 64
0 69 64
0 77 64
0 70 64
0 77 64
0 70 64
0 77 64
0 69 64
0 77 64
0 68 64
0 77 64
0 68 64
0 77 64
0 68 64
0 77 64
0 67 129
64 84 70
58 84 6
58 89 6
58 84 6
58 82 6
58 81 6
58 80 6
58 81 6
58 84 6
58 81 6
58 79 6
58 77 6
58 76 6
58 77 6
58 81 6
58 77 6
58 74 6
58 72 6
58 71 6
58 72 6
58 77 6
58 72 6
58 70 6
58 69 6
58 68 6
58 69 6
58 72 6
58 69 6
58 65 6
58 65 58
0 77 64
0 64 64
0 77 64
0 65 64
0 77 64
0 67 64
0 77 64
0 65 64
0 77 64
0 67 64
0 77 64
0 69 64
0 77 64
0 67 64
0 77 64
0 69 64
0 77 64
0 70 64
0 77 64
0 70 64
0 77 64
0 69 64
0 77 64
0 70 64
0 77 64
0 70 64
0 77 64
0 69 64
0 77 64
0 68 64
0 77 64
258 67 64
0 76 64
258 66 64
0 75 64
388 62 64
0 67 64
0 70 64
0 74 64
0 72 70
58 69 6
58 67 6
58 65 6
58 64 6
58 65 6
58 65 58
64 60 129
0 60 97
0 64 32
0 70 517
0 69 64
64 67 64
64 67 129
0 65 258
0 65 356
0 64 32
0 70 517
0 69 64
64 67 64
64 71 388
0 72 129
226 64 32
0 70 517
0 69 64
64 67 64
64 65 258
0 69 388
0 72 388
0 70 388
0 67 129
0 65 129
129 57 129
0 58 64
64 67 64
64 59 64
64 60 64
64 69 64
64 61 64
64 62 64
64 70 64
64 64 64
64 82 517
0 81 64
0 79 64
0 77 64
0 76 64
0 77 64
64 79 64
64 81 64
64 72 258
0 70 129
0 70 388
0 69 129
517 57 129
0 58 64
64 67 64
64 59 64
64 60 64
64 69 64
64 61 64
64 62 64
64 70 64
64 64 64
64 82 517
0 81 64
0 79 64
0 77 64
0 76 64
0 77 32
0 79 32
0 81 32
291 74 32
0 76 32
0 77 32
291 65 323
0 69 64
0 64 258
0 65 129
0 65 387
0 64 129
0 70 129
0 67 129
0 65 256
1 69 129
0 72 129
0 70 129
0 67 129
0 65 129
0 60 127
2 69 129
0 65 129
0 60 127
2 69 129
0 58 388
0 57 129
258 81 388
0 79 388
0 69 388
0 76 388
0 74 388
0 69 388
0 74 64
0 69 64
0 65 64
0 69 64
0 74 64
0 69 64
0 76 64
0 69 64
0 67 64
0 69 64
0 76 64
0 69 64
0 77 64
0 74 64
0 69 64
0 74 64
0 77 64
0 74 64
0 78 64
0 74 64
0 69 64
0 74 64
0 78 64
0 74 64
0 79 258
0 81 64
0 79 64
0 77 258
0 79 64
0 77 64
0 76 258
0 77 64
0 76 64
0 74 258
0 76 64
0 74 64
0 72 258
0 74 64
0 72 64
0 71 258
0 72 64
0 71 64
0 74 70
58 71 6
58 72 6
58 71 6
58 72 6
58 76 6
58 74 6
58 73 6
58 74 6
58 73 6
58 74 6
58 76 6
58 74 6
58 72 6
58 74 6
58 76 6
58 77 6
58 79 6
58 77 6
58 76 6
58 77 6
58 79 6
58 80 6
58 81 6
58 81 58
0 82 70
58 79 6
58 77 6
58 76 6
58 74 6
58 74 58
0 85 70
58 84 6
58 83 6
58 81 6
58 79 6
58 79 58
0 81 64
0 79 64
0 77 64
0 76 64
0 74 64
0 72 64
0 83 70
58 83 6
58 81 6
58 79 6
58 77 6
58 77 58
0 85 64
0 86 64
0 83 64
0 79 64
0 77 64
0 76 64
0 83 70
58 79 6
58 77 6
58 76 6
58 74 6
58 74 58
0 76 70
58 72 6
58 71 6
58 69 6
58 67 6
58 67 64
317 75 517
0 74 64
64 72 64
64 78 258
0 79 129
0 74 258
129 80 517
0 79 64
64 77 64
64 75 129
0 77 43
0 75 43
0 74 43
0 75 64
0 77 64
0 79 258
129 84 388
0 82 258
0 84 129
0 82 258
0 80 129
0 79 388
0 77 258
0 75 129
0 74 258
0 72 129
0 75 388
0 74 129
258 75 517
0 74 64
64 72 64
64 78 258
0 79 129
0 74 258
129 80 517
0 79 64
64 77 64
64 76 129
129 77 64
0 79 64
0 77 258
129 87 388
129 86 64
64 84 64
64 83 388
0 84 258
0 80 129
0 72 356
0 75 32
0 74 388
0 72 64
0 79 64
0 78 64
0 79 64
0 81 64
0 79 64
0 77 64
0 79 64
0 77 64
0 79 64
0 77 64
0 79 64
0 76 64
0 79 64
0 78 64
0 79 64
0 84 64
0 79 64
0 77 64
0 79 64
0 77 64
0 79 64
0 77 64
0 79 64
0 76 64
0 79 64
0 78 64
0 79 64
0 84 64
0 79 64
0 77 64
0 79 64
0 77 64
0 79 64
0 77 64
0 79 64
0 76 64
0 79 64
0 84 64
0 76 64
0 74 64
0 83 64
0 72 64
0 81 64
0 71 64
0 79 64
0 69 64
0 77 64
0 67 64
0 76 64
0 65 64
0 74 64
0 64 64
0 72 64
0 62 64
0 71 64
0 60 64
0 69 64
0 59 64
0 67 64
0 57 388
0 56 388
0 68 388
0 62 388
129 79 64
64 79 64
194 81 64
64 81 64
64 67 356
0 76 32
0 74 388
0 72 64
0 79 64
0 78 64
0 79 64
0 81 64
0 79 64
0 77 64
0 79 64
0 77 64
0 79 64
0 77 64
0 79 64
0 76 64
0 79 64
0 78 64
0 79 64
0 84 64
0 79 64
0 77 64
0 79 64
0 77 64
0 79 64
0 77 64
0 79 64
0 76 64
0 79 64
0 78 64
0 79 64
0 84 64
0 79 64
0 77 64
0 79 64
0 77 64
0 79 64
0 77 64
0 79 64
0 76 64
0 79 64
0 84 64
0 76 64
0 74 64
0 83 64
0 72 64
0 81 64
0 71 64
0 79 64
0 69 64
0 77 64
0 67 64
0 76 64
0 65 64
0 74 64
0 64 64
0 72 64
0 62 64
0 71 64
0 60 64
0 69 64
0 59 64
0 67 64
0 57 388
0 65 388
0 68 388
0 62 388
129 79 64
64 79 64
194 81 64
64 81 64
64 67 388
0 71 388
0 78 64
0 79 70
58 79 6
58 78 6
58 79 6
58 79 58
0 80 70
58 80 6
58 81 6
58 83 6
58 84 6
58 84 58
0 72 356
0 76 32
0 74 258
0 74 64
0 72 64
0 72 70
58 79 6
58 84 6
58 83 6
58 81 6
58 79 6
58 81 6
58 79 6
58 77 6
58 76 6
58 74 6
58 74 58
0 72 70
58 74 6
58 72 6
58 71 6
58 69 6
58 67 6
58 69 6
58 67 6
58 65 6
58 64 6
58 62 6
58 62 58
0 60 70
58 62 6
58 60 6
58 59 6
58 57 6
58 55 6
58 57 6
58 55 6
58 53 6
58 52 6
58 50 6
58 50 58
0 48 64
64 52 64
64 55 64
64 60 64
64 64 64
64 67 64
64 72 129
258 67 258
129 79 258
64 79 70
58 79 6
58 84 6
58 79 6
58 77 6
58 75 6
58 74 6
58 75 6
58 79 6
58 75 6
58 74 6
58 72 6
58 71 6
58 72 6
58 75 6
58 72 6
58 68 6
58 67 6
58 66 6
58 67 6
58 72 6
58 67 6
58 65 6
58 63 6
58 62 6
58 63 6
58 67 6
58 63 6
58 60 6
58 60 58
0 72 64
0 59 64
0 72 64
0 60 64
0 72 64
0 62 64
0 72 64
0 60 64
0 72 64
0 62 64
0 72 64
0 64 64
0 72 64
0 62 64
0 72 64
0 64 64
0 72 64
0 65 64
0 72 64
0 65 64
0 72 64
0 63 64
0 72 64
0 65 64
0 72 64
0 65 64
0 72 64
0 63 64
0 72 64
0 62 128
0 63 5
59 72 64
0 62 128
0 63 5
59 72 64
0 65 128
0 63 5
59 72 64
0 62 128
0 63 5
59 72 64
0 62 128
0 63 5
59 72 64
0 65 128
0 63 5
59 72 64
0 62 48
275 66 64
0 72 48
16 62 64
0 66 64
0 69 64
0 72 48
16 78 64
0 84 64
0 82 64
0 81 64
0 79 64
0 78 64
0 79 64
0 78 64
0 79 64
0 78 64
0 75 64
0 74 64
0 72 64
0 71 128
0 72 5
59 77 64
0 71 128
0 72 5
59 77 64
0 73 128
0 72 5
59 77 64
0 71 128
0 72 5
59 77 64
0 71 128
0 72 5
59 77 64
0 73 128
0 72 5
59 77 64
0 71 48
275 71 64
0 77 48
16 67 64
0 71 64
0 74 64
0 77 48
16 83 64
0 89 64
0 87 64
0 86 64
0 84 64
0 83 64
0 80 64
0 79 64
0 78 64
0 79 64
0 80 64
0 79 64
0 77 64
0 76 128
0 77 5
59 67 64
0 76 128
0 77 5
59 67 64
0 76 128
0 77 5
59 67 64
0 76 128
0 77 5
59 67 64
0 76 128
0 77 5
59 67 64
0 76 128
0 77 5
59 67 64
0 76 48
275 64 64
0 70 48
16 60 64
0 64 64
0 67 64
0 70 48
16 76 64
0 82 64
0 81 64
0 79 64
0 77 64
0 76 64
0 74 64
0 72 64
0 74 64
0 72 64
0 70 64
0 69 64
0 67 64
0 65 128
0 66 5
59 75 64
0 65 128
0 66 5
59 75 64
0 68 128
0 66 5
59 75 64
0 65 128
0 66 5
59 75 64
0 65 128
0 66 5
59 75 64
0 68 128
0 66 5
59 75 64
0 65 48
275 69 64
0 75 48
16 65 64
0 69 64
0 72 64
0 75 48
16 81 64
0 87 64
0 86 64
0 84 64
0 82 64
0 81 64
0 79 64
0 77 64
0 79 64
0 77 64
0 75 64
0 74 64
0 72 64
0 74 129
129 74 129
0 72 129
129 72 129
0 75 647
0 74 129
0 75 129
129 75 129
0 74 129
129 74 129
0 79 647
0 77 129
0 77 129
0 76 129
0 72 258
0 74 129
0 75 127
2 75 129
0 74 129
0 70 258
0 72 129
0 73 258
0 72 129
0 73 258
0 72 129
0 70 129
0 69 388
0 72 129
258 74 64
0 70 64
0 65 64
0 70 64
0 74 64
0 70 64
0 72 64
0 69 64
0 65 64
0 69 64
0 72 64
0 69 64
0 75 64
0 70 64
0 67 64
0 70 64
0 75 64
0 70 64
0 75 64
0 70 64
0 75 64
0 70 64
0 74 64
0 69 64
0 75 64
0 70 64
0 67 64
0 70 64
0 75 64
0 70 64
0 74 64
0 69 64
0 65 64
0 69 64
0 74 64
0 69 64
0 79 64
0 70 64
0 67 64
0 70 64
0 79 64
0 70 64
0 79 64
0 70 64
0 79 64
0 70 64
0 77 64
0 70 64
194 67 64
0 70 64
0 76 64
194 69 64
0 72 64
0 75 64
194 67 64
0 70 64
0 74 64
194 63 64
0 67 64
0 72 64
194 62 64
0 65 64
0 70 64
194 63 64
0 65 64
0 69 64
1294 62 129
0 65 129
0 66 129
0 69 129
0 72 129
0 75 129
0 78 129
0 81 129
0 84 129
0 81 129
0 78 129
0 75 129
0 74 129
0 66 129
0 69 129
0 67 129
0 73 129
0 74 129
0 78 129
0 79 129
0 85 129
0 86 129
0 81 129
0 82 129
0 78 129
0 79 129
129 77 129
0 76 129
129 76 129
0 85 129
129 85 129
0 84 129
129 84 129
0 76 129
129 76 129
0 77 129
0 84 129
0 79 129
0 82 129
0 80 129
0 76 129
0 79 129
0 77 129
0 75 129
0 73 129
0 72 388
0 71 388
0 77 388
0 71 388
129 64 129
0 71 64
194 74 129
0 70 64
194 67 129
0 72 64
194 78 129
0 79 64
194 76 129
0 81 64
194 78 129
0 76 64
64 79 776
64 79 64
0 84 70
58 84 6
58 82 6
58 81 6
58 79 6
58 81 6
58 82 6
58 81 6
58 79 6
58 77 6
58 76 6
58 77 6
58 79 6
58 77 6
58 76 6
58 74 6
58 72 6
58 73 6
58 74 6
58 72 6
58 70 6
58 69 6
58 67 6
58 69 6
58 70 6
58 69 6
58 67 6
58 65 6
58 64 6
58 65 6
58 67 6
58 65 6
58 64 6
58 62 6
58 62 58
64 84 70
58 84 6
58 89 6
58 84 6
58 82 6
58 81 6
58 80 6
58 81 6
58 84 6
58 81 6
58 79 6
58 77 6
58 76 6
58 77 6
58 81 6
58 77 6
58 74 6
58 72 6
58 71 6
58 72 6
58 77 6
58 72 6
58 70 6
58 69 6
58 68 6
58 69 6
58 72 6
58 69 6
58 65 6
58 65 58
0 77 64
0 64 64
0 77 64
0 65 64
0 77 64
0 67 64
0 77 64
0 65 64
0 77 64
0 67 64
0 77 64
0 69 64
0 77 64
0 67 64
0 77 64
0 69 64
0 77 64
0 70 64
0 77 64
0 70 64
0 77 64
0 69 64
0 77 64
0 70 64
0 77 64
0 70 64
0 77 64
0 69 64
0 77 64
0 68 64
0 77 64
0 68 64
0 77 64
0 68 64
0 77 64
0 67 129
64 84 70
58 84 6
58 89 6
58 84 6
58 82 6
58 81 6
58 80 6
58 81 6
58 84 6
58 81 6
58 79 6
58 77 6
58 76 6
58 77 6
58 81 6
58 77 6
58 74 6
58 72 6
58 71 6
58 72 6
58 77 6
58 72 6
58 70 6
58 69 6
58 68 6
58 69 6
58 72 6
58 69 6
58 65 6
58 65 58
0 77 64
0 64 64
0 77 64
0 65 64
0 77 64
0 67 64
0 77 64
0 65 64
0 77 64
0 67 64
0 77 64
0 69 64
0 77 64
0 67 64
0 77 64
0 69 64
0 77 64
0 70 64
0 77 64
0 70 64
0 77 64
0 69 64
0 77 64
0 70 64
0 77 64
0 70 64
0 77 64
0 69 64
0 77 64
0 68 64
0 77 64
258 67 64
0 76 64
258 66 64
0 75 64
388 62 64
0 67 64
0 70 64
0 74 64
0 72 70
58 69 6
58 67 6
58 65 6
58 64 6
58 65 6
58 65 58
64 60 129
0 60 97
0 64 32
0 70 517
0 69 64
64 67 64
64 67 129
0 65 258
0 65 356
0 64 32
0 70 517
0 69 64
64 67 64
64 71 388
0 72 129
226 64 32
0 70 517
0 69 64
64 67 64
64 65 258
0 69 388
0 72 388
0 70 388
0 67 129
0 65 129
258 73 388
0 74 388
0 84 388
0 74 388
0 74 388
0 79 388
0 72 388
0 79 64
0 74 64
0 70 64
0 74 64
0 79 64
0 74 64
0 81 64
0 74 64
0 72 64
0 74 64
0 81 64
0 74 64
0 82 64
0 79 64
0 74 64
0 79 64
0 82 64
0 79 64
0 83 64
0 79 64
0 74 64
0 79 64
0 83 64
0 79 64
0 84 258
0 86 64
0 84 64
0 82 258
0 84 64
0 82 64
0 81 258
0 82 64
0 81 64
0 79 258
0 81 64
0 79 64
0 77 258
0 79 64
0 77 64
0 76 258
0 77 64
0 76 64
0 79 70
58 76 6
58 77 6
58 76 6
58 77 6
58 81 6
58 79 6
58 78 6
58 79 6
58 78 6
58 79 6
58 81 6
58 79 6
58 77 6
58 79 6
58 81 6
58 82 6
58 84 6
58 82 6
58 81 6
58 82 6
58 84 6
58 85 6
58 86 6
58 86 58
0 74 70
58 84 6
58 82 6
58 81 6
58 79 6
58 79 58
0 78 70
58 81 6
58 82 6
58 83 6
58 84 6
58 84 58
0 72 64
0 84 64
0 82 64
0 81 64
0 79 64
0 77 64
0 76 70
58 79 6
58 80 6
58 81 6
58 81 58
0 82 64
0 84 64
0 82 64
0 81 64
0 79 64
0 77 64
0 76 64
0 77 70
58 74 6
58 72 6
60 70 6
60 69 6
60 69 60
0 72 66
0 77 66
0 79 66
0 77 66
0 76 66
0 74 66
0 72 72
60 69 6
60 67 6
60 65 6
60 64 6
60 64 60
0 65 72
60 65 6
60 64 6
60 62 6
60 60 6
60 60 66
327 68 535
0 67 66
66 65 66
66 71 267
0 72 133
0 67 267
133 73 535
0 72 66
66 70 66
66 68 133
0 70 44
0 68 44
0 67 44
0 68 66
0 70 66
0 72 267
133 77 401
0 75 267
0 77 133
0 75 267
0 73 133
0 72 401
0 70 267
0 68 133
0 67 267
0 65 133
0 68 401
0 67 133
267 80 535
0 67 66
66 77 66
66 71 267
0 84 133
0 67 267
133 73 535
0 72 66
66 82 66
66 81 267
0 84 133
0 82 267
133 83 401
0 72 401
0 85 401
0 72 133
200 89 66
0 72 367
0 80 33
0 76 401
0 77 66
0 72 66
0 71 66
0 72 66
0 74 66
0 72 66
0 70 66
0 72 66
0 70 66
0 72 66
0 70 66
0 72 66
0 69 66
0 72 66
0 71 66
0 72 66
0 77 66
0 72 66
0 70 66
0 72 66
0 70 66
0 72 66
0 70 66
0 72 66
0 69 66
0 84 66
0 83 66
0 84 66
0 86 66
0 84 66
0 82 66
0 84 66
0 82 66
0 84 66
0 82 66
0 84 66
0 81 66
0 84 66
0 83 66
0 84 66
0 89 66
0 84 66
0 82 66
0 84 66
0 82 66
0 84 66
0 82 66
0 84 66
0 81 66
0 84 66
0 89 66
0 81 66
0 79 66
0 88 66
0 77 66
0 86 66
0 76 66
0 84 66
0 74 66
0 82 66
0 72 66
0 81 66
0 70 66
0 79 66
0 69 66
0 77 66
0 67 66
0 76 66
0 65 66
0 74 66
0 64 66
0 72 66
0 71 401
0 70 401
0 82 401
0 76 401
133 84 66
66 84 66
200 86 66
66 86 66
66 72 367
0 81 33
0 79 401
0 77 66
0 72 66
0 71 66
0 72 66
0 74 66
0 72 66
0 70 66
0 72 66
0 70 66
0 72 66
0 70 66
0 72 66
0 69 66
0 72 66
0 71 66
0 72 66
0 77 66
0 72 66
0 70 66
0 72 66
0 70 66
0 72 66
0 70 66
0 72 66
0 69 66
0 84 66
0 83 66
0 84 66
0 86 66
0 84 66
0 82 66
0 84 66
0 82 66
0 84 66
0 82 66
0 84 66
0 81 66
0 84 66
0 83 66
0 84 66
0 89 66
0 84 66
0 82 66
0 84 66
0 82 66
0 84 66
0 82 66
0 84 66
0 81 66
0 84 66
0 89 66
0 81 66
0 79 66
0 88 66
0 77 66
0 86 66
0 76 66
0 84 66
0 74 66
0 82 66
0 72 66
0 81 66
0 70 66
0 79 66
0 69 66
0 77 66
0 67 66
0 76 66
0 65 66
0 74 66
0 64 66
0 72 66
0 71 401
0 70 401
0 82 401
0 76 401
133 84 66
66 84 66
200 86 66
66 86 66
66 72 401
0 76 401
0 83 66
0 84 72
60 84 6
60 83 6
60 84 6
60 84 60
0 85 72
60 85 6
60 86 6
60 88 6
60 89 6
60 89 60
0 72 367
0 81 33
0 79 267
0 79 66
0 77 66
0 77 72
60 84 6
60 89 6
60 88 6
60 86 6
60 84 6
60 86 6
60 84 6
60 82 6
60 81 6
60 79 6
60 79 60
0 77 72
60 79 6
60 77 6
60 76 6
60 74 6
60 72 6
60 74 6
60 72 6
60 70 6
60 69 6
60 67 6
60 67 60
0 65 72
60 67 6
60 65 6
60 64 6
60 62 6
60 60 6
60 62 6
60 60 6
60 58 6
60 57 6
60 55 6
60 55 60
0 53 66
66 57 66
66 60 66
66 65 66
66 69 66
66 72 66
66 77 133
267 81 267
133 87 267
535 86 267
535 80 267
535 60 735
0 69 66
0 60 668
0 65 133
0 65 133
133 57 133
0 58 66
66 67 66
66 59 66
66 60 66
66 69 66
66 61 66
66 62 66
66 70 66
66 64 66
66 82 535
0 81 66
0 79 66
0 77 66
0 76 66
0 77 66
66 79 66
66 81 66
66 69 267
0 70 133
0 70 401
0 65 133
535 57 133
0 58 66
66 67 66
66 59 66
66 60 66
66 69 66
66 61 66
66 62 66
66 70 66
66 64 66
66 82 535
0 81 66
0 79 66
0 77 66
0 76 66
0 77 33
0 79 33
0 81 33
300 74 33
0 76 33
0 77 33
300 60 334
0 69 66
0 67 267
0 65 133
0 65 400
0 64 133
0 70 133
0 67 133
0 65 264
2 69 133
0 64 133
0 70 133
0 67 133
0 65 133
0 60 131
2 69 133
0 65 133
0 60 132
1 69 133
0 67 401
0 65 133
66 79 72
60 79 6
60 84 6
60 79 6
60 77 6
60 75 6
60 74 6
60 75 6
60 79 6
60 75 6
60 74 6
60 72 6
60 71 6
60 72 6
60 75 6
60 72 6
60 68 6
60 67 6
60 66 6
60 67 6
60 72 6
60 67 6
60 65 6
60 63 6
60 62 6
60 63 6
60 67 6
60 63 6
60 60 6
60 60 60
0 72 66
0 59 66
0 72 66
0 60 66
0 72 66
0 62 66
0 72 66
0 60 66
0 72 66
0 62 66
0 72 66
0 64 66
0 72 66
0 62 66
0 72 66
0 64 66
0 72 66
0 65 66
0 72 66
0 65 66
0 72 66
0 63 66
0 72 66
0 65 66
0 72 66
0 65 66
0 72 66
0 63 66
0 72 66
0 62 132
0 63 5
61 72 66
0 62 132
0 63 5
61 72 66
0 65 132
0 63 5
61 72 66
0 62 132
0 63 5
61 72 66
0 62 132
0 63 5
61 72 66
0 65 132
0 63 5
61 72 66
0 62 50
284 66 66
0 72 50
16 62 66
0 66 66
0 69 66
0 72 50
16 78 66
0 84 66
0 82 66
0 81 66
0 79 66
0 78 66
0 79 66
0 78 66
0 79 66
0 78 66
0 75 66
0 74 66
0 72 66
0 71 132
0 72 5
61 77 66
0 71 132
0 72 5
61 77 66
0 73 132
0 72 5
61 77 66
0 71 132
0 72 5
61 77 66
0 71 132
0 72 5
61 77 66
0 73 132
0 72 5
61 77 66
0 71 50
284 71 66
0 77 50
16 67 66
0 71 66
0 74 66
0 77 50
16 83 66
0 89 66
0 87 66
0 86 66
0 84 66
0 83 66
0 80 66
0 79 66
0 78 66
0 79 66
0 80 66
0 79 66
0 77 66
0 76 132
0 77 5
61 67 66
0 76 132
0 77 5
61 67 66
0 76 132
0 77 5
61 67 66
0 76 132
0 77 5
61 67 66
0 76 132
0 77 5
61 67 66
0 76 132
0 77 5
61 67 66
0 76 50
284 64 66
0 70 50
16 60 66
0 64 66
0 67 66
0 70 50
16 76 66
0 82 66
0 81 66
0 79 66
0 77 66
0 76 66
0 74 66
0 72 66
0 74 66
0 72 66
0 70 66
0 69 66
0 67 66
0 65 132
0 66 5
61 75 66
0 65 132
0 66 5
61 75 66
0 68 132
0 66 5
61 75 66
0 65 132
0 66 5
61 75 66
0 65 132
0 66 5
61 75 66
0 68 132
0 66 5
61 75 66
0 65 50
284 69 66
0 75 50
16 65 66
0 69 66
0 72 66
0 75 50
16 81 66
0 87 66
0 86 66
0 84 66
0 82 66
0 81 66
0 79 66
0 77 66
0 79 66
0 77 66
0 75 66
0 74 66
0 72 66
0 74 133
133 74 133
0 72 133
133 72 133
0 75 668
0 74 133
0 75 133
133 75 133
0 74 133
133 74 133
0 79 668
0 77 133
0 77 133
0 76 133
0 72 267
0 74 133
0 75 131
2 75 133
0 74 133
0 70 267
0 72 133
0 73 267
0 72 133
0 73 267
0 72 133
0 70 133
0 69 401
0 72 133
267 74 66
0 70 66
0 65 66
0 70 66
0 74 66
0 70 66
0 72 66
0 69 66
0 65 66
0 69 66
0 72 66
0 69 66
0 75 66
0 70 66
0 67 66
0 70 66
0 75 66
0 70 66
0 75 66
0 70 66
0 75 66
0 70 66
0 74 66
0 69 66
0 75 66
0 70 66
0 67 66
0 70 66
0 75 66
0 70 66
0 74 66
0 69 66
0 65 66
0 69 66
0 74 66
0 69 66
0 79 66
0 70 66
0 67 66
0 70 66
0 79 66
0 70 66
0 79 66
0 70 66
0 79 66
0 70 66
0 77 66
0 70 66
200 67 66
0 70 66
0 76 66
200 69 66
0 72 66
0 75 66
200 67 66
0 70 66
0 74 66
200 63 66
0 67 66
0 72 66
200 62 66
0 65 66
0 70 66
200 63 66
0 65 66
0 69 66
1337 62 133
0 65 133
0 66 133
0 69 133
0 72 133
0 75 133
0 78 133
0 81 133
0 84 133
0 81 133
0 78 133
0 75 133
0 74 133
0 66 133
0 69 133
0 67 133
0 73 133
0 74 133
0 78 133
0 79 133
0 85 133
0 86 133
0 81 133
0 82 133
0 78 133
0 79 133
133 77 133
0 76 133
133 76 133
0 85 133
133 85 133
0 84 133
133 84 133
0 76 133
133 76 133
0 77 133
0 84 133
0 79 133
0 82 133
0 80 133
0 76 133
0 79 133
0 77 133
0 75 133
0 73 133
0 72 401
0 71 401
0 77 401
0 71 401
133 64 133
0 71 66
200 74 133
0 70 66
200 67 133
0 72 66
200 78 133
0 79 66
200 76 133
0 81 66
200 78 133
0 76 66
66 79 802
66 79 66
0 84 72
60 84 6
60 82 6
60 81 6
60 79 6
60 81 6
60 82 6
60 81 6
60 79 6
60 77 6
60 76 6
60 77 6
60 79 6
60 77 6
60 76 6
60 74 6
60 72 6
60 73 6
60 74 6
60 72 6
60 70 6
60 69 6
60 67 6
60 69 6
60 70 6
60 69 6
60 67 6
60 65 6
60 64 6
60 65 6
60 67 6
60 65 6
60 64 6
60 62 6
60 62 60
66 84 72
60 84 6
60 89 6
60 84 6
60 82 6
60 81 6
60 80 6
60 81 6
60 84 6
60 81 6
60 79 6
60 77 6
60 76 6
60 77 6
60 81 6
60 77 6
60 74 6
60 72 6
60 71 6
60 72 6
60 77 6
60 72 6
60 70 6
60 69 6
60 68 6
60 69 6
60 72 6
60 69 6
60 65 6
60 65 60
0 77 66
0 64 66
0 77 66
0 65 66
0 77 66
0 67 66
0 77 66
0 65 66
0 77 66
0 67 66
0 77 66
0 69 66
0 77 66
0 67 66
0 77 66
0 69 66
0 77 66
0 70 66
0 77 66
0 70 66
0 77 66
0 69 66
0 77 66
0 70 66
0 77 66
0 70 66
0 77 66
0 69 66
0 77 66
0 68 66
0 77 66
0 68 66
0 77 66
0 68 66
0 77 66
0 67 133
66 84 72
60 84 6
60 89 6
60 84 6
60 82 6
60 81 6
60 80 6
60 81 6
60 84 6
60 81 6
60 79 6
60 77 6
60 76 6
60 77 6
60 81 6
60 77 6
60 74 6
60 72 6
60 71 6
60 72 6
60 77 6
60 72 6
60 70 6
60 69 6
60 68 6
60 69 6
60 72 6
60 69 6
60 65 6
60 65 60
0 77 66
0 64 66
0 77 66
0 65 66
0 77 66
0 67 66
0 77 66
0 65 66
0 77 66
0 67 66
0 77 66
0 69 66
0 77 66
0 67 66
0 77 66
0 69 66
0 77 66
0 70 66
0 77 66
0 70 66
0 77 66
0 69 66
0 77 66
0 70 66
0 77 66
0 70 66
0 77 66
0 69 66
0 77 66
0 68 66
0 77 66
267 67 66
0 76 66
267 66 66
0 75 66
401 62 66
0 67 66
0 70 66
0 74 66
0 72 72
60 69 6
60 67 6
60 65 6
60 64 6
60 65 6
60 65 60
66 60 133
0 60 100
0 64 33
0 70 535
0 69 66
66 67 66
66 67 133
0 65 267
0 65 367
0 64 33
0 70 535
0 69 66
66 67 66
66 71 401
0 72 133
234 64 33
0 70 535
0 69 66
66 67 66
66 65 267
0 69 401
0 72 401
0 70 401
0 67 133
0 65 133
267 73 401
0 74 401
0 84 401
0 74 401
0 74 401
0 79 401
0 72 401
0 79 66
0 74 66
0 70 66
0 74 66
0 79 66
0 74 66
0 81 66
0 74 66
0 72 66
0 74 66
0 81 66
0 74 66
0 82 66
0 79 66
0 74 66
0 79 66
0 82 66
0 79 66
0 83 66
0 79 66
0 74 66
0 79 66
0 83 66
0 79 66
0 84 267
0 86 66
0 84 66
0 82 267
0 84 66
0 82 66
0 81 267
0 82 66
0 81 66
0 79 267
0 81 66
0 79 66
0 77 267
0 79 66
0 77 66
0 76 267
0 77 66
0 76 66
0 79 72
60 76 6
60 77 6
60 76 6
60 77 6
60 81 6
60 79 6
60 78 6
60 79 6
60 78 6
60 79 6
60 81 6
60 79 6
60 77 6
60 79 6
60 81 6
60 82 6
60 84 6
60 82 6
60 81 6
60 82 6
60 84 6
60 85 6
60 86 6
60 86 60
0 74 72
60 84 6
60 82 6
60 81 6
60 79 6
60 79 60
0 78 72
60 81 6
60 82 6
60 83 6
60 84 6
60 84 60
0 72 66
0 84 66
0 82 66
0 81 66
0 79 66
0 77 66
0 76 72
60 79 6
60 80 6
60 81 6
60 81 60
0 82 66
0 84 66
0 82 66
0 81 66
0 79 66
0 77 66
0 76 66
0 77 72
60 74 6
60 72 6
60 70 6
60 69 6
60 69 60
0 72 66
0 77 66
0 79 66
0 77 66
0 76 66
0 74 66
0 72 72
60 69 6
60 67 6
60 65 6
60 64 6
60 64 60
0 65 72
60 65 6
60 64 6
60 62 6
60 60 6
60 60 66
327 68 535
0 67 66
66 65 66
66 71 267
0 72 133
0 67 267
133 73 535
0 72 66
66 70 66
66 68 133
0 70 44
0 68 44
0 67 44
0 68 66
0 70 66
0 72 267
133 77 401
0 75 267
0 77 133
0 75 267
0 73 133
0 72 401
0 70 267
0 68 133
0 67 267
0 65 133
0 68 401
0 67 133
267 80 535
0 67 66
66 77 66
66 71 267
0 84 133
0 67 267
133 73 535
0 72 66
66 82 66
66 81 267
0 84 133
0 82 267
133 83 401
0 72 401
0 85 401
0 72 133
200 89 66
0 72 367
0 80 33
0 76 401
0 77 66
0 72 66
0 71 66
0 72 66
0 74 66
0 72 66
0 70 66
0 72 66
0 70 66
0 72 66
0 70 66
0 72 66
0 69 66
0 72 66
0 71 66
0 72 66
0 77 66
0 72 66
0 70 66
0 72 66
0 70 66
0 72 66
0 70 66
0 72 66
0 69 66
0 84 66
0 83 66
0 84 66
0 86 66
0 84 66
0 82 66
0 84 66
0 82 66
0 84 66
0 82 66
0 84 66
0 81 66
0 84 66
0 83 66
0 84 66
0 89 66
0 84 66
0 82 66
0 84 66
0 82 66
0 84 66
0 82 66
0 84 66
0 81 66
0 84 66
0 89 66
0 81 66
0 79 66
0 88 66
0 77 66
0 86 66
0 76 66
0 84 66
0 74 66
0 82 66
0 72 66
0 81 66
0 70 66
0 79 66
0 69 66
0 77 66
0 67 66
0 76 66
0 65 66
0 74 66
0 64 66
0 72 66
0 71 401
0 70 401
0 82 401
0 76 401
133 84 66
66 84 66
200 86 66
66 86 66
66 72 367
0 81 33
0 79 401
0 77 66
0 72 66
0 71 66
0 72 66
0 74 66
0 72 66
0 70 66
0 72 66
0 70 66
0 72 66
0 70 66
0 72 66
0 69 66
0 72 66
0 71 66
0 72 66
0 77 66
0 72 66
0 70 66
0 72 66
0 70 66
0 72 66
0 70 66
0 72 66
0 69 66
0 84 66
0 83 66
0 84 66
0 86 66
0 84 66
0 82 66
0 84 66
0 82 66
0 84 66
0 82 66
0 84 66
0 81 66
0 84 66
0 83 66
0 84 66
0 89 66
0 84 66
0 82 66
0 84 66
0 82 66
0 84 66
0 82 66
0 84 66
0 81 66
0 84 66
0 89 66
0 81 66
0 79 66
0 88 66
0 77 66
0 86 66
0 76 66
0 84 66
0 74 66
0 82 66
0 72 66
0 81 66
0 70 66
0 79 66
0 69 66
0 77 66
0 67 66
0 76 66
0 65 66
0 74 66
0 64 66
0 72 66
0 71 401
0 70 401
0 82 401
0 76 401
133 84 66
66 84 66
200 86 66
66 86 66
66 72 401
0 76 401
0 83 66
0 84 72
60 84 6
60 83 6
60 84 6
60 84 60
0 85 72
60 85 6
60 86 6
60 88 6
60 89 6
60 89 60
0 72 367
0 81 33
0 79 267
0 79 66
0 77 66
0 77 72
60 84 6
60 89 6
60 88 6
60 86 6
60 84 6
60 86 6
60 84 6
60 82 6
60 81 6
60 79 6
60 79 60
0 77 72
60 79 6
60 77 6
60 76 6
60 74 6
60 72 6
60 74 6
60 72 6
60 70 6
60 69 6
60 67 6
60 67 60
0 65 72
60 67 6
60 65 6
60 64 6
60 62 6
60 60 6
60 62 6
60 60 6
60 58 6
60 57 6
60 55 6
60 55 60
0 53 66
66 57 66
66 60 66
66 65 66
66 69 66
66 72 66
66 77 133
267 81 267
133 87 267
535 86 267
535 80 267
535 60 735
0 69 66
0 60 668
0 65 133
0 65 133
133 57 133
0 58 66
66 67 66
66 59 66
66 60 66
66 69 66
66 61 66
66 62 66
66 70 66
66 64 66
66 82 535
0 81 66
0 79 66
0 77 66
0 76 66
0 77 66
66 79 66
66 81 66
66 69 267
0 70 133
0 70 401
0 65 133
535 57 133
0 58 66
66 67 66
66 59 66
66 60 66
66 69 66
66 61 66
66 62 66
66 70 66
66 64 66
66 82 535
0 81 66
0 79 66
0 77 66
0 76 66
0 77 33
0 79 33
0 81 33
300 74 33
0 76 33
0 77 33
300 60 334
0 69 66
0 67 267
0 65 133
0 65 400
0 64 133
0 70 133
0 67 133
0 65 264
2 69 133
0 64 133
0 70 133
0 67 133
0 65 133
0 60 131
2 69 133
0 65 133
0 60 132
1 69 133
0 67 401
0 65 133
