1 70 708
352 63 29
324 68 29
324 67 29
324 67 295
29 70 708
0 65 708
0 63 708
0 64 708
0 65 354
0 72 354
0 70 177
0 68 177
0 67 177
0 65 177
0 55 708
0 53 177
88 58 88
0 62 88
0 60 88
0 63 88
0 62 88
0 65 88
0 63 88
0 67 88
0 65 88
0 68 88
0 67 88
0 70 88
0 68 88
0 72 88
0 67 443
0 72 88
0 70 88
0 68 177
0 67 177
0 65 177
0 63 177
0 79 177
0 74 177
0 75 177
0 72 177
0 70 708
0 68 76
0 70 75
0 68 76
0 70 76
0 68 75
0 70 76
0 68 74
0 68 87
0 68 88
0 67 88
88 75 177
0 74 177
0 73 177
0 71 176
0 72 176
0 68 176
0 65 177
0 63 1063
0 67 177
0 65 177
0 63 708
354 67 354
0 67 354
0 67 354
0 68 354
0 74 708
0 82 212
0 82 141
0 79 212
141 75 35
141 74 35
141 74 141
0 77 59
0 75 472
0 74 88
0 72 88
0 70 354
0 67 354
0 67 354
0 70 354
0 68 354
0 74 708
0 82 212
0 82 141
0 79 212
141 75 35
141 74 35
141 74 141
0 75 177
0 77 59
0 75 59
0 74 59
0 75 88
0 77 88
0 79 88
0 75 88
0 70 177
177 70 354
0 65 354
0 63 354
0 63 531
0 67 177
0 62 708
620 65 88
0 77 1063
0 75 88
0 74 88
0 72 88
0 70 88
0 69 354
0 70 354
0 72 354
0 75 88
0 74 88
0 72 88
0 74 88
0 72 354
0 65 354
0 65 354
0 65 354
0 75 1063
0 77 88
0 75 88
0 74 88
0 72 88
0 70 354
0 69 354
0 74 354
0 77 88
0 75 88
0 74 88
0 75 88
0 74 177
1240 80 1063
0 79 88
0 77 88
0 75 88
0 74 88
0 75 354
0 77 177
177 78 1063
0 80 177
0 79 177
0 77 177
0 75 177
0 74 177
0 72 177
0 77 118
0 76 118
0 77 118
0 79 118
0 67 118
0 75 118
0 70 708
0 69 177
0 72 177
0 70 177
0 72 177
0 70 708
354 70 354
0 77 354
0 74 354
0 77 443
0 79 88
0 77 88
0 76 88
0 77 177
0 77 177
0 69 354
0 70 354
0 72 354
0 82 443
0 84 88
0 86 88
0 82 88
0 77 177
0 77 177
0 74 354
0 72 354
0 70 354
0 72 443
0 74 88
0 75 88
0 72 88
0 79 177
177 67 354
0 65 354
0 69 354
0 72 531
0 73 177
0 70 354
0 70 354
0 72 354
0 77 354
0 75 443
0 79 88
0 77 88
0 76 88
0 77 177
0 77 177
0 69 354
0 79 354
0 72 354
0 82 443
0 84 88
0 86 88
0 82 88
0 77 177
0 77 177
0 74 354
0 72 354
0 70 354
0 71 88
0 72 88
0 74 88
0 72 88
0 75 88
0 74 88
0 77 88
0 75 88
0 79 708
0 77 354
265 69 88
0 70 708
354 80 354
0 79 354
0 81 354
0 84 354
0 82 354
354 68 354
0 67 354
0 63 354
0 72 708
0 70 354
0 62 354
0 63 354
0 65 354
1 70 708
352 63 29
324 68 29
324 67 29
324 67 295
29 70 708
0 65 708
0 63 708
0 64 708
0 65 354
0 72 354
0 70 177
0 68 177
0 67 177
0 65 177
0 55 708
0 53 177
88 58 88
0 62 88
0 60 88
0 63 88
0 62 88
0 65 88
0 63 88
0 67 88
0 65 88
0 68 88
0 67 88
0 70 88
0 68 88
0 72 88
0 67 443
0 72 88
0 70 88
0 68 177
0 67 177
0 65 177
0 63 177
0 79 177
0 74 177
0 75 177
0 72 177
0 70 708
0 68 76
0 70 75
0 68 76
0 70 76
0 68 75
0 70 76
0 68 74
0 68 87
0 68 88
0 67 88
88 75 177
0 74 177
0 73 177
0 71 176
0 72 176
0 68 176
0 65 177
0 63 1063
0 67 177
0 65 177
0 63 708
354 67 354
0 67 354
0 67 354
0 68 354
0 74 708
0 82 212
0 82 141
0 79 212
141 75 35
141 74 35
141 74 141
0 77 59
0 75 472
0 74 88
0 72 88
0 70 354
0 67 354
0 67 354
0 70 354
0 68 354
0 74 708
0 82 212
0 82 141
0 79 212
141 75 35
141 74 35
141 74 141
0 75 177
0 77 59
0 75 59
0 74 59
0 75 88
0 77 88
0 79 88
0 75 88
0 70 177
177 70 354
0 65 354
0 63 354
0 63 531
0 67 177
0 62 708
620 65 88
0 77 1063
0 75 88
0 74 88
0 72 88
0 70 88
0 69 354
0 70 354
0 72 354
0 75 88
0 74 88
0 72 88
0 74 88
0 72 354
0 65 354
0 65 354
0 65 354
0 75 1063
0 77 88
0 75 88
0 74 88
0 72 88
0 70 354
0 69 354
0 74 354
0 77 88
0 75 88
0 74 88
0 75 88
0 74 177
1240 80 1063
0 79 88
0 77 88
0 75 88
0 74 88
0 75 354
0 77 177
177 78 1063
0 80 177
0 79 177
0 77 177
0 75 177
0 74 177
0 72 177
0 77 118
0 76 118
0 77 118
0 79 118
0 67 118
0 75 118
0 70 708
0 69 177
0 72 177
0 70 177
0 72 177
0 70 708
354 70 354
0 77 354
0 74 354
0 77 443
0 79 88
0 77 88
0 76 88
0 77 177
0 77 177
0 69 354
0 70 354
0 72 354
0 82 443
0 84 88
0 86 88
0 82 88
0 77 177
0 77 177
0 74 354
0 72 354
0 70 354
0 72 443
0 74 88
0 75 88
0 72 88
0 79 177
177 67 354
0 65 354
0 69 354
0 72 531
0 73 177
0 70 354
0 70 354
0 72 354
0 77 354
0 75 443
0 79 88
0 77 88
0 76 88
0 77 177
0 77 177
0 69 354
0 79 354
0 72 354
0 82 443
0 84 88
0 86 88
0 82 88
0 77 177
0 77 177
0 74 354
0 72 354
0 70 354
0 71 88
0 72 88
0 74 88
0 72 88
0 75 88
0 74 88
0 77 88
0 75 88
0 79 708
0 77 354
265 69 88
0 70 708
354 80 354
0 79 354
0 81 354
0 84 354
0 82 354
354 68 354
0 67 354
0 63 354
0 72 708
0 70 354
0 62 354
0 63 354
0 65 354
0 66 708
0 67 354
0 70 354
0 64 354
0 68 354
0 67 708
0 65 354
0 77 318
35 77 318
35 77 318
35 78 708
0 79 354
0 82 708
0 76 354
0 79 708
0 77 354
1417 80 354
0 79 177
0 77 177
0 75 177
0 73 177
0 72 177
0 73 177
0 77 177
0 73 177
0 62 708
0 71 1417
354 63 354
0 71 177
0 72 177
0 63 177
0 72 177
0 71 177
0 72 177
0 63 177
0 74 177
0 71 708
0 63 1417
354 63 318
35 63 318
35 63 318
35 63 318
35 63 318
35 73 443
0 72 88
0 70 88
0 68 88
0 67 354
0 79 354
0 80 354
0 72 531
0 70 177
0 73 177
0 77 177
0 68 1063
0 67 177
0 70 177
0 68 708
354 68 354
0 68 354
0 68 354
0 70 354
0 76 708
0 70 354
0 70 354
0 70 354
0 79 354
0 77 708
0 68 354
0 68 354
0 68 354
0 80 354
0 78 708
0 68 318
35 68 318
35 68 318
35 78 354
0 76 708
0 68 354
0 68 354
0 68 354
0 68 531
0 77 88
0 75 88
0 74 354
0 62 354
0 62 354
0 62 354
0 62 708
354 74 318
35 74 318
35 74 318
35 74 354
0 82 44
0 80 44
0 79 44
0 80 44
0 82 88
0 84 88
0 82 177
0 80 177
0 79 177
0 77 177
0 75 177
0 74 177
0 72 177
0 70 162
1 70 531
1 70 87
0 70 88
0 65 1
0 65 352
0 63 354
0 68 354
0 67 339
14 70 531
0 72 88
0 70 88
0 68 708
0 67 886
0 64 177
0 65 177
0 67 177
0 68 177
0 69 177
0 70 177
0 71 177
0 74 88
0 72 88
0 71 88
0 72 88
0 70 88
0 68 88
0 67 88
0 65 88
0 55 708
0 53 88
0 58 88
0 57 88
0 58 88
0 59 88
0 60 88
0 61 88
0 62 88
0 63 88
0 64 88
0 65 88
0 66 88
0 67 88
0 68 88
0 69 88
0 70 73
14 67 531
0 72 88
0 70 88
0 68 88
0 67 88
0 72 88
0 70 88
0 75 88
0 74 88
0 77 88
0 75 88
0 80 88
0 79 88
0 78 88
0 79 88
0 77 88
0 75 88
0 74 88
0 72 88
0 70 354
0 69 708
0 68 531
0 67 177
0 75 177
0 73 177
0 71 177
0 72 177
0 74 177
0 75 162
14 75 354
0 70 531
0 72 88
0 70 73
14 70 88
0 68 88
0 67 88
0 65 88
0 63 708
354 67 354
0 67 354
0 67 354
0 68 354
0 74 708
0 82 177
0 80 177
0 79 177
0 77 177
0 75 177
0 74 177
0 77 59
0 75 443
29 74 88
0 72 88
0 70 339
14 67 318
35 67 318
35 67 318
35 68 177
0 74 177
0 84 708
0 82 88
0 80 88
0 84 88
0 80 88
0 79 88
0 77 88
0 80 88
0 77 88
0 75 88
0 74 88
0 77 88
0 74 88
0 75 88
0 77 88
0 75 88
0 74 88
0 75 59
0 76 59
0 77 59
0 78 88
0 79 88
0 70 354
0 67 354
0 65 354
0 63 339
14 63 177
0 69 177
0 70 177
0 67 177
0 62 708
620 70 88
0 82 1063
0 80 88
0 79 88
0 77 88
0 75 88
0 74 354
0 75 354
0 74 354
0 80 88
0 79 88
0 77 88
0 79 88
0 77 354
0 70 318
35 70 318
35 70 318
35 80 1063
0 82 88
0 80 88
0 79 88
0 77 88
0 75 354
0 74 354
0 75 354
0 82 88
0 80 88
0 79 88
0 80 88
0 79 177
1240 73 886
0 75 44
0 73 44
0 72 44
0 73 44
0 75 177
0 77 177
0 75 177
0 73 177
0 72 177
0 71 162
14 71 886
0 72 177
0 75 177
0 74 177
0 77 177
0 75 177
0 74 177
0 72 177
0 70 147
88 72 29
88 73 29
88 74 29
88 75 29
88 75 88
0 75 88
0 63 620
0 67 177
0 65 177
0 63 177
0 65 177
0 63 708
354 63 318
35 65 318
35 67 318
35 70 443
0 72 88
0 70 88
0 69 88
0 70 177
0 70 177
0 62 354
0 63 354
0 65 354
0 75 443
0 77 88
0 79 88
0 75 88
0 70 177
0 70 177
0 67 354
0 65 354
0 63 354
0 65 443
0 67 88
0 68 88
0 65 88
0 72 177
177 60 354
0 58 354
0 62 339
14 62 531
0 66 177
0 63 354
0 75 318
35 77 318
35 79 318
35 82 443
0 84 88
0 82 88
0 81 88
0 82 177
0 82 177
0 74 354
0 75 354
0 77 354
0 87 443
0 86 88
0 87 88
0 82 88
0 79 177
0 79 177
0 79 354
0 77 354
0 75 354
0 76 88
0 77 88
0 79 88
0 77 88
0 80 88
0 79 88
0 82 88
0 80 88
0 84 708
0 82 354
265 74 88
0 75 708
354 85 354
0 84 354
0 86 354
0 89 354
0 87 354
354 73 354
0 72 354
0 68 354
0 77 708
0 67 354
0 62 354
0 63 354
0 65 354
0 66 708
0 67 354
0 70 354
0 64 354
0 68 354
0 67 708
0 65 354
0 77 318
35 77 318
35 77 318
35 78 708
0 79 354
0 82 708
0 76 354
0 79 708
0 77 354
1417 80 354
0 79 177
0 77 177
0 75 177
0 73 177
0 72 177
0 73 177
0 77 177
0 73 177
0 62 708
0 71 1417
354 63 354
0 71 177
0 72 177
0 63 177
0 72 177
0 71 177
0 72 177
0 63 177
0 74 177
0 71 708
0 63 1417
354 63 318
35 63 318
35 63 318
35 63 318
35 63 318
35 73 443
0 72 88
0 70 88
0 68 88
0 67 354
0 79 354
0 80 354
0 72 531
0 70 177
0 73 177
0 77 177
0 68 1063
0 67 177
0 70 177
0 68 708
354 68 354
0 68 354
0 68 354
0 70 354
0 76 708
0 70 354
0 70 354
0 70 354
0 79 354
0 77 708
0 68 354
0 68 354
0 68 354
0 80 354
0 78 708
0 68 318
35 68 318
35 68 318
35 78 354
0 76 708
0 68 354
0 68 354
0 68 354
0 68 531
0 77 88
0 75 88
0 74 354
0 62 354
0 62 354
0 62 354
0 62 708
354 74 318
35 74 318
35 74 318
35 74 354
0 82 44
0 80 44
0 79 44
0 80 44
0 82 88
0 84 88
0 82 177
0 80 177
0 79 177
0 77 177
0 75 177
0 74 177
0 72 177
0 70 162
1 70 531
1 70 87
0 70 88
0 65 1
0 65 352
0 63 354
0 68 354
0 67 339
14 70 531
0 72 88
0 70 88
0 68 708
0 67 886
0 64 177
0 65 177
0 67 177
0 68 177
0 69 177
0 70 177
0 71 177
0 74 88
0 72 88
0 71 88
0 72 88
0 70 88
0 68 88
0 67 88
0 65 88
0 55 708
0 53 88
0 58 88
0 57 88
0 58 88
0 59 88
0 60 88
0 61 88
0 62 88
0 63 88
0 64 88
0 65 88
0 66 88
0 67 88
0 68 88
0 69 88
0 70 73
14 67 531
0 72 88
0 70 88
0 68 88
0 67 88
0 72 88
0 70 88
0 75 88
0 74 88
0 77 88
0 75 88
0 80 88
0 79 88
0 78 88
0 79 88
0 77 88
0 75 88
0 74 88
0 72 88
0 70 354
0 69 708
0 68 531
0 67 177
0 75 177
0 73 177
0 71 177
0 72 177
0 74 177
0 75 162
14 75 354
0 70 531
0 72 88
0 70 73
14 70 88
0 68 88
0 67 88
0 65 88
0 63 708
354 67 354
0 67 354
0 67 354
0 68 354
0 74 708
0 82 177
0 80 177
0 79 177
0 77 177
0 75 177
0 74 177
0 77 59
0 75 443
29 74 88
0 72 88
0 70 339
14 67 318
35 67 318
35 67 318
35 68 177
0 74 177
0 84 708
0 82 88
0 80 88
0 84 88
0 80 88
0 79 88
0 77 88
0 80 88
0 77 88
0 75 88
0 74 88
0 77 88
0 74 88
0 75 88
0 77 88
0 75 88
0 74 88
0 75 59
0 76 59
0 77 59
0 78 88
0 79 88
0 70 354
0 67 354
0 65 354
0 63 339
14 63 177
0 69 177
0 70 177
0 67 177
0 62 708
620 70 88
0 82 1063
0 80 88
0 79 88
0 77 88
0 75 88
0 74 354
0 75 354
0 74 354
0 80 88
0 79 88
0 77 88
0 79 88
0 77 354
0 70 318
35 70 318
35 70 318
35 80 1063
0 82 88
0 80 88
0 79 88
0 77 88
0 75 354
0 74 354
0 75 354
0 82 88
0 80 88
0 79 88
0 80 88
0 79 177
1240 73 886
0 75 44
0 73 44
0 72 44
0 73 44
0 75 177
0 77 177
0 75 177
0 73 177
0 72 177
0 71 162
14 71 886
0 72 177
0 75 177
0 74 177
0 77 177
0 75 177
0 74 177
0 72 177
0 70 147
88 72 29
88 73 29
88 74 29
88 75 29
88 75 88
0 75 88
0 63 620
0 67 177
0 65 177
0 63 177
0 65 177
0 63 708
354 63 318
35 65 318
35 67 318
35 70 443
0 72 88
0 70 88
0 69 88
0 70 177
0 70 177
0 62 354
0 63 354
0 65 354
0 75 443
0 77 88
0 79 88
0 75 88
0 70 177
0 70 177
0 67 354
0 65 354
0 63 354
0 65 443
0 67 88
0 68 88
0 65 88
0 72 177
177 60 354
0 58 354
0 62 339
14 62 531
0 66 177
0 63 354
0 75 318
35 77 318
35 79 318
35 82 443
0 84 88
0 82 88
0 81 88
0 82 177
0 82 177
0 74 354
0 75 354
0 77 354
0 87 443
0 86 88
0 87 88
0 82 88
0 79 177
0 79 177
0 79 354
0 77 354
0 75 354
0 76 88
0 77 88
0 79 88
0 77 88
0 80 88
0 79 88
0 82 88
0 80 88
0 84 708
0 82 354
265 74 88
0 75 708
354 85 354
0 84 354
0 86 354
0 89 354
0 87 354
354 73 354
0 72 354
0 68 354
0 77 708
0 67 354
0 62 354
0 63 354
0 65 354
0 62 1417
0 63 354
