1 79 153
154 79 464
0 77 77
0 76 73
3 76 77
0 74 77
0 72 77
0 71 77
0 72 57
45 72 6
45 74 6
45 72 6
45 74 6
45 72 6
45 74 6
45 72 6
45 74 25
45 74 51
0 76 77
0 67 309
309 79 77
77 79 77
77 79 464
0 77 77
0 76 73
3 76 77
0 74 77
0 72 77
0 71 77
0 72 57
45 72 6
45 74 6
45 72 6
45 74 6
45 72 6
45 74 6
45 72 6
45 74 25
45 74 51
0 76 77
0 67 309
309 69 77
77 72 77
77 77 77
77 81 77
77 84 154
464 67 77
77 72 77
77 76 77
77 79 77
77 84 154
387 67 77
0 79 929
0 77 51
0 79 51
0 77 51
0 76 77
0 77 77
0 75 309
0 76 309
619 69 154
0 72 77
0 69 77
0 77 77
0 72 77
0 81 77
0 77 77
0 84 154
464 67 154
0 72 77
0 67 77
0 76 77
0 72 77
0 79 77
0 76 77
0 84 154
464 81 154
0 79 154
0 77 77
77 76 77
77 76 154
0 74 154
0 72 77
77 71 77
77 72 92
61 69 15
61 71 15
61 72 15
61 74 15
61 76 15
61 77 15
61 79 15
61 81 15
61 83 15
61 84 15
61 84 61
0 79 77
77 79 77
154 79 77
0 81 77
0 79 77
77 77 77
0 79 77
0 77 77
77 76 77
0 77 77
0 76 77
77 74 77
0 76 77
0 74 77
0 72 92
61 69 15
61 71 15
61 72 15
61 74 15
61 76 15
61 77 15
61 79 15
61 81 15
61 83 15
61 84 15
61 84 61
0 79 77
77 79 77
154 79 77
0 81 77
0 79 77
77 77 77
0 79 77
0 77 77
77 76 77
0 77 77
0 76 77
77 74 77
0 76 77
0 74 77
0 72 464
0 74 77
0 76 77
0 77 77
77 77 309
0 79 77
0 81 77
0 79 154
0 76 154
0 84 77
77 84 77
77 86 77
0 84 77
0 83 77
0 81 73
3 81 77
0 79 77
0 77 77
0 76 77
0 79 464
0 76 154
0 74 309
309 73 154
0 74 154
0 72 77
0 71 77
0 69 77
0 67 77
0 73 154
0 74 154
0 72 77
0 71 77
0 69 77
0 67 77
0 75 154
0 76 154
0 76 77
77 76 77
77 76 309
232 69 77
0 81 464
0 79 51
0 78 51
0 76 51
0 74 154
0 86 77
77 86 77
77 86 77
77 86 387
0 83 77
0 86 77
0 83 77
0 79 309
309 73 154
0 74 154
0 72 77
0 71 77
0 69 77
0 67 77
0 73 77
0 74 77
0 76 77
0 74 77
0 72 77
0 71 77
0 69 77
0 67 77
0 75 154
0 76 151
3 76 77
77 76 77
77 76 309
309 81 92
61 84 15
61 83 15
61 81 15
61 79 15
61 78 15
61 76 15
61 74 15
61 78 15
61 81 15
61 79 15
61 78 15
61 76 15
61 74 15
61 72 15
61 71 15
61 71 139
154 72 38
0 74 38
0 72 38
0 74 38
0 72 38
12 71 51
0 72 51
0 74 154
361 76 51
0 78 51
0 79 309
0 79 232
0 79 77
0 79 309
0 78 77
0 76 77
0 74 77
0 72 77
0 71 154
154 72 38
0 74 38
0 72 38
0 74 38
0 72 38
12 71 51
0 72 51
0 74 154
361 76 51
0 78 51
0 79 309
0 79 232
0 79 77
0 79 309
0 78 77
0 76 77
0 74 77
0 72 77
0 71 77
77 79 92
61 83 15
61 81 15
61 79 15
61 78 15
61 76 15
61 74 15
61 72 15
61 71 15
61 69 15
61 67 15
61 66 15
61 64 15
61 62 15
61 62 139
154 60 619
0 59 309
154 57 77
77 60 77
77 64 77
77 68 154
0 69 154
0 72 154
0 76 154
0 76 154
0 67 142
12 67 619
0 71 154
0 69 154
0 67 309
309 74 154
0 71 154
0 79 154
0 78 77
77 76 77
77 74 77
77 72 77
77 71 77
77 69 154
154 71 154
154 74 154
0 73 154
0 72 154
154 71 154
0 72 154
0 74 154
0 75 77
77 76 46
0 78 46
0 76 46
0 78 46
0 76 46
0 78 77
0 79 77
77 78 77
77 76 77
77 74 77
77 72 77
77 71 77
77 74 232
0 71 77
0 69 154
154 74 232
0 76 38
0 78 38
0 79 154
0 78 77
77 76 77
77 74 77
77 72 77
77 71 77
77 69 154
154 71 154
154 72 154
154 73 154
154 74 154
154 75 154
154 76 232
0 64 77
0 72 232
0 69 77
0 67 309
0 69 309
0 67 309
77 79 77
0 81 77
0 79 77
0 76 77
0 79 77
0 81 77
0 79 77
0 84 77
0 79 77
0 76 77
0 72 77
0 79 77
77 79 77
154 79 77
0 81 77
0 79 77
0 76 77
0 79 77
0 81 77
0 79 77
0 84 77
0 79 77
0 76 77
0 72 77
0 79 77
77 79 77
154 74 77
0 78 77
0 74 77
0 79 77
77 79 77
154 74 77
0 78 77
0 74 77
0 79 77
77 79 77
154 74 77
0 81 77
0 74 77
0 83 77
0 74 77
0 83 77
0 74 77
0 84 77
0 74 77
0 84 77
0 74 77
0 86 154
0 83 154
0 79 154
0 83 154
0 74 154
0 79 154
0 71 154
0 74 154
0 69 154
0 76 154
0 74 77
0 72 77
0 71 77
0 69 77
0 67 309
0 66 41
0 67 41
0 66 41
0 67 41
0 66 41
0 64 51
0 66 51
0 67 309
77 79 77
0 81 77
0 79 77
0 76 77
0 79 77
0 81 77
0 79 77
0 84 77
0 79 77
0 76 77
0 72 77
0 79 77
77 79 77
154 79 77
0 81 77
0 79 77
0 76 77
0 79 77
0 81 77
0 79 77
0 84 77
0 79 77
0 76 77
0 72 77
0 79 77
77 79 77
154 74 77
0 78 77
0 74 77
0 79 77
77 79 77
154 74 77
0 78 77
0 74 77
0 79 77
77 79 77
154 74 77
0 81 77
0 74 77
0 83 77
0 74 77
0 83 77
0 74 77
0 84 77
0 74 77
0 84 77
0 74 77
0 86 77
0 83 77
0 86 77
0 83 77
0 79 77
0 83 77
0 79 77
0 83 77
0 74 77
0 79 77
0 74 77
0 79 77
0 71 77
0 74 77
0 71 77
0 74 77
0 69 77
0 76 77
0 75 77
0 76 77
0 74 77
0 72 77
0 71 77
0 69 77
0 67 309
0 66 41
0 67 41
0 66 41
0 67 41
0 66 41
0 64 51
0 66 51
0 67 232
0 62 77
0 71 232
0 67 77
0 74 154
154 81 92
61 78 15
61 76 15
61 74 15
61 74 139
154 76 92
61 72 15
61 71 15
61 69 15
61 69 139
154 74 92
61 71 15
61 69 15
61 67 15
61 67 61
0 62 77
0 67 77
0 62 77
0 71 77
0 67 77
0 71 77
0 67 77
0 74 154
154 81 92
61 78 15
61 76 15
61 74 15
61 74 61
77 74 77
77 76 92
61 72 15
61 71 15
61 69 15
61 69 61
77 69 77
77 74 92
61 71 15
61 69 15
61 67 15
61 67 294
0 71 154
154 67 154
1 79 153
154 79 464
0 77 77
0 76 73
3 76 77
0 74 77
0 72 77
0 71 77
0 72 57
45 72 6
45 74 6
45 72 6
45 74 6
45 72 6
45 74 6
45 72 6
45 74 25
45 74 51
0 76 77
0 67 309
309 79 77
77 79 77
77 79 464
0 77 77
0 76 73
3 76 77
0 74 77
0 72 77
0 71 77
0 72 57
45 72 6
45 74 6
45 72 6
45 74 6
45 72 6
45 74 6
45 72 6
45 74 25
45 74 51
0 76 77
0 67 309
309 69 77
77 72 77
77 77 77
77 81 77
77 84 154
464 67 77
77 72 77
77 76 77
77 79 77
77 84 154
387 67 77
0 79 929
0 77 51
0 79 51
0 77 51
0 76 77
0 77 77
0 75 309
0 76 309
619 69 154
0 72 77
0 69 77
0 77 77
0 72 77
0 81 77
0 77 77
0 84 154
464 67 154
0 72 77
0 67 77
0 76 77
0 72 77
0 79 77
0 76 77
0 84 154
464 81 154
0 79 154
0 77 77
77 76 77
77 76 154
0 74 154
0 72 77
77 71 77
77 72 92
61 69 15
61 71 15
61 72 15
61 74 15
61 76 15
61 77 15
61 79 15
61 81 15
61 83 15
61 84 15
61 84 61
0 79 77
77 79 77
154 79 77
0 81 77
0 79 77
77 77 77
0 79 77
0 77 77
77 76 77
0 77 77
0 76 77
77 74 77
0 76 77
0 74 77
0 72 92
61 69 15
61 71 15
61 72 15
61 74 15
61 76 15
61 77 15
61 79 15
61 81 15
61 83 15
61 84 15
61 84 61
0 79 77
77 79 77
154 79 77
0 81 77
0 79 77
77 77 77
0 79 77
0 77 77
77 76 77
0 77 77
0 76 77
77 74 77
0 76 77
0 74 77
0 72 464
0 74 77
0 76 77
0 77 77
77 77 309
0 79 77
0 81 77
0 79 154
0 76 154
0 84 77
77 84 77
77 86 77
0 84 77
0 83 77
0 81 73
3 81 77
0 79 77
0 77 77
0 76 77
0 79 464
0 76 154
0 74 309
309 73 154
0 74 154
0 72 77
0 71 77
0 69 77
0 67 77
0 73 154
0 74 154
0 72 77
0 71 77
0 69 77
0 67 77
0 75 154
0 76 154
0 76 77
77 76 77
77 76 309
232 69 77
0 81 464
0 79 51
0 78 51
0 76 51
0 74 154
0 86 77
77 86 77
77 86 77
77 86 387
0 83 77
0 86 77
0 83 77
0 79 309
309 73 154
0 74 154
0 72 77
0 71 77
0 69 77
0 67 77
0 73 77
0 74 77
0 76 77
0 74 77
0 72 77
0 71 77
0 69 77
0 67 77
0 75 154
0 76 151
3 76 77
77 76 77
77 76 309
309 81 92
61 84 15
61 83 15
61 81 15
61 79 15
61 78 15
61 76 15
61 74 15
61 78 15
61 81 15
61 79 15
61 78 15
61 76 15
61 74 15
61 72 15
61 71 15
61 71 139
154 72 38
0 74 38
0 72 38
0 74 38
0 72 38
12 71 51
0 72 51
0 74 154
361 76 51
0 78 51
0 79 309
0 79 232
0 79 77
0 79 309
0 78 77
0 76 77
0 74 77
0 72 77
0 71 154
154 72 38
0 74 38
0 72 38
0 74 38
0 72 38
12 71 51
0 72 51
0 74 154
361 76 51
0 78 51
0 79 309
0 79 232
0 79 77
0 79 309
0 78 77
0 76 77
0 74 77
0 72 77
0 71 77
77 79 92
61 83 15
61 81 15
61 79 15
61 78 15
61 76 15
61 74 15
61 72 15
61 71 15
61 69 15
61 67 15
61 66 15
61 64 15
61 62 15
61 62 139
154 60 619
0 59 309
154 57 77
77 60 77
77 64 77
77 68 154
0 69 154
0 72 154
0 76 154
0 76 154
0 67 142
12 67 619
0 71 154
0 69 154
0 67 309
309 74 154
0 71 154
0 79 154
0 78 77
77 76 77
77 74 77
77 72 77
77 71 77
77 69 154
154 71 154
154 74 154
0 73 154
0 72 154
154 71 154
0 72 154
0 74 154
0 75 77
77 76 46
0 78 46
0 76 46
0 78 46
0 76 46
0 78 77
0 79 77
77 78 77
77 76 77
77 74 77
77 72 77
77 71 77
77 74 232
0 71 77
0 69 154
154 74 232
0 76 38
0 78 38
0 79 154
0 78 77
77 76 77
77 74 77
77 72 77
77 71 77
77 69 154
154 71 154
154 72 154
154 73 154
154 74 154
154 75 154
154 76 232
0 64 77
0 72 232
0 69 77
0 67 309
0 69 309
0 67 309
77 79 77
0 81 77
0 79 77
0 76 77
0 79 77
0 81 77
0 79 77
0 84 77
0 79 77
0 76 77
0 72 77
0 79 77
77 79 77
154 79 77
0 81 77
0 79 77
0 76 77
0 79 77
0 81 77
0 79 77
0 84 77
0 79 77
0 76 77
0 72 77
0 79 77
77 79 77
154 74 77
0 78 77
0 74 77
0 79 77
77 79 77
154 74 77
0 78 77
0 74 77
0 79 77
77 79 77
154 74 77
0 81 77
0 74 77
0 83 77
0 74 77
0 83 77
0 74 77
0 84 77
0 74 77
0 84 77
0 74 77
0 86 154
0 83 154
0 79 154
0 83 154
0 74 154
0 79 154
0 71 154
0 74 154
0 69 154
0 76 154
0 74 77
0 72 77
0 71 77
0 69 77
0 67 309
0 66 41
0 67 41
0 66 41
0 67 41
0 66 41
0 64 51
0 66 51
0 67 309
77 79 77
0 81 77
0 79 77
0 76 77
0 79 77
0 81 77
0 79 77
0 84 77
0 79 77
0 76 77
0 72 77
0 79 77
77 79 77
154 79 77
0 81 77
0 79 77
0 76 77
0 79 77
0 81 77
0 79 77
0 84 77
0 79 77
0 76 77
0 72 77
0 79 77
77 79 77
154 74 77
0 78 77
0 74 77
0 79 77
77 79 77
154 74 77
0 78 77
0 74 77
0 79 77
77 79 77
154 74 77
0 81 77
0 74 77
0 83 77
0 74 77
0 83 77
0 74 77
0 84 77
0 74 77
0 84 77
0 74 77
0 86 77
0 83 77
0 86 77
0 83 77
0 79 77
0 83 77
0 79 77
0 83 77
0 74 77
0 79 77
0 74 77
0 79 77
0 71 77
0 74 77
0 71 77
0 74 77
0 69 77
0 76 77
0 75 77
0 76 77
0 74 77
0 72 77
0 71 77
0 69 77
0 67 309
0 66 41
0 67 41
0 66 41
0 67 41
0 66 41
0 64 51
0 66 51
0 67 232
0 62 77
0 71 232
0 67 77
0 74 154
154 81 92
61 78 15
61 76 15
61 74 15
61 74 139
154 76 92
61 72 15
61 71 15
61 69 15
61 69 139
154 74 92
61 71 15
61 69 15
61 67 15
61 67 61
0 62 77
0 67 77
0 62 77
0 71 77
0 67 77
0 71 77
0 67 77
0 74 154
154 81 92
61 78 15
61 76 15
61 74 15
61 74 61
77 74 77
77 76 92
61 72 15
61 71 15
61 69 15
61 69 61
77 69 77
77 74 92
61 71 15
61 69 15
61 67 15
61 67 294
0 71 154
154 67 154
464 74 464
0 75 154
0 76 154
0 78 154
0 79 154
0 71 154
0 74 154
0 72 154
154 71 154
0 72 154
0 74 154
0 76 154
0 68 154
0 71 154
0 69 154
154 68 154
0 69 154
0 71 154
0 72 154
0 66 154
0 69 154
0 67 154
0 76 154
0 66 154
0 69 154
0 67 154
0 76 154
0 66 154
0 69 154
0 67 154
0 75 154
0 66 154
0 69 154
0 67 154
0 75 154
0 66 154
0 67 154
0 69 92
61 72 15
61 74 15
61 76 15
61 78 15
61 79 15
61 81 15
61 83 15
61 78 15
61 79 15
61 74 15
61 76 15
61 71 15
61 74 15
61 74 604
0 72 57
45 72 6
45 74 6
45 72 6
45 74 6
45 72 6
45 74 6
45 72 6
45 71 25
45 71 51
0 72 77
0 71 619
116 69 38
0 67 77
0 66 77
0 67 38
116 71 38
116 76 309
0 74 309
116 72 38
0 71 77
0 69 77
0 71 38
116 74 38
116 79 309
0 77 309
116 76 38
0 74 77
0 73 77
0 74 38
116 77 38
116 84 154
0 83 309
0 86 309
0 80 309
0 83 309
0 74 309
0 77 309
0 76 309
0 74 154
0 72 735
0 74 38
0 72 77
0 71 77
0 72 154
0 74 77
77 72 619
0 70 57
45 70 6
45 72 6
45 70 6
45 72 6
45 70 6
45 72 6
45 70 6
45 69 25
45 69 51
0 70 77
0 69 154
0 72 309
0 77 309
0 81 309
0 82 154
0 81 619
0 79 309
309 79 464
0 78 154
0 77 154
464 77 464
0 76 154
0 75 154
464 75 154
0 74 154
0 74 77
77 74 77
77 74 309
0 74 309
0 74 271
0 77 38
0 75 580
0 74 38
0 72 309
0 71 154
0 79 154
154 79 154
154 78 154
154 77 154
0 77 154
0 76 154
154 75 154
154 74 154
154 72 154
0 72 154
0 71 154
77 79 77
0 81 77
0 79 77
77 78 77
0 79 77
0 78 77
77 77 77
0 79 77
0 77 77
77 76 77
0 77 77
0 76 77
77 75 77
0 77 77
0 75 77
77 74 77
0 75 77
0 74 77
77 72 77
0 74 77
0 72 77
0 71 77
38 72 38
0 71 77
0 69 77
0 71 154
0 72 77
77 74 77
38 76 38
0 74 77
0 73 77
0 74 154
0 76 77
77 77 309
77 79 77
0 76 77
0 79 77
0 77 309
77 79 77
0 76 77
0 79 77
0 77 309
77 79 77
0 76 77
0 79 77
0 77 77
0 79 77
0 76 77
0 79 77
0 77 77
0 79 77
0 76 77
0 79 77
0 77 154
0 76 77
77 74 77
77 72 77
77 71 77
77 72 77
77 74 77
77 76 77
77 77 77
77 76 77
77 74 77
77 76 77
77 77 77
77 76 77
77 77 77
77 78 77
0 79 154
154 79 464
0 77 77
0 76 77
0 76 72
5 74 77
0 72 77
0 71 77
0 72 57
45 72 6
45 74 6
45 72 6
45 74 6
45 72 6
45 74 6
45 72 6
45 74 25
45 74 51
0 76 77
0 67 309
309 79 77
77 79 77
77 79 464
0 77 77
0 76 72
5 76 77
0 74 77
0 72 77
0 71 77
0 72 57
45 72 6
45 74 6
45 72 6
45 74 6
45 72 6
45 74 6
45 72 6
45 74 25
45 74 51
0 76 77
0 67 309
309 69 77
77 72 77
77 77 77
77 81 77
77 84 77
77 89 154
309 67 77
77 72 77
77 76 77
77 79 77
77 84 77
77 88 154
232 67 77
0 79 929
0 77 51
0 79 51
0 77 51
0 76 77
0 77 77
0 75 309
0 76 309
619 69 77
0 72 77
0 74 77
0 76 77
0 77 77
0 79 77
0 81 77
0 83 77
0 84 154
464 67 77
0 72 77
0 74 77
0 76 77
0 77 77
0 79 77
0 81 77
0 83 77
0 84 154
464 81 154
0 79 154
0 77 77
77 76 77
77 76 154
0 74 154
0 72 77
77 71 77
77 72 92
61 69 15
61 71 15
61 72 15
61 74 15
61 76 15
61 77 15
61 79 15
61 81 15
61 83 15
61 84 15
61 79 15
61 79 61
77 79 77
154 79 77
0 81 77
0 79 77
77 77 77
0 79 77
0 77 77
77 76 77
0 77 77
0 76 77
77 74 77
0 76 77
0 74 77
0 72 92
61 69 15
61 71 15
61 72 15
61 74 15
61 76 15
61 77 15
61 79 15
61 81 15
61 83 15
61 84 15
61 79 15
61 79 61
77 79 77
154 79 77
0 81 77
0 79 77
77 77 77
0 79 77
0 77 77
77 76 77
0 77 77
0 76 77
77 74 77
0 76 77
0 74 77
0 72 77
77 72 309
0 74 77
0 76 77
0 77 77
77 77 309
0 79 77
0 81 77
0 79 154
0 76 154
0 84 77
77 84 77
77 86 92
61 83 15
61 81 15
61 81 56
5 81 92
61 77 15
61 76 15
61 76 61
0 79 464
0 76 154
0 74 309
309 73 154
0 74 154
0 72 77
0 71 77
0 69 77
0 67 77
0 73 154
0 74 154
0 72 77
0 71 77
0 69 77
0 67 77
0 75 154
0 76 154
0 76 77
77 76 77
77 76 309
232 69 77
0 81 464
0 79 51
0 78 51
0 76 51
0 74 154
0 86 77
77 86 77
77 86 77
77 86 387
0 83 77
0 86 77
0 83 77
0 79 154
0 71 154
0 76 154
0 77 154
0 78 154
0 79 154
0 77 77
0 76 77
0 74 77
0 72 77
0 78 77
0 79 77
0 81 77
0 79 77
0 77 77
0 76 77
0 74 77
0 72 77
0 80 154
0 81 154
0 81 77
77 81 77
77 81 309
309 86 92
61 89 15
61 88 15
61 86 15
61 84 15
61 83 15
61 81 15
61 79 15
61 83 15
61 86 15
61 84 15
61 83 15
61 81 15
61 79 15
61 77 15
61 76 15
61 76 139
154 79 38
0 77 38
0 79 38
0 77 38
0 76 77
0 77 77
0 79 154
361 81 51
0 83 51
0 84 305
3 84 228
3 84 73
3 84 309
0 83 77
0 81 77
0 79 77
0 77 77
0 76 154
154 77 38
0 79 38
0 77 38
0 79 38
0 77 38
12 76 51
0 77 51
0 79 154
361 81 51
0 83 51
0 84 305
3 84 228
3 84 73
3 84 309
0 83 77
0 81 77
0 79 77
0 77 77
0 76 77
77 84 92
61 88 15
61 86 15
61 84 15
61 83 15
61 81 15
61 79 15
61 77 15
61 76 15
61 74 15
61 72 15
61 71 15
61 69 15
61 67 15
61 67 139
154 65 619
0 64 309
154 62 77
77 65 77
77 69 77
77 73 154
0 74 154
0 77 154
0 81 154
0 81 154
0 72 151
3 72 619
0 71 154
0 74 154
0 72 309
309 79 154
0 76 154
0 84 154
0 83 77
77 81 77
77 79 77
77 77 77
77 76 77
77 74 154
154 76 154
154 79 154
0 78 154
0 77 154
154 76 154
0 77 154
0 79 154
0 80 77
77 81 46
0 83 46
0 81 46
0 83 46
0 81 46
0 83 77
0 84 77
77 83 77
77 81 77
77 79 77
77 77 77
77 76 77
77 79 232
0 76 77
0 74 154
154 79 232
0 81 38
0 83 38
0 84 154
0 83 77
77 81 77
77 79 77
77 77 77
77 76 77
77 74 154
154 76 154
154 77 154
154 78 154
154 79 154
154 80 154
154 81 232
0 69 77
0 77 232
0 74 77
0 72 309
0 74 309
0 72 309
77 72 77
0 74 77
0 76 77
0 77 38
0 79 38
0 77 38
0 76 76
0 76 38
0 79 77
0 81 32
6 83 32
6 81 76
0 81 38
0 81 38
0 83 77
0 84 77
77 84 77
154 72 77
0 74 77
0 76 77
0 77 38
0 79 38
0 77 38
0 76 76
0 76 38
0 79 77
0 81 32
6 83 32
6 81 76
0 81 38
0 81 38
0 83 77
0 84 77
77 84 77
154 79 77
0 83 77
0 79 77
0 84 77
77 84 77
154 79 77
0 83 77
0 79 77
0 84 77
77 84 77
154 79 77
0 83 77
0 79 77
0 84 77
0 79 77
0 84 77
0 79 77
0 86 77
0 79 77
0 86 77
0 79 77
0 88 154
0 84 154
0 79 154
0 84 154
0 76 154
0 79 154
0 72 154
0 76 154
0 69 154
0 81 154
0 79 77
0 77 77
0 76 77
0 74 77
0 72 309
0 71 41
0 72 41
0 71 41
0 72 41
0 71 41
0 69 51
0 71 51
0 72 309
77 72 77
0 74 77
0 76 77
0 77 38
0 79 38
0 77 38
0 76 76
0 76 38
0 79 77
0 81 32
6 83 32
6 81 76
0 81 38
0 81 38
0 83 77
0 84 77
77 84 77
154 72 77
0 74 77
0 76 77
0 77 38
0 79 38
0 77 38
0 76 76
0 76 38
0 79 77
0 81 32
6 83 32
6 81 76
0 81 38
0 81 38
0 83 77
0 84 77
77 84 77
154 79 77
0 83 77
0 79 77
0 84 77
77 84 77
154 79 77
0 83 77
0 79 77
0 84 77
77 84 77
154 79 77
0 83 77
0 79 77
0 84 77
0 79 77
0 84 77
0 79 77
0 86 77
0 79 77
0 86 77
0 79 77
0 88 77
0 84 77
0 88 77
0 84 77
0 79 77
0 84 77
0 79 77
0 84 77
0 76 77
0 79 77
0 76 77
0 79 77
0 72 77
0 76 77
0 72 77
0 76 77
0 69 154
0 81 154
0 79 77
0 77 77
0 76 77
0 74 77
0 72 309
0 71 41
0 72 41
0 71 41
0 72 41
0 71 41
0 69 51
0 71 51
0 72 232
0 67 77
0 76 232
0 72 77
0 79 154
154 86 92
61 83 15
61 81 15
61 79 15
61 79 139
154 81 92
61 77 15
61 76 15
61 74 15
61 74 139
154 79 92
61 76 15
61 74 15
61 72 15
61 72 61
0 67 77
0 72 77
0 67 77
0 76 77
0 72 77
0 76 77
0 72 77
0 79 154
154 86 92
61 83 15
61 81 15
61 79 15
61 79 61
77 79 77
77 81 92
61 77 15
61 76 15
61 74 15
61 74 61
77 74 77
77 79 92
61 76 15
61 74 15
61 72 15
61 72 294
154 80 154
0 81 154
0 83 154
0 84 154
0 76 154
0 79 154
0 77 154
154 76 154
0 77 154
0 79 154
0 81 154
0 73 154
0 76 154
0 74 154
154 73 154
0 74 154
0 76 154
0 77 154
0 71 154
0 74 154
0 72 154
0 81 154
0 71 154
0 74 154
0 72 154
0 81 154
0 71 154
154 74 77
0 72 77
154 80 77
0 71 77
154 74 77
0 72 77
154 80 77
0 71 77
0 71 619
0 72 309
309 74 464
0 75 154
0 76 154
0 78 154
0 79 154
0 71 154
0 74 154
0 72 154
154 71 154
0 72 154
0 74 154
0 76 154
0 68 154
0 71 154
0 69 154
154 68 154
0 69 154
0 71 154
0 72 154
0 66 154
0 69 154
0 67 154
0 76 154
0 66 154
0 69 154
0 67 154
0 76 154
0 66 154
0 69 154
0 67 154
0 75 154
0 66 154
0 69 154
0 67 154
0 75 154
0 66 154
0 67 154
0 69 92
61 72 15
61 74 15
61 76 15
61 78 15
61 79 15
61 81 15
61 83 15
61 78 15
61 79 15
61 74 15
61 76 15
61 71 15
61 74 15
61 74 604
0 72 57
45 72 6
45 74 6
45 72 6
45 74 6
45 72 6
45 74 6
45 72 6
45 71 25
45 71 51
0 72 77
0 71 619
116 69 38
0 67 77
0 66 77
0 67 38
116 71 38
116 76 309
0 74 309
116 72 38
0 71 77
0 69 77
0 71 38
116 74 38
116 79 309
0 77 309
116 76 38
0 74 77
0 73 77
0 74 38
116 77 38
116 84 154
0 83 309
0 86 309
0 80 309
0 83 309
0 74 309
0 77 309
0 76 309
0 74 154
0 72 735
0 74 38
0 72 77
0 71 77
0 72 154
0 74 77
77 72 619
0 70 57
45 70 6
45 72 6
45 70 6
45 72 6
45 70 6
45 72 6
45 70 6
45 69 25
45 69 51
0 70 77
0 69 154
0 72 309
0 77 309
0 81 309
0 82 154
0 81 619
0 79 309
309 79 464
0 78 154
0 77 154
464 77 464
0 76 154
0 75 154
464 75 154
0 74 154
0 74 77
77 74 77
77 74 309
0 74 309
0 74 271
0 77 38
0 75 580
0 74 38
0 72 309
0 71 154
0 79 154
154 79 154
154 78 154
154 77 154
0 77 154
0 76 154
154 75 154
154 74 154
154 72 154
0 72 154
0 71 154
77 79 77
0 81 77
0 79 77
77 78 77
0 79 77
0 78 77
77 77 77
0 79 77
0 77 77
77 76 77
0 77 77
0 76 77
77 75 77
0 77 77
0 75 77
77 74 77
0 75 77
0 74 77
77 72 77
0 74 77
0 72 77
0 71 77
38 72 38
0 71 77
0 69 77
0 71 154
0 72 77
77 74 77
38 76 38
0 74 77
0 73 77
0 74 154
0 76 77
77 77 309
77 79 77
0 76 77
0 79 77
0 77 309
77 79 77
0 76 77
0 79 77
0 77 309
77 79 77
0 76 77
0 79 77
0 77 77
0 79 77
0 76 77
0 79 77
0 77 77
0 79 77
0 76 77
0 79 77
0 77 154
0 76 77
77 74 77
77 72 77
77 71 77
77 72 77
77 74 77
77 76 77
77 77 77
77 76 77
77 74 77
77 76 77
77 77 77
77 76 77
77 77 77
77 78 77
0 79 154
154 79 464
0 77 77
0 76 77
0 76 72
5 74 77
0 72 77
0 71 77
0 72 57
45 72 6
45 74 6
45 72 6
45 74 6
45 72 6
45 74 6
45 72 6
45 74 25
45 74 51
0 76 77
0 67 309
309 79 77
77 79 77
77 79 464
0 77 77
0 76 72
5 76 77
0 74 77
0 72 77
0 71 77
0 72 57
45 72 6
45 74 6
45 72 6
45 74 6
45 72 6
45 74 6
45 72 6
45 74 25
45 74 51
0 76 77
0 67 309
309 69 77
77 72 77
77 77 77
77 81 77
77 84 77
77 89 77
387 67 77
77 72 77
77 76 77
77 79 77
77 84 77
77 88 77
309 67 77
0 79 929
0 77 51
0 79 51
0 77 51
0 76 77
0 77 77
0 75 309
0 76 309
619 69 77
0 72 77
0 74 77
0 76 77
0 77 77
0 79 77
0 81 77
0 83 77
0 84 154
464 67 77
0 72 77
0 74 77
0 76 77
0 77 77
0 79 77
0 81 77
0 83 77
0 84 154
464 81 154
0 79 154
0 77 77
77 76 77
77 76 154
0 74 154
0 72 77
77 71 77
77 72 92
61 69 15
61 71 15
61 72 15
61 74 15
61 76 15
61 77 15
61 79 15
61 81 15
61 83 15
61 84 15
61 79 15
61 79 61
77 79 77
154 79 77
0 81 77
0 79 77
77 77 77
0 79 77
0 77 77
77 76 77
0 77 77
0 76 77
77 74 77
0 76 77
0 74 77
0 72 92
61 69 15
61 71 15
61 72 15
61 74 15
61 76 15
61 77 15
61 79 15
61 81 15
61 83 15
61 84 15
61 79 15
61 79 61
77 79 77
154 79 77
0 81 77
0 79 77
77 77 77
0 79 77
0 77 77
77 76 77
0 77 77
0 76 77
77 74 77
0 76 77
0 74 77
0 72 77
77 72 309
0 74 77
0 76 77
0 77 77
77 77 309
0 79 77
0 81 77
0 79 154
0 76 154
0 84 77
77 84 77
77 86 92
61 83 15
61 81 15
61 81 56
5 81 92
61 77 15
61 76 15
61 76 61
0 79 464
0 76 154
0 74 309
309 73 154
0 74 154
0 72 77
0 71 77
0 69 77
0 67 77
0 73 154
0 74 154
0 72 77
0 71 77
0 69 77
0 67 77
0 75 154
0 76 154
0 76 77
77 76 77
77 76 309
232 69 77
0 81 464
0 79 51
0 78 51
0 76 51
0 74 154
0 86 77
77 86 77
77 86 77
77 86 387
0 83 77
0 86 77
0 83 77
0 79 154
0 71 154
0 76 154
0 77 154
0 78 154
0 79 154
0 77 77
0 76 77
0 74 77
0 72 77
0 78 77
0 79 77
0 81 77
0 79 77
0 77 77
0 76 77
0 74 77
0 72 77
0 80 154
0 81 154
0 81 77
77 81 77
77 81 309
309 86 92
61 89 15
61 88 15
61 86 15
61 84 15
61 83 15
61 81 15
61 79 15
61 83 15
61 86 15
61 84 15
61 83 15
61 81 15
61 79 15
61 77 15
61 76 15
61 76 139
154 79 38
0 77 38
0 79 38
0 77 38
0 76 77
0 77 77
0 79 154
361 81 51
0 83 51
0 84 305
3 84 228
3 84 73
3 84 309
0 83 77
0 81 77
0 79 77
0 77 77
0 76 154
154 77 38
0 79 38
0 77 38
0 79 38
0 77 38
12 76 51
0 77 51
0 79 154
361 81 51
0 83 51
0 84 305
3 84 228
3 84 73
3 84 309
0 83 77
0 81 77
0 79 77
0 77 77
0 76 77
77 84 92
61 88 15
61 86 15
61 84 15
61 83 15
61 81 15
61 79 15
61 77 15
61 76 15
61 74 15
61 72 15
61 71 15
61 69 15
61 67 15
61 67 139
154 65 619
0 64 309
154 62 77
77 65 77
77 69 77
77 73 154
0 74 154
0 77 154
0 81 154
0 81 154
0 72 151
3 72 619
0 71 154
0 74 154
0 72 309
309 79 154
0 76 154
0 84 154
0 83 77
77 81 77
77 79 77
77 77 77
77 76 77
77 74 154
154 76 154
154 79 154
0 78 154
0 77 154
154 76 154
0 77 154
0 79 154
0 80 77
77 81 46
0 83 46
0 81 46
0 83 46
0 81 46
0 83 77
0 84 77
77 83 77
77 81 77
77 79 77
77 77 77
77 76 77
77 79 232
0 76 77
0 74 154
154 79 232
0 81 38
0 83 38
0 84 154
0 83 77
77 81 77
77 79 77
77 77 77
77 76 77
77 74 154
154 76 154
154 77 154
154 78 154
154 79 154
154 80 154
154 81 232
0 69 77
0 77 232
0 74 77
0 72 309
0 74 309
0 72 309
77 72 77
0 74 77
0 76 77
0 77 38
0 79 38
0 77 38
0 76 76
0 76 38
0 79 77
0 81 32
6 83 32
6 81 76
0 81 38
0 81 38
0 83 77
0 84 77
77 84 77
154 72 77
0 74 77
0 76 77
0 77 38
0 79 38
0 77 38
0 76 76
0 76 38
0 79 77
0 81 32
6 83 32
6 81 76
0 81 38
0 81 38
0 83 77
0 84 77
77 84 77
154 79 77
0 83 77
0 79 77
0 84 77
77 84 77
154 79 77
0 83 77
0 79 77
0 84 77
77 84 77
154 79 77
0 83 77
0 79 77
0 84 77
0 79 77
0 84 77
0 79 77
0 86 77
0 79 77
0 86 77
0 79 77
0 88 154
0 84 154
0 79 154
0 84 154
0 76 154
0 79 154
0 72 154
0 76 154
0 69 154
0 81 154
0 79 77
0 77 77
0 76 77
0 74 77
0 72 309
0 71 41
0 72 41
0 71 41
0 72 41
0 71 41
0 69 51
0 71 51
0 72 309
77 72 77
0 74 77
0 76 77
0 77 38
0 79 38
0 77 38
0 76 76
0 76 38
0 79 77
0 81 32
6 83 32
6 81 76
0 81 38
0 81 38
0 83 77
0 84 77
77 84 77
154 72 77
0 74 77
0 76 77
0 77 38
0 79 38
0 77 38
0 76 76
0 76 38
0 79 77
0 81 32
6 83 32
6 81 76
0 81 38
0 81 38
0 83 77
0 84 77
77 84 77
154 79 77
0 83 77
0 79 77
0 84 77
77 84 77
154 79 77
0 83 77
0 79 77
0 84 77
77 84 77
154 79 77
0 83 77
0 79 77
0 84 77
0 79 77
0 84 77
0 79 77
0 86 77
0 79 77
0 86 77
0 79 77
0 88 77
0 84 77
0 88 77
0 84 77
0 79 77
0 84 77
0 79 77
0 84 77
0 76 77
0 79 77
0 76 77
0 79 77
0 72 77
0 76 77
0 72 77
0 76 77
0 69 154
0 81 154
0 79 77
0 77 77
0 76 77
0 74 77
0 72 309
0 71 41
0 72 41
0 71 41
0 72 41
0 71 41
0 69 51
0 71 51
0 72 232
0 67 77
0 76 232
0 72 77
0 79 154
154 86 92
61 83 15
61 81 15
61 79 15
61 79 139
154 81 92
61 77 15
61 76 15
61 74 15
61 74 139
154 79 92
61 76 15
61 74 15
61 72 15
61 72 61
0 67 77
0 72 77
0 67 77
0 76 77
0 72 77
0 76 77
0 72 77
0 79 154
154 86 92
61 83 15
61 81 15
61 79 15
61 79 61
77 79 77
77 81 92
61 77 15
61 76 15
61 74 15
61 74 61
77 74 77
77 79 92
61 76 15
61 74 15
61 72 15
61 72 294
154 80 154
0 81 154
0 83 154
0 84 154
0 76 154
0 79 154
0 77 154
154 76 154
0 77 154
0 79 154
0 81 154
0 73 154
0 76 154
0 74 154
154 73 154
0 74 154
0 76 154
0 77 154
0 71 154
0 74 154
0 72 154
0 81 154
0 71 154
0 74 154
0 72 154
0 81 154
0 71 154
154 74 77
0 72 77
154 80 77
0 71 77
154 74 77
0 72 77
154 80 77
0 71 77
0 71 619
0 72 309
