334 69 66
0 81 267
0 78 100
0 76 33
0 74 50
83 73 50
83 74 50
50 76 33
0 74 50
83 73 50
83 74 50
83 78 267
0 76 66
0 67 66
0 79 267
0 76 100
0 74 33
0 73 50
83 71 50
83 73 50
83 69 50
83 76 50
83 81 50
83 79 267
0 78 100
0 74 33
0 78 267
0 79 133
0 83 66
0 81 66
0 79 66
0 78 66
0 76 66
0 74 32
1 74 33
0 78 267
0 79 133
0 83 66
0 81 66
0 79 66
0 78 66
0 76 66
0 74 27
5 74 33
0 83 267
0 85 133
0 86 66
0 85 66
0 83 66
0 81 66
0 79 66
0 78 66
0 83 66
0 81 66
0 79 66
0 78 66
0 76 66
0 74 66
0 73 133
200 69 66
0 81 267
0 78 100
0 76 33
0 74 50
83 73 50
83 74 50
50 76 33
0 74 50
83 73 50
83 74 50
83 78 267
0 76 66
0 67 66
0 79 267
0 76 100
0 74 33
0 73 50
83 71 50
83 73 50
83 69 50
83 76 50
83 81 50
83 76 267
0 74 100
0 74 33
0 78 267
0 79 133
0 83 66
0 81 66
0 79 66
0 78 66
0 76 66
0 74 31
2 74 33
0 83 267
0 85 133
0 88 66
0 86 66
0 85 66
0 83 66
0 81 66
0 79 66
0 85 66
0 83 66
0 81 66
0 79 66
0 78 66
0 76 66
0 83 66
0 81 66
0 79 66
0 78 66
0 76 66
0 74 66
0 81 66
0 79 66
0 78 66
0 76 66
0 74 66
0 73 66
0 74 66
200 62 66
0 66 66
0 69 66
200 66 66
0 69 66
0 74 66
200 69 66
0 74 66
0 78 66
200 74 66
0 78 66
0 81 66
736 81 334
0 83 66
0 74 267
15 73 133
15 73 84
33 86 66
66 85 66
66 83 66
66 81 66
66 80 66
66 81 167
0 83 33
0 81 33
0 80 33
0 81 66
0 83 66
0 74 267
15 73 133
15 73 84
33 86 66
66 85 66
66 83 66
66 81 66
66 80 66
66 81 167
0 83 33
0 81 33
0 80 33
0 81 66
0 83 66
0 74 267
15 73 133
15 73 118
267 62 401
0 59 401
0 64 401
0 57 133
401 62 50
83 62 50
16 64 22
0 62 22
0 61 288
0 62 50
16 64 22
0 62 22
0 61 288
0 62 50
83 61 267
66 76 66
0 81 535
0 85 50
83 83 50
83 81 50
83 80 50
83 78 50
83 76 401
0 74 133
0 59 50
83 59 50
16 61 22
0 59 22
0 58 288
0 59 50
16 59 22
0 57 22
0 56 288
0 57 50
83 56 133
200 76 66
0 86 468
0 85 66
0 83 66
0 81 66
0 80 66
0 78 66
0 76 66
0 78 66
0 76 66
0 74 66
0 73 66
0 71 66
0 73 66
0 76 66
0 78 66
0 80 66
0 81 66
0 83 66
0 85 66
0 86 66
0 88 66
0 85 66
0 83 66
0 81 66
0 86 66
0 85 66
0 83 66
0 81 66
0 80 66
0 78 66
0 76 66
0 78 66
0 76 66
0 74 66
0 73 66
0 71 66
0 73 66
0 76 66
0 78 66
0 80 66
0 81 66
0 83 66
0 85 66
0 86 66
0 88 66
0 85 66
0 83 66
0 81 66
0 86 66
0 85 66
0 83 66
0 81 66
0 80 66
0 78 66
0 76 66
0 78 66
0 76 66
0 74 66
0 73 66
0 71 66
0 73 66
0 76 66
0 78 66
0 80 66
0 81 66
0 83 66
0 85 66
0 83 66
0 81 66
0 80 66
0 78 66
0 76 66
0 78 66
0 76 66
0 74 66
0 73 66
0 71 66
0 69 66
0 74 66
0 73 66
0 71 66
0 69 66
0 68 66
0 66 66
0 64 50
83 68 50
83 71 50
83 71 50
351 73 401
0 62 133
0 73 133
0 71 133
0 61 1071
0 73 133
0 69 267
0 78 133
0 68 133
0 69 133
0 71 133
0 69 267
133 71 535
0 73 133
0 71 133
0 71 535
0 73 133
0 74 133
0 76 133
0 81 100
33 80 100
33 78 100
33 76 100
33 74 100
33 73 267
0 74 66
0 73 66
0 71 133
267 64 401
0 71 133
0 73 133
0 71 133
0 69 401
0 67 401
0 66 267
0 64 133
0 62 267
0 78 133
0 76 267
0 74 133
0 73 267
133 71 133
0 83 66
66 83 66
66 83 66
66 83 66
66 83 66
66 83 133
0 76 66
66 88 66
66 88 66
66 81 66
66 81 66
66 81 66
66 74 66
66 76 66
66 71 66
66 69 66
66 71 66
66 69 401
0 85 401
0 86 66
0 85 66
0 83 66
0 81 66
0 80 66
66 83 66
0 81 66
0 80 66
0 78 66
0 76 66
0 74 66
0 73 66
66 76 66
66 81 66
66 85 66
66 88 66
200 86 66
0 85 66
0 83 66
0 81 66
0 80 66
66 83 66
0 81 66
0 80 66
0 78 66
0 76 66
0 74 66
0 73 66
66 76 66
66 81 66
66 85 66
66 88 66
334 77 133
0 78 133
133 81 133
0 78 133
133 75 133
0 76 133
133 78 133
0 74 133
133 72 133
0 73 133
133 74 133
0 71 133
0 69 401
0 85 401
0 86 66
0 85 66
0 83 66
0 81 66
0 80 66
66 83 66
0 81 66
0 80 66
0 78 66
0 76 66
0 74 66
0 73 66
66 76 66
66 81 66
66 85 66
66 88 66
200 86 66
0 85 66
0 83 66
0 81 66
0 80 66
66 83 66
0 81 66
0 80 66
0 78 66
0 76 66
0 74 66
0 73 66
66 76 66
66 81 66
66 85 66
66 88 66
334 77 133
0 78 133
133 81 133
0 78 133
133 75 133
0 76 133
133 78 133
0 74 133
133 72 133
0 73 133
133 74 133
0 71 133
133 77 66
66 66 66
200 81 66
66 66 66
200 75 66
66 64 66
200 66 66
66 62 66
200 72 66
66 73 66
200 62 66
66 71 66
66 69 133
267 73 401
0 74 267
0 78 100
0 71 33
0 81 267
0 80 22
0 81 22
0 80 22
0 78 33
0 80 33
0 81 133
267 73 66
66 73 66
66 73 66
66 74 267
0 78 100
0 71 33
0 81 267
0 80 22
0 81 22
0 80 22
0 78 33
0 80 33
0 81 66
66 73 133
0 74 133
0 76 133
0 78 133
0 80 133
0 81 133
0 73 133
0 74 133
0 76 133
0 78 133
0 80 133
0 81 133
535 71 133
0 73 66
602 74 66
200 72 133
0 73 133
133 73 133
0 74 133
133 75 133
0 76 133
133 77 133
0 78 133
133 78 133
0 79 133
736 69 66
0 81 267
0 78 100
0 76 33
0 74 50
83 73 50
83 74 50
50 76 33
0 74 50
83 73 50
83 74 50
83 74 267
0 73 66
0 67 66
0 79 267
0 76 100
0 74 33
0 73 50
83 71 50
83 73 50
83 69 50
83 76 50
83 81 50
83 76 267
0 74 100
0 74 33
0 78 267
0 79 133
0 83 66
0 81 66
0 79 66
0 78 66
0 76 66
0 74 31
1 74 33
0 78 267
0 79 133
0 83 66
0 81 66
0 79 66
0 78 66
0 76 66
0 74 27
5 74 33
0 83 267
0 85 133
0 86 66
0 85 66
0 83 66
0 81 66
0 79 66
0 78 66
0 83 66
0 81 66
0 79 66
0 78 66
0 76 66
0 74 66
0 76 133
200 69 66
0 81 267
0 78 100
0 76 33
0 74 50
83 73 50
83 74 50
50 76 33
0 74 50
83 73 50
83 74 50
83 78 267
0 73 66
0 67 66
0 79 267
0 76 100
0 74 33
0 73 50
83 71 50
83 73 50
83 69 50
83 76 50
83 81 50
83 76 267
0 74 100
0 74 33
0 78 267
0 79 133
0 83 66
0 81 66
0 79 66
0 78 66
0 76 66
0 74 31
7 74 32
7 74 262
0 85 133
0 88 66
0 86 66
0 85 66
0 83 66
0 81 66
0 79 66
0 85 66
0 83 66
0 81 66
0 79 66
0 78 66
0 76 66
0 83 66
0 81 66
0 79 66
0 78 66
0 76 66
0 74 66
0 81 66
0 79 66
0 78 66
0 76 66
0 74 66
0 73 66
0 74 66
200 66 66
0 69 66
0 74 66
200 69 66
0 74 66
0 78 66
200 74 66
0 78 66
0 81 66
200 78 66
0 81 66
0 84 66
736 74 334
0 76 66
0 67 267
15 66 133
15 66 84
33 79 66
66 78 66
66 76 66
66 74 66
66 73 66
66 74 167
0 76 33
0 74 33
0 73 33
0 74 66
0 76 66
0 67 267
15 66 133
15 66 84
33 79 66
66 78 66
66 76 66
66 74 66
66 73 66
66 74 167
0 76 33
0 74 33
0 73 33
0 74 66
0 76 66
0 67 267
0 66 133
0 67 133
267 64 401
0 64 401
0 66 401
0 62 133
267 64 401
0 66 401
0 66 401
0 64 133
267 59 401
0 64 401
0 61 401
0 66 133
267 73 401
0 62 401
0 77 401
0 70 133
803 78 66
66 78 66
66 79 33
0 81 33
0 79 66
0 78 66
66 78 66
66 79 33
0 81 33
0 79 66
0 78 66
66 78 66
66 78 267
0 79 66
0 81 66
0 83 133
0 76 66
66 76 66
66 78 33
0 79 33
0 78 66
0 76 66
66 76 66
66 76 33
0 78 33
0 76 66
0 74 66
66 74 66
66 74 267
0 76 66
0 78 66
0 79 133
0 72 66
66 72 66
66 74 22
0 72 22
0 71 22
0 72 200
0 79 133
0 78 133
0 71 66
66 71 66
66 73 22
0 71 22
0 70 22
0 71 200
0 78 133
0 78 133
0 76 133
0 73 66
66 76 133
0 74 133
0 71 66
66 70 72
60 73 6
60 74 6
60 73 6
60 74 6
60 73 6
60 73 127
267 74 66
0 83 66
0 74 66
0 83 66
0 74 66
0 83 66
0 74 66
0 83 66
0 74 66
0 83 66
0 74 66
0 83 66
0 73 66
0 83 66
0 73 66
0 83 66
0 73 66
0 83 66
0 73 66
0 81 66
0 73 66
0 81 66
0 73 66
0 81 66
0 75 66
0 81 66
0 76 66
0 79 66
0 76 66
0 79 66
0 71 66
0 79 66
0 71 66
0 79 66
0 73 66
0 79 66
0 69 66
0 79 66
0 69 66
0 79 66
0 69 66
0 79 66
0 69 66
0 78 66
0 69 66
0 78 66
0 69 66
0 78 66
0 71 66
0 78 66
0 71 66
0 76 66
0 71 66
0 75 66
0 76 66
0 83 66
0 76 66
0 81 66
0 76 66
0 80 66
0 76 66
0 81 66
0 74 66
0 81 66
0 73 66
0 81 66
0 79 66
0 82 66
0 78 66
0 83 66
0 76 66
0 85 66
0 74 66
0 85 66
0 74 66
0 85 66
0 74 66
0 83 66
0 73 66
0 83 66
0 73 66
0 83 66
0 73 66
0 81 66
0 71 66
0 81 66
0 71 66
0 81 66
0 71 66
0 79 66
0 69 66
0 79 66
0 69 66
0 79 66
0 69 66
0 78 66
0 67 66
0 78 66
0 67 66
0 78 66
0 67 66
0 76 66
0 66 66
0 76 66
0 66 66
0 76 66
0 66 66
0 74 66
0 64 66
0 74 66
0 64 66
0 74 66
0 64 66
0 72 66
0 62 66
0 72 66
0 62 66
0 72 66
0 62 66
0 71 66
0 64 66
0 71 66
0 69 66
0 68 66
0 69 66
0 71 66
0 72 66
0 74 66
0 76 66
0 72 66
0 71 66
0 69 66
0 59 401
0 66 133
401 74 66
66 74 66
66 74 66
66 74 66
66 74 66
66 74 401
0 66 133
401 67 66
66 71 66
66 74 66
66 79 66
66 83 66
66 86 401
0 84 133
401 83 66
0 84 66
0 86 66
0 83 66
0 79 66
66 79 66
0 81 66
0 83 66
0 79 66
0 76 66
66 76 66
0 78 66
0 79 66
0 76 66
0 73 66
66 73 66
0 74 66
0 76 66
0 73 66
0 74 133
0 76 133
0 78 133
0 79 133
0 76 66
66 72 66
66 67 401
0 66 133
401 74 66
66 74 66
66 76 33
0 78 33
0 76 66
0 74 66
66 74 66
66 74 401
0 66 133
334 67 66
0 71 66
0 67 66
0 74 66
0 71 66
0 79 66
0 74 66
0 83 66
0 79 66
0 86 66
0 83 66
0 86 334
0 85 66
0 84 133
401 83 66
0 84 66
0 86 66
0 83 66
0 79 66
66 79 66
0 81 66
0 83 66
0 79 66
0 76 66
66 76 66
0 78 66
0 79 66
0 76 66
0 73 66
66 73 66
0 74 66
0 76 66
0 73 66
0 74 133
0 73 133
0 72 133
0 71 133
0 72 133
0 69 22
0 71 22
0 69 22
0 67 33
0 69 33
0 67 66
200 59 66
0 62 66
0 67 66
200 62 66
0 67 66
0 71 66
200 67 66
0 71 66
0 74 66
200 71 66
0 74 66
0 79 66
736 83 334
0 84 66
0 76 267
0 75 133
0 76 100
33 88 66
66 86 66
66 84 66
66 83 66
66 82 66
66 83 167
0 84 33
0 83 33
0 82 33
0 83 66
0 84 66
0 76 267
15 75 133
15 75 84
33 88 66
66 86 66
66 84 66
66 83 66
66 82 66
66 81 167
0 83 33
0 81 33
0 80 33
0 81 66
0 83 66
0 74 267
15 73 133
15 73 84
33 86 66
66 85 66
66 83 66
66 81 66
66 80 66
66 81 167
0 83 33
0 81 33
0 80 33
0 81 66
0 83 66
0 74 267
15 73 133
15 73 84
33 78 66
66 76 66
66 74 66
66 73 66
66 71 66
66 76 167
0 78 33
0 76 33
0 75 33
0 76 66
0 78 66
0 69 267
0 68 133
0 69 100
33 81 66
66 80 66
66 78 66
66 76 66
66 75 66
66 76 167
0 78 33
0 76 33
0 75 33
0 76 66
0 78 66
0 69 267
0 68 133
0 69 66
0 64 66
0 61 66
0 64 66
0 69 66
0 64 66
0 69 66
0 64 66
0 61 66
0 64 66
0 69 66
0 64 66
0 71 66
0 64 66
0 62 66
0 64 66
0 71 66
0 64 66
0 71 66
0 64 66
0 62 66
0 64 66
0 71 66
0 64 66
0 73 66
0 67 66
0 64 66
0 67 66
0 73 66
0 64 66
0 74 66
0 69 66
0 66 66
0 69 66
0 74 66
0 69 66
0 76 66
0 73 66
0 69 66
0 73 66
0 76 66
0 73 66
0 78 66
0 74 66
0 69 66
0 74 66
0 78 66
0 74 66
0 79 803
0 79 200
0 76 66
0 85 200
0 79 66
0 88 401
0 86 133
0 85 139
127 81 6
127 80 6
127 81 6
60 82 6
60 83 6
60 81 6
60 79 6
60 78 6
60 81 6
60 79 6
60 83 6
60 81 6
60 79 6
60 78 6
60 76 6
60 78 6
60 79 6
60 78 6
60 81 6
60 79 6
60 78 6
60 76 6
60 74 6
60 73 6
60 71 6
60 69 6
60 67 6
60 67 26
0 69 33
0 67 33
0 69 33
0 67 33
0 69 33
0 67 33
0 69 33
0 67 33
0 69 33
0 67 33
0 69 33
0 67 33
0 69 33
0 67 33
0 69 33
0 67 44
0 69 44
0 67 44
0 66 66
0 67 66
0 68 33
0 69 33
0 70 33
0 71 33
0 72 33
0 73 33
0 74 33
0 75 33
0 76 33
0 77 33
0 78 33
0 79 33
0 80 44
0 81 44
0 82 44
0 83 133
133 81 33
0 79 100
133 78 33
0 76 100
133 78 66
0 79 16
0 78 16
0 76 16
0 78 16
0 81 100
0 79 31
1 79 66
0 81 16
0 79 16
0 78 16
0 79 16
0 80 133
0 83 133
0 81 66
0 69 66
0 81 267
0 78 100
0 76 33
0 74 50
83 73 50
83 74 50
50 76 33
0 74 50
83 73 50
83 74 50
83 74 267
0 73 66
0 67 66
0 79 267
0 76 100
0 74 33
0 73 50
83 71 50
83 73 50
83 69 50
83 76 50
83 81 50
83 79 267
0 74 98
0 74 1
0 74 33
0 78 267
0 79 133
0 83 66
0 81 66
0 79 66
0 78 66
0 76 66
0 74 31
1 74 33
0 78 267
0 79 133
0 83 66
0 81 66
0 79 66
0 78 66
0 76 66
0 74 27
5 74 33
0 83 267
0 85 133
0 86 66
0 85 66
0 83 66
0 81 66
0 79 66
0 78 66
0 83 66
0 81 66
0 79 66
0 78 66
0 76 66
0 74 66
0 81 133
200 57 66
0 69 267
0 66 100
0 64 33
0 62 50
83 61 50
83 62 50
50 64 33
0 62 50
83 61 50
83 62 50
83 62 267
0 61 66
0 55 66
0 67 267
0 64 100
0 62 33
0 61 50
83 59 50
83 61 50
83 57 50
83 64 50
83 69 50
83 67 267
0 62 100
0 74 33
0 78 267
0 79 133
0 83 66
0 81 66
0 79 66
0 78 66
0 76 66
0 74 33
0 79 33
0 83 267
0 85 133
0 88 66
0 86 66
0 85 66
0 83 66
0 81 66
0 79 66
0 85 66
0 83 66
0 81 66
0 79 66
0 78 66
0 76 66
0 83 66
0 81 66
0 79 66
0 78 66
0 76 66
0 74 66
0 81 66
0 79 66
0 78 66
0 76 66
0 74 66
0 73 66
0 74 66
468 62 50
83 62 50
16 64 22
0 62 22
0 61 288
0 62 50
16 64 22
0 62 22
0 61 288
0 62 50
83 60 267
66 69 66
0 81 535
0 84 50
83 83 50
83 81 50
83 79 50
83 78 50
83 81 401
0 79 133
0 59 50
83 59 50
16 59 22
0 57 22
0 56 22
0 57 267
0 57 50
16 57 22
0 55 22
0 54 22
0 55 267
0 55 50
83 54 267
66 74 66
0 84 468
0 83 66
0 81 66
0 79 66
0 78 66
0 76 66
0 74 66
0 76 66
0 74 66
0 72 66
0 71 66
0 69 66
0 71 66
0 74 66
0 76 66
0 78 66
0 79 66
0 81 66
0 83 66
0 84 66
0 86 66
0 83 66
0 81 66
0 79 66
0 84 66
0 83 66
0 81 66
0 79 66
0 78 66
0 76 66
0 74 66
0 76 66
0 74 66
0 72 66
0 71 66
0 69 66
0 71 66
0 74 66
0 76 66
0 78 66
0 79 66
0 81 66
0 83 66
0 84 66
0 86 66
0 83 66
0 81 66
0 79 66
0 81 66
0 79 66
0 78 66
0 76 66
0 75 66
0 72 66
0 71 66
0 72 66
0 71 66
0 69 66
0 67 66
0 66 66
0 67 66
0 71 66
0 73 66
0 75 66
0 76 66
0 78 66
0 79 66
0 81 66
0 83 66
0 79 66
0 78 66
0 76 66
0 79 66
0 78 66
0 76 66
0 74 66
0 73 66
0 71 66
0 69 66
0 71 66
0 69 66
0 67 66
0 66 66
0 64 66
0 66 66
0 69 66
0 71 66
0 73 66
0 74 66
0 76 66
0 78 66
0 79 66
0 81 66
0 83 66
0 85 66
0 86 66
0 83 66
0 81 66
0 79 66
0 78 66
0 76 66
0 74 66
0 79 66
0 78 66
0 76 66
0 74 66
0 73 66
0 71 66
0 69 50
83 76 50
83 73 50
83 76 50
351 69 401
0 67 133
0 78 133
0 76 133
0 66 1071
0 78 133
0 79 267
0 83 133
0 73 133
0 74 133
0 79 133
0 78 267
133 76 535
0 78 133
0 76 133
0 76 535
0 78 133
0 79 133
0 81 133
0 86 100
33 85 100
33 83 100
33 81 100
33 79 100
33 78 267
0 79 66
0 78 66
0 76 133
267 69 401
0 76 133
0 78 133
0 76 133
0 66 401
0 66 401
0 71 267
0 75 133
0 76 267
0 78 133
0 76 267
0 73 133
0 78 267
133 76 133
0 88 66
66 88 66
66 88 66
66 88 66
66 88 66
66 88 133
0 81 66
66 81 66
66 81 66
66 86 66
66 86 66
66 86 66
66 83 66
66 78 66
66 76 66
66 74 66
66 73 66
66 74 401
0 78 401
0 79 66
0 78 66
0 76 66
0 74 66
0 73 66
66 76 66
0 74 66
0 73 66
0 71 66
0 69 66
0 67 66
0 66 66
66 69 66
66 74 66
66 78 66
66 81 66
200 79 66
0 78 66
0 76 66
0 74 66
0 73 66
66 76 66
0 74 66
0 73 66
0 71 66
0 69 66
0 67 66
0 66 66
66 69 66
66 74 66
66 78 66
66 81 66
334 82 133
0 83 133
133 86 133
0 83 133
133 80 133
0 81 133
133 83 133
0 79 133
133 77 133
0 78 133
133 79 133
0 76 133
0 74 401
0 78 401
0 79 66
0 78 66
0 76 66
0 74 66
0 73 66
66 76 66
0 74 66
0 73 66
0 71 66
0 69 66
0 67 66
0 66 66
66 69 66
66 74 66
66 78 66
66 81 66
200 79 66
0 78 66
0 76 66
0 74 66
0 73 66
66 76 66
0 74 66
0 73 66
0 71 66
0 69 66
0 67 66
0 66 66
66 69 66
66 74 66
66 78 66
66 81 66
334 82 133
0 83 133
133 86 133
0 83 133
133 80 133
0 81 133
133 83 133
0 79 133
133 77 133
0 78 133
133 79 133
0 76 133
133 70 66
66 83 66
200 74 66
66 71 66
200 68 66
66 69 66
200 71 66
66 79 66
200 77 66
66 78 66
200 67 66
66 64 66
66 74 133
267 74 401
0 67 267
0 71 100
0 64 33
0 74 267
0 73 22
0 74 22
0 73 22
0 71 33
0 73 33
0 74 133
267 74 66
66 74 66
66 66 66
66 76 267
0 79 100
0 64 33
0 74 267
0 73 22
0 74 22
0 73 22
0 71 33
0 73 33
0 74 133
0 66 133
0 69 133
0 71 133
0 73 133
0 74 133
0 76 133
0 69 133
0 71 133
0 73 133
0 74 133
0 76 133
0 78 133
0 66 133
0 73 133
0 74 133
0 76 133
0 78 133
0 76 133
0 69 133
0 74 133
0 76 133
0 78 133
0 79 133
0 78 133
200 69 66
0 81 267
0 78 100
0 76 33
0 74 50
83 73 50
83 74 50
50 76 33
0 74 50
83 73 50
83 74 50
83 78 267
0 73 66
0 67 66
0 79 267
0 76 100
0 74 33
0 73 50
83 71 50
83 73 50
83 69 50
83 76 50
83 81 50
83 79 267
0 74 100
0 74 33
0 78 267
0 79 133
0 83 66
0 81 66
0 79 66
0 78 66
0 76 66
0 74 33
0 79 33
0 83 267
0 85 133
0 88 66
0 86 66
0 85 66
0 83 66
0 81 66
0 79 66
0 85 66
0 83 66
0 81 66
0 79 66
0 78 66
0 76 66
0 83 66
0 81 66
0 79 66
0 78 66
0 76 66
0 74 66
0 81 66
0 79 66
0 78 66
0 76 66
0 74 66
0 73 66
0 74 66
200 62 66
0 66 66
0 69 66
200 66 66
0 69 66
0 74 66
200 69 66
0 74 66
0 78 66
200 74 66
0 78 66
0 81 66
736 81 334
0 83 66
0 74 267
15 73 133
15 73 84
33 86 66
66 85 66
66 83 66
66 81 66
66 80 66
66 81 167
0 83 33
0 81 33
0 80 33
0 81 66
0 83 66
0 74 267
15 73 133
15 73 84
33 86 66
66 85 66
66 83 66
66 81 66
66 80 66
66 81 167
0 83 33
0 81 33
0 80 33
0 81 66
0 83 66
0 74 267
15 73 133
15 73 118
267 59 401
0 59 401
0 69 401
0 66 133
267 83 66
0 86 66
0 83 66
0 86 66
0 78 66
0 86 66
0 83 66
0 86 66
0 76 66
0 86 66
0 83 66
0 86 66
0 79 66
0 85 66
0 76 66
0 85 66
0 76 66
0 85 66
0 86 66
334 78 66
334 78 66
