0 73 476
0 74 158
0 73 317
0 76 634
0 76 285
0 71 476
0 73 158
0 71 317
0 74 634
0 74 285
31 69 634
0 69 317
0 71 634
0 71 317
0 73 634
0 71 158
0 74 158
0 73 634
0 71 285
0 73 476
0 74 158
0 73 317
0 76 634
0 76 285
0 71 476
0 73 158
0 71 317
0 74 634
0 74 285
31 69 634
0 71 317
0 73 634
0 71 317
0 64 634
0 68 317
0 69 634
317 73 476
0 74 158
0 73 317
0 76 634
0 76 285
0 71 476
0 73 158
0 71 317
0 74 634
0 74 285
31 69 634
0 69 317
0 71 634
0 71 317
0 73 634
0 71 158
0 74 158
0 73 634
0 71 285
31 73 476
0 74 158
0 73 317
0 76 634
0 76 285
0 71 476
0 73 158
0 71 317
0 74 634
0 74 285
31 69 634
0 71 317
0 73 634
0 66 317
0 73 634
0 64 317
0 69 634
0 76 476
0 78 158
0 76 317
0 78 634
0 78 198
39 78 39
0 80 39
0 81 476
0 80 158
0 78 317
0 78 317
0 76 317
0 76 158
158 76 317
0 73 317
0 69 79
238 76 317
0 74 317
0 71 79
238 76 317
0 73 317
0 69 290
26 69 634
0 68 285
31 73 476
0 74 158
0 73 317
0 76 634
0 76 285
0 71 476
0 73 158
0 71 317
0 74 634
0 74 285
31 69 634
0 71 317
0 73 634
0 71 317
0 64 634
0 68 317
0 71 634
0 73 317
0 73 634
0 74 317
0 64 634
0 78 158
0 80 79
0 81 79
0 69 634
0 68 158
0 71 158
0 69 634
0 76 476
0 78 158
0 76 317
0 78 634
0 78 198
39 78 39
0 80 39
0 81 476
0 80 158
0 78 317
0 78 317
0 76 317
0 76 158
158 76 317
0 73 317
0 69 79
238 76 317
0 74 317
0 71 79
238 76 317
0 73 317
0 69 290
26 69 634
0 71 285
0 73 476
0 74 158
0 73 317
0 76 634
0 76 285
31 71 476
0 73 158
0 71 317
0 74 634
0 74 285
31 69 634
0 71 317
0 73 634
0 74 317
0 69 634
0 68 317
0 71 634
0 73 317
0 64 634
0 74 317
0 64 634
0 78 158
0 80 79
0 81 79
0 69 634
0 68 158
0 71 158
0 69 634
2222 72 158
0 73 126
190 73 158
0 72 158
0 73 158
0 75 158
0 76 126
190 76 158
0 78 158
0 76 158
0 76 158
0 71 126
190 71 158
0 70 158
0 71 158
0 73 158
0 74 126
190 74 158
0 76 158
0 74 119
39 74 158
0 69 126
190 69 158
0 68 158
0 69 158
0 70 158
0 71 126
190 71 158
0 70 158
0 71 158
0 72 158
0 73 158
0 72 158
0 73 158
0 76 158
0 74 158
0 73 158
0 71 158
0 69 158
0 68 158
0 66 158
0 64 158
0 73 634
0 74 317
0 75 317
0 73 317
158 73 158
0 64 317
0 71 317
0 69 317
0 70 317
0 71 317
158 68 158
0 69 158
158 69 158
158 71 52
0 73 52
0 71 52
0 69 79
0 71 79
0 73 158
158 73 158
158 71 317
0 69 317
0 69 317
0 71 317
0 69 317
634 72 158
0 73 126
190 73 158
0 72 158
0 73 158
0 75 158
0 76 126
190 76 158
0 78 158
0 76 158
0 76 158
0 71 126
190 71 158
0 70 158
0 71 158
0 73 158
0 74 126
190 74 158
0 76 158
0 74 119
39 74 158
0 69 126
190 69 158
0 68 158
0 69 158
0 70 158
0 71 126
190 71 158
0 70 158
0 71 158
0 72 158
0 73 158
0 72 158
0 73 158
0 76 158
0 74 158
0 73 158
0 71 158
0 69 158
0 68 158
0 66 158
0 64 158
0 64 634
0 71 317
0 75 317
0 73 317
158 69 158
0 68 317
0 71 317
0 64 317
0 64 317
0 74 317
158 68 158
0 69 158
158 69 158
158 71 52
0 73 52
0 71 52
0 69 79
0 71 79
0 73 158
158 73 158
158 74 317
0 73 317
0 64 317
0 62 317
0 61 317
634 75 158
0 76 126
190 76 158
0 75 158
0 76 158
0 77 158
0 78 126
190 78 158
0 77 158
0 78 158
0 80 158
0 81 126
31 79 158
0 80 126
31 77 158
0 78 126
31 75 158
0 76 126
190 76 142
15 76 142
15 76 142
15 76 158
0 73 158
0 69 158
0 76 142
15 76 142
15 76 142
15 76 158
0 74 158
0 68 158
0 76 142
15 76 142
15 76 142
15 76 158
0 73 158
0 69 158
0 76 158
0 73 158
0 69 158
0 73 634
0 71 317
0 72 158
0 73 126
190 73 158
0 72 158
0 73 158
0 75 158
0 76 126
190 76 158
0 78 158
0 76 119
39 76 158
0 71 126
190 71 158
0 70 158
0 71 158
0 73 158
0 74 126
190 74 158
0 76 158
0 74 119
39 74 158
0 69 126
190 69 158
0 73 158
0 71 158
0 74 158
0 73 126
190 73 158
0 76 158
0 74 158
0 72 158
0 73 126
190 73 158
0 74 158
0 71 158
0 71 476
0 72 158
0 69 317
0 73 238
79 73 238
79 64 238
79 64 238
79 76 238
79 78 158
0 80 79
0 81 79
0 69 317
0 64 317
0 64 317
0 64 317
634 75 158
0 76 126
190 76 158
0 75 158
0 76 158
0 77 158
0 78 126
190 78 158
0 77 158
0 78 158
0 80 158
0 81 126
31 79 158
0 80 126
31 77 158
0 78 126
31 75 158
0 76 126
190 76 142
15 76 142
15 76 142
15 76 158
0 73 158
0 69 158
0 76 142
15 76 142
15 76 142
15 76 158
0 74 158
0 68 158
0 76 142
15 76 142
15 76 142
15 76 158
0 73 158
0 69 158
0 76 158
0 73 158
0 69 158
0 73 634
0 71 317
0 72 158
0 73 126
190 73 158
0 72 158
0 73 158
0 75 158
0 76 126
190 76 158
0 78 158
0 76 119
39 76 158
0 71 126
190 71 158
0 70 158
0 71 158
0 73 158
0 74 126
190 74 158
0 76 158
0 74 119
39 74 158
0 69 126
190 69 158
0 73 158
0 71 158
0 74 158
0 73 126
190 73 158
0 76 158
0 74 158
0 72 158
0 73 126
190 73 158
0 74 158
0 71 158
0 71 476
0 72 158
0 69 317
0 73 238
79 69 238
79 74 238
79 69 238
79 76 238
79 78 158
0 80 79
0 81 79
0 69 317
0 64 317
0 64 317
0 69 317
2539 73 79
238 73 79
238 74 52
0 76 52
0 74 52
0 73 79
0 74 79
0 76 317
317 78 86
71 74 7
71 73 7
71 71 7
71 71 71
238 71 79
238 73 52
0 74 52
0 73 52
0 71 79
0 73 79
0 74 317
317 76 86
71 73 7
71 71 7
71 69 7
71 69 71
238 69 79
238 69 52
0 71 52
0 69 52
0 68 79
0 69 79
0 71 79
238 71 79
238 71 52
0 73 52
0 71 52
0 69 79
0 71 79
0 73 79
238 73 79
238 71 79
0 74 238
0 69 634
0 71 317
0 73 126
84 64 21
84 64 84
0 73 126
84 64 21
84 64 84
0 74 126
84 64 21
84 64 84
0 76 126
84 64 21
84 64 84
0 76 126
84 64 21
84 64 84
0 78 79
0 76 79
0 74 79
0 73 79
0 71 126
84 64 21
84 64 84
0 71 126
84 64 21
84 64 84
0 73 126
84 64 21
84 64 84
0 74 126
84 64 21
84 64 84
0 74 126
84 64 21
84 64 84
0 76 79
0 74 79
0 73 79
0 71 79
0 69 126
84 61 21
84 61 84
0 69 126
84 61 21
84 61 84
0 71 126
84 62 21
84 62 84
0 73 126
84 64 21
84 64 84
0 73 126
84 64 21
84 64 84
0 74 126
84 66 21
84 66 84
0 73 126
84 64 21
84 64 84
0 73 126
84 64 21
84 64 84
0 71 126
84 62 21
84 62 84
0 69 126
84 61 21
84 57 21
84 57 137
476 73 79
238 73 79
238 74 52
0 76 52
0 74 52
0 73 79
0 74 79
0 76 317
317 78 86
71 74 7
71 73 7
71 71 7
71 71 71
238 71 79
238 73 52
0 74 52
0 73 52
0 71 79
0 73 79
0 74 317
317 76 86
71 73 7
71 71 7
71 69 7
71 69 71
238 69 79
238 69 52
0 71 52
0 69 52
0 68 79
0 69 79
0 71 79
238 71 79
238 71 52
0 73 52
0 71 52
0 69 79
0 71 79
0 73 79
238 73 79
238 71 79
0 74 238
0 69 634
0 71 317
0 73 126
84 64 21
84 64 84
0 73 126
84 64 21
84 64 84
0 74 126
83 64 22
83 64 83
1 76 126
84 64 21
84 64 84
0 76 126
84 64 21
84 64 84
0 78 79
0 76 79
0 74 79
0 73 79
0 71 126
84 64 21
84 64 84
0 71 126
84 64 21
84 64 84
0 73 126
84 64 21
84 64 84
0 74 126
84 64 21
84 64 84
0 74 126
84 64 21
84 64 84
0 76 79
0 74 79
0 73 79
0 71 79
0 69 126
84 61 21
84 61 84
0 69 126
84 61 21
84 61 84
0 71 126
84 62 21
84 62 84
0 73 126
84 64 21
84 64 84
0 73 126
84 64 21
84 64 84
0 74 126
84 66 21
84 66 84
0 73 126
84 64 21
84 64 84
0 73 126
84 64 21
84 64 84
0 71 126
84 62 21
84 62 84
0 69 126
84 61 21
84 57 21
84 57 137
476 76 79
238 74 79
238 76 79
238 78 158
476 78 26
0 80 26
0 78 26
0 76 79
0 78 79
0 80 79
0 81 158
158 80 79
238 78 79
238 76 158
476 73 26
0 74 26
0 73 26
0 71 79
0 73 79
0 74 79
0 76 317
0 73 79
476 69 79
0 76 317
0 74 79
476 71 79
0 76 317
0 73 317
0 69 79
238 73 634
0 71 317
0 73 79
238 73 79
238 74 52
0 76 52
0 74 52
0 73 79
0 74 79
0 76 317
317 78 86
71 74 7
71 73 7
71 71 7
71 71 71
238 71 79
238 73 52
0 74 52
0 73 52
0 71 79
0 73 79
0 74 317
317 76 86
71 73 7
71 71 7
71 69 7
71 69 71
238 69 79
238 71 52
0 73 52
0 71 52
0 69 79
0 71 79
0 73 79
238 73 79
238 74 52
0 76 52
0 74 52
0 73 79
0 74 79
0 73 79
238 73 79
238 71 52
0 73 52
0 71 52
0 69 79
0 71 79
0 71 317
0 72 317
0 69 317
0 73 126
84 64 21
84 64 84
0 73 126
84 64 21
84 64 84
0 74 126
84 64 21
84 64 84
0 76 126
84 69 21
84 69 84
0 76 126
84 69 21
84 69 84
0 78 126
84 69 21
84 69 84
0 73 126
84 64 21
84 64 84
0 73 126
84 64 21
84 64 84
0 71 126
84 62 21
84 62 84
0 69 126
84 61 21
84 57 21
84 57 137
476 76 79
238 74 79
238 76 79
238 78 158
476 78 26
0 80 26
0 78 26
0 76 79
0 78 79
0 80 79
0 81 158
158 80 79
238 78 79
238 76 158
476 73 26
0 74 26
0 73 26
0 71 79
0 73 79
0 74 79
0 76 317
0 73 79
476 69 79
0 76 317
0 74 79
476 71 79
0 76 317
0 73 317
0 69 79
238 69 634
0 71 317
0 73 79
238 73 79
238 74 52
0 76 52
0 74 52
0 73 79
0 74 79
0 76 317
317 78 86
71 74 7
71 73 7
71 71 7
71 71 71
238 71 79
238 73 52
0 74 52
0 73 52
0 71 79
0 73 79
0 74 317
317 76 86
71 73 7
71 71 7
71 69 7
71 69 71
238 69 79
238 71 52
0 73 52
0 71 52
0 69 79
0 71 79
0 73 79
238 73 79
238 74 52
0 76 52
0 74 52
0 73 79
0 74 79
0 73 79
238 73 79
238 71 52
0 73 52
0 71 52
0 69 79
0 71 79
0 71 317
0 72 317
0 73 317
0 73 126
84 64 21
84 64 84
0 73 126
84 64 21
84 64 84
0 74 126
84 64 21
84 64 84
0 76 126
84 69 21
84 69 84
0 76 126
84 69 21
84 69 84
0 78 126
84 69 21
84 69 84
0 73 126
84 64 21
84 64 84
0 73 126
84 64 21
84 64 84
0 71 126
84 62 21
84 62 84
0 69 126
84 61 21
84 57 21
84 57 137
2380 72 158
0 71 158
0 69 158
0 71 158
0 72 158
0 74 158
0 76 158
0 75 158
0 77 158
0 76 158
0 74 158
0 72 158
0 71 158
0 69 158
0 68 158
0 69 158
0 71 158
0 72 158
0 74 158
0 73 158
0 76 158
0 74 158
0 72 158
0 71 158
0 69 158
0 76 158
0 75 158
0 76 158
0 72 158
0 69 158
0 68 158
0 76 158
0 77 158
0 76 158
0 74 158
0 71 152
6 71 158
0 69 158
0 68 158
0 69 158
0 71 158
0 72 146
11 72 634
0 68 317
0 84 158
0 71 158
0 69 158
0 71 158
0 72 158
0 86 158
0 76 158
0 87 158
0 77 158
0 88 158
0 86 158
0 72 158
0 83 158
0 81 158
0 68 158
0 81 158
0 83 158
0 84 158
0 74 158
0 85 158
0 76 158
0 86 158
0 84 158
0 83 158
0 69 158
0 68 158
0 81 158
0 84 158
0 71 158
0 86 158
0 72 158
0 83 158
0 72 158
0 88 158
0 74 158
0 89 158
0 88 158
0 87 158
0 76 158
0 76 158
0 66 158
0 80 158
0 69 634
317 72 158
0 71 158
0 69 158
0 71 158
0 72 158
0 74 158
0 76 158
0 75 158
0 77 158
0 76 158
0 74 158
0 72 158
0 71 158
0 69 158
0 68 158
0 69 158
0 71 158
0 72 158
0 74 158
0 73 158
0 76 158
0 74 158
0 72 158
0 71 158
0 69 158
0 76 158
0 75 158
0 76 158
0 72 158
0 69 158
0 68 158
0 76 158
0 77 158
0 76 158
0 74 158
0 71 144
14 71 158
0 69 158
0 68 158
0 69 158
0 71 158
0 72 145
13 72 634
0 68 317
0 84 158
0 83 158
0 69 158
0 71 158
0 72 158
0 86 158
0 88 158
0 75 158
0 89 158
0 88 158
0 86 158
0 72 158
0 83 158
0 69 158
0 68 158
0 69 158
0 71 158
0 84 158
0 74 158
0 85 158
0 88 158
0 74 158
0 84 158
0 71 158
0 81 158
0 68 158
0 81 158
0 72 158
0 71 158
0 86 158
0 72 158
0 71 158
0 72 158
0 88 158
0 86 158
0 77 158
0 88 158
0 87 158
0 88 158
0 76 158
0 66 158
0 80 158
0 69 634
317 69 158
0 68 158
0 69 158
0 81 158
0 80 158
0 79 142
15 79 158
0 77 158
0 76 158
0 77 158
0 76 158
0 77 158
0 81 158
0 80 158
0 81 158
0 80 158
0 81 158
0 77 142
15 77 158
0 76 158
0 75 158
0 76 158
0 75 158
0 76 142
15 76 158
0 74 158
0 72 158
0 71 158
0 69 158
0 76 158
0 77 158
0 74 158
0 71 158
0 69 158
0 68 158
0 71 142
15 71 158
0 69 158
0 72 158
0 71 158
0 74 158
0 72 158
0 71 52
0 72 52
0 74 52
0 69 476
0 68 238
79 72 158
0 71 158
0 69 158
0 71 158
0 72 158
0 74 158
0 76 158
0 75 158
0 77 158
0 76 158
0 74 158
0 72 158
0 71 158
0 69 158
0 68 158
0 69 158
0 71 158
0 72 158
0 74 158
0 73 158
0 76 158
0 74 158
0 72 158
0 71 158
0 69 158
0 68 158
0 69 158
0 72 158
0 71 158
0 74 158
0 72 158
0 71 158
0 72 158
0 76 158
0 74 158
0 77 158
0 76 158
0 75 158
0 76 158
0 64 158
0 66 158
0 68 158
0 69 158
0 68 158
0 69 158
0 64 158
0 60 158
0 64 158
0 69 158
0 80 158
0 81 158
0 72 158
0 83 158
0 86 158
0 72 158
0 71 158
0 84 158
0 88 158
0 74 158
0 77 158
0 76 158
0 87 158
0 76 158
0 64 158
0 78 158
0 80 158
0 81 634
317 69 158
0 68 158
0 69 158
0 81 158
0 80 158
0 79 142
15 79 158
0 77 158
0 76 158
0 77 158
0 76 158
0 77 158
0 81 158
0 80 158
0 81 158
0 80 158
0 81 158
0 77 142
15 77 158
0 76 158
0 75 158
0 76 158
0 75 158
0 76 142
15 76 158
0 74 158
0 72 158
0 71 158
0 69 158
0 76 158
0 77 158
0 74 158
0 71 158
0 69 158
0 68 158
0 71 142
15 71 158
0 69 158
0 72 158
0 71 158
0 74 158
0 72 158
0 71 52
0 72 52
0 74 52
0 72 476
0 68 238
79 72 158
0 71 158
0 69 158
0 71 158
0 72 158
0 74 158
0 76 158
0 75 158
0 77 158
0 76 158
0 74 158
0 72 158
0 71 158
0 69 158
0 68 158
0 69 158
0 71 158
0 72 158
0 74 158
0 73 158
0 76 158
0 74 158
0 72 158
0 71 158
0 69 158
0 68 158
0 69 158
0 72 158
0 71 158
0 74 158
0 72 158
0 71 158
0 72 158
0 76 158
0 74 158
0 77 158
0 76 158
0 75 158
0 76 158
0 64 158
0 66 158
0 68 158
0 69 158
0 68 158
0 69 158
0 64 158
0 60 158
0 64 158
0 69 158
0 80 158
0 81 158
0 84 158
0 71 158
0 86 158
0 84 158
0 83 158
0 84 158
0 76 158
0 74 158
0 77 158
0 88 158
0 87 158
0 88 158
0 64 158
0 66 158
0 80 158
0 81 634
2222 73 158
0 64 158
0 69 158
0 64 158
0 74 158
0 64 158
0 88 158
0 64 158
0 74 158
0 64 158
0 73 158
0 64 158
0 68 158
0 64 158
0 83 158
0 64 158
0 81 158
0 64 158
0 74 158
0 64 158
0 81 158
0 64 158
0 68 158
0 64 158
0 64 158
0 61 158
0 69 158
0 61 158
0 69 158
0 61 158
0 68 158
0 64 158
0 83 158
0 64 158
0 71 158
0 64 158
0 69 158
0 64 158
0 86 158
0 64 158
0 85 158
0 64 158
0 83 158
0 64 158
0 75 158
0 76 158
0 75 158
0 76 158
0 69 158
0 64 158
0 85 158
0 64 158
0 86 158
0 64 158
0 85 158
0 64 158
0 71 158
0 64 158
0 81 158
0 64 158
0 68 158
0 64 158
0 71 158
0 64 158
0 85 158
0 64 158
0 74 158
0 64 158
0 69 158
0 64 158
0 68 158
0 64 158
0 69 158
0 61 158
0 81 158
0 61 158
0 83 158
0 64 158
0 81 158
0 64 158
0 73 158
0 66 158
0 71 158
0 66 158
0 73 158
0 64 158
0 69 158
0 64 158
0 83 158
0 64 158
0 81 158
0 64 158
0 61 158
0 64 158
0 69 158
158 73 158
0 64 158
0 73 158
0 64 158
0 83 158
0 64 158
0 76 158
0 64 158
0 83 158
0 64 158
0 69 158
0 64 158
0 68 158
0 64 158
0 80 158
0 64 158
0 69 158
0 64 158
0 74 158
0 64 158
0 85 158
0 64 158
0 83 158
0 64 158
0 64 158
0 61 158
0 64 158
0 61 158
0 64 158
0 61 158
0 71 158
0 64 158
0 68 158
0 64 158
0 71 158
0 64 158
0 73 158
0 64 158
0 86 158
0 64 158
0 85 158
0 64 158
0 68 158
0 64 158
0 75 158
0 76 158
0 75 158
0 76 158
0 69 158
0 64 158
0 81 158
0 64 158
0 74 158
0 64 158
0 73 158
0 64 158
0 86 158
0 64 158
0 81 158
0 64 158
0 68 158
0 64 158
0 71 158
0 64 158
0 69 158
0 64 158
0 71 158
0 64 158
0 73 158
0 64 158
0 71 158
0 64 158
0 69 158
0 61 158
0 81 158
0 61 158
0 68 158
0 64 158
0 69 158
0 64 158
0 73 158
0 66 158
0 71 158
0 66 158
0 69 158
0 64 158
0 85 158
0 64 158
0 80 158
0 64 158
0 69 158
0 64 158
0 61 158
0 64 158
0 69 158
158 76 476
0 78 79
0 76 79
0 74 79
0 73 79
0 71 79
0 69 79
0 77 158
0 78 150
7 78 158
476 81 158
0 80 158
0 83 158
0 81 158
0 80 158
0 78 158
0 75 158
0 76 148
10 76 158
476 76 476
0 78 79
0 76 79
0 74 79
0 73 79
0 71 79
0 69 79
0 76 158
0 74 317
0 78 79
0 76 79
0 74 79
0 73 79
0 71 79
0 69 79
0 69 317
0 68 317
0 63 317
0 64 634
0 71 317
0 73 158
0 64 158
0 85 158
0 64 158
0 83 158
0 64 158
0 76 158
0 64 158
0 83 158
0 64 158
0 81 158
0 64 158
0 71 158
0 64 158
0 83 158
0 64 158
0 69 158
0 64 158
0 86 158
0 64 158
0 73 158
0 64 158
0 68 158
0 64 158
0 69 158
0 61 158
0 81 158
0 61 158
0 76 158
0 64 158
0 73 158
0 64 158
0 73 158
0 66 158
0 71 158
0 66 158
0 73 158
0 64 158
0 85 158
0 64 158
0 68 158
0 64 158
0 83 158
0 64 158
0 68 158
0 64 158
0 85 158
0 85 144
0 85 14
0 73 158
0 64 158
0 73 158
0 64 158
0 71 158
0 64 158
0 88 158
0 69 158
0 76 158
0 69 158
0 78 158
0 69 158
0 73 158
0 64 158
0 69 158
0 64 158
0 68 158
0 64 158
0 69 158
0 64 158
0 61 158
0 64 158
0 69 158
158 76 476
0 78 79
0 76 79
0 74 79
0 73 79
0 71 79
0 69 79
0 77 158
0 78 146
11 78 158
476 81 158
0 80 158
0 83 158
0 81 158
0 80 158
0 78 158
0 75 158
0 76 148
10 76 158
476 76 476
0 78 79
0 76 79
0 74 79
0 73 79
0 71 79
0 69 79
0 76 158
0 74 317
0 78 79
0 76 79
0 74 79
0 73 79
0 71 79
0 69 79
0 69 317
0 68 317
0 63 317
0 73 634
0 71 317
0 73 158
0 64 158
0 85 158
0 64 158
0 86 158
0 64 158
0 88 158
0 64 158
0 74 158
0 64 158
0 73 158
0 64 158
0 68 158
0 64 158
0 83 158
0 64 158
0 69 158
0 64 158
0 83 158
0 64 158
0 85 158
0 64 158
0 80 158
0 64 158
0 64 158
0 61 158
0 69 158
0 61 158
0 68 158
0 64 158
0 69 158
0 64 158
0 69 158
0 66 158
0 71 158
0 66 158
0 73 158
0 64 158
0 81 158
0 64 158
0 80 158
0 64 158
0 68 158
0 64 158
0 84 158
0 64 158
0 73 158
0 73 144
0 73 14
0 73 158
0 64 158
0 85 158
0 64 158
0 86 158
0 64 158
0 88 158
0 69 158
0 73 158
0 69 158
0 74 158
0 69 158
0 73 158
0 64 158
0 85 158
0 64 158
0 71 158
0 64 158
0 69 158
0 64 158
0 61 158
0 64 158
0 69 158
2063 73 634
0 73 952
0 74 317
0 78 317
0 76 317
317 76 317
0 78 158
0 76 158
0 74 158
0 73 146
11 73 317
0 71 309
7 71 952
0 73 317
0 76 317
0 74 317
317 74 317
0 76 158
0 74 158
0 73 158
0 71 148
10 71 317
0 69 317
158 69 158
0 68 158
0 69 158
0 71 158
0 69 158
0 74 158
0 73 158
0 70 317
0 71 317
158 71 158
0 70 158
0 71 158
0 73 158
0 71 158
0 76 158
0 74 158
0 74 158
0 73 158
0 72 158
0 73 158
0 74 158
0 73 158
0 72 158
0 73 158
0 76 158
0 74 158
0 73 158
0 74 158
0 73 158
0 71 158
0 70 158
0 71 158
0 69 158
0 68 158
0 67 158
0 68 158
0 66 158
0 64 158
0 63 158
0 64 158
0 73 317
0 69 634
0 73 317
0 74 317
0 72 317
0 73 158
0 69 83
75 71 83
75 73 83
75 74 83
75 76 83
75 78 83
75 80 83
75 81 158
0 83 158
0 85 158
158 69 158
0 71 142
15 68 634
0 71 317
0 69 317
0 73 317
0 71 158
0 71 83
75 73 83
75 74 83
75 76 83
75 78 83
75 80 83
75 81 83
75 83 158
0 85 158
0 86 158
158 71 158
0 69 142
15 69 476
0 69 158
0 74 158
0 73 158
0 70 158
0 71 158
0 76 158
0 74 158
0 72 158
0 73 158
0 81 119
39 81 119
39 81 119
39 81 119
39 81 119
39 81 119
39 81 158
0 78 158
0 74 158
0 71 158
0 76 158
0 78 52
0 76 52
0 75 52
0 76 158
0 78 158
0 69 952
0 68 158
0 71 158
0 64 634
0 69 317
238 64 79
0 66 79
0 69 79
0 68 79
0 71 79
0 69 79
0 73 79
0 71 79
0 74 79
0 73 634
0 73 952
0 74 317
0 78 317
0 76 317
317 76 317
0 78 158
0 76 158
0 74 158
0 73 142
15 73 317
0 71 306
10 71 952
0 73 317
0 76 317
0 74 317
317 74 317
0 76 158
0 74 158
0 73 158
0 71 142
15 71 317
0 69 317
158 69 158
0 68 158
0 69 158
0 71 158
0 69 158
0 74 158
0 73 158
0 70 317
0 71 317
158 71 158
0 70 158
0 71 158
0 73 158
0 71 158
0 76 158
0 74 142
15 74 158
0 73 158
0 72 158
0 73 158
0 74 158
0 73 158
0 72 158
0 73 158
0 76 158
0 74 158
0 73 158
0 74 158
0 73 158
0 71 158
0 70 158
0 71 158
0 69 158
0 68 158
0 67 158
0 68 158
0 66 158
0 64 158
0 63 158
0 64 158
0 73 317
0 73 634
0 70 317
0 71 317
0 72 317
0 73 158
0 69 83
75 71 83
75 73 83
75 74 83
75 76 83
75 78 83
75 80 83
75 81 158
0 83 158
0 85 158
158 73 158
0 68 142
15 71 634
0 71 317
0 72 317
0 70 317
0 71 158
0 71 83
75 73 83
75 74 83
75 76 83
75 78 83
75 80 83
75 81 83
75 83 158
0 85 158
0 86 158
158 71 158
0 69 158
0 69 476
0 69 158
0 74 158
0 73 158
0 70 158
0 71 158
0 76 158
0 74 158
0 72 158
0 73 158
0 81 119
39 81 119
39 81 119
39 81 119
39 81 119
39 81 119
39 81 158
0 78 158
0 74 158
0 71 158
0 76 158
0 78 52
0 76 52
0 75 52
0 76 158
0 78 158
0 69 952
0 73 158
0 71 158
0 64 634
0 69 158
0 71 52
0 69 52
0 68 52
0 69 158
0 71 158
0 73 158
0 74 52
0 73 52
0 71 52
0 73 158
0 74 158
0 76 476
0 78 79
0 76 79
0 74 317
0 73 317
0 71 317
0 69 317
0 69 476
0 78 158
0 78 634
0 62 714
0 66 79
0 64 79
0 62 79
0 64 79
0 66 79
0 67 79
0 69 79
0 71 79
0 73 79
0 74 79
0 76 79
0 78 105
0 79 79
26 81 79
26 83 119
39 85 119
39 86 238
0 78 79
0 81 476
0 78 158
0 76 285
31 76 285
31 76 285
31 76 285
31 78 158
0 76 158
0 73 158
0 71 158
0 69 317
0 76 285
31 76 285
31 76 285
31 78 158
0 76 158
0 74 158
0 71 158
0 68 317
0 76 285
31 76 285
31 76 285
31 78 158
0 76 158
0 73 158
0 69 158
0 78 158
0 76 158
0 74 158
0 71 158
0 78 158
0 76 158
0 73 158
0 69 158
0 73 634
0 71 158
0 64 158
0 76 158
0 64 158
0 75 158
0 64 158
0 74 158
0 64 158
0 73 634
0 73 793
0 74 52
0 73 52
0 71 52
0 73 158
0 74 158
0 78 317
0 76 158
158 87 317
0 88 158
79 76 79
0 78 158
0 76 158
0 74 158
0 73 158
0 73 317
0 71 634
0 71 528
0 71 52
0 70 52
0 71 158
0 73 158
0 76 317
0 74 158
158 85 317
0 86 158
79 74 79
0 76 158
0 74 158
0 73 158
0 71 148
10 71 317
0 69 476
0 69 158
0 74 158
0 73 158
0 70 158
0 71 158
0 76 158
0 74 158
0 72 158
0 73 158
0 81 142
15 81 142
15 81 142
15 81 142
15 81 142
15 81 142
15 81 158
0 78 158
0 74 158
0 71 158
0 76 158
0 78 52
0 76 52
0 75 52
0 76 158
0 78 158
0 69 952
0 71 301
15 68 952
0 72 317
0 73 555
0 64 39
0 69 39
0 73 740
0 76 105
0 74 105
0 73 105
0 74 105
0 76 105
0 74 105
0 78 105
0 76 105
0 74 105
0 76 105
0 78 105
0 76 79
0 69 79
0 71 79
0 73 79
0 74 79
0 76 79
0 78 79
0 80 79
0 81 79
0 83 79
0 85 79
0 83 79
0 81 79
0 80 79
0 78 79
0 77 79
0 78 79
0 80 79
0 81 79
0 80 79
0 83 79
0 81 79
0 80 79
0 78 79
0 76 79
79 88 158
0 85 158
0 81 158
0 76 79
79 81 158
0 76 158
0 73 158
0 76 158
0 74 158
0 73 158
0 71 149
9 68 634
0 69 105
0 64 79
26 66 79
26 67 79
26 68 79
26 69 79
26 70 79
26 71 79
26 72 79
26 73 79
26 74 79
26 75 79
26 76 476
0 78 79
0 76 79
0 74 317
0 73 317
0 71 317
0 69 317
0 69 476
0 78 144
14 78 634
0 62 714
0 66 79
0 64 79
0 62 79
0 64 79
0 66 79
0 67 79
0 69 79
0 71 79
0 73 79
0 74 79
0 76 79
0 78 105
0 79 105
0 81 105
0 83 158
0 85 158
0 86 238
0 78 79
0 81 476
0 78 158
0 76 301
15 76 301
15 76 301
15 76 301
15 78 158
0 76 158
0 73 158
0 71 158
0 69 317
0 76 301
15 76 301
15 76 301
15 78 158
0 76 158
0 74 158
0 71 158
0 68 317
0 76 301
15 76 301
15 76 301
15 78 158
0 76 158
0 73 158
0 69 158
0 78 158
0 76 158
0 74 158
0 71 158
0 78 158
0 76 158
0 73 158
0 69 158
0 73 634
0 71 158
0 64 158
0 76 158
0 64 158
0 75 158
0 64 158
0 74 158
0 64 158
0 73 634
0 73 793
0 74 52
0 73 52
0 71 52
0 73 158
0 74 158
0 78 317
0 76 158
158 87 317
0 88 158
79 76 79
0 78 158
0 76 158
0 74 158
0 73 148
10 73 317
0 71 634
0 71 528
0 71 52
0 70 52
0 71 158
0 73 158
0 76 317
0 74 158
158 85 317
0 86 158
79 74 79
0 76 158
0 74 158
0 73 158
0 71 142
15 71 317
0 69 476
0 69 158
0 74 158
0 73 158
0 70 158
0 71 158
0 76 158
0 74 158
0 72 158
0 73 158
0 81 142
15 81 142
15 81 142
15 81 142
15 81 142
15 81 142
15 81 158
0 78 158
0 74 158
0 71 158
0 76 158
0 78 52
0 76 52
0 75 52
0 76 158
0 78 158
0 69 952
0 68 301
15 71 952
0 72 317
0 69 555
0 64 39
0 69 39
0 73 740
0 76 105
0 74 105
0 73 105
0 74 105
0 76 105
0 74 105
0 78 105
0 76 105
0 74 105
0 76 105
0 78 105
0 76 79
0 69 79
0 71 79
0 73 79
0 74 79
0 76 79
0 78 79
0 80 79
0 81 79
0 83 79
0 85 79
0 83 79
0 81 79
0 80 79
0 78 79
0 77 79
0 78 79
0 80 79
0 81 79
0 80 79
0 83 79
0 81 79
0 80 79
0 78 79
0 76 79
79 88 158
0 85 158
0 81 158
0 76 79
79 81 158
0 76 158
0 73 158
0 76 158
0 74 158
0 73 158
0 71 150
7 64 634
0 69 634
4444 73 79
198 74 39
0 73 158
0 71 158
0 73 79
238 74 79
238 78 317
0 76 317
0 74 79
238 73 79
238 71 79
198 73 39
0 71 158
0 70 158
0 71 79
238 73 79
238 76 317
0 74 317
0 73 79
238 71 79
238 68 317
0 69 79
555 70 79
555 71 79
555 72 79
198 74 39
0 73 79
238 73 79
198 76 39
0 74 79
238 74 79
238 73 634
0 71 317
317 73 158
0 69 158
0 64 158
0 69 158
0 73 158
0 69 158
0 74 158
0 71 158
0 76 158
0 73 158
0 76 158
0 73 158
0 78 158
0 76 158
0 74 158
0 73 158
0 71 158
0 68 158
0 64 158
0 68 158
0 71 158
0 68 158
0 73 158
0 69 158
0 74 158
0 71 158
0 74 158
0 71 158
0 76 158
0 74 158
0 73 158
0 71 158
0 69 158
0 73 158
0 71 158
0 69 158
0 71 158
0 74 158
0 73 158
0 71 158
0 73 158
0 76 158
0 81 158
0 76 158
0 78 158
0 81 158
0 74 158
0 78 158
0 73 158
0 76 158
0 69 158
0 73 158
0 71 158
0 74 158
0 68 158
0 71 158
0 69 158
0 64 158
0 61 158
0 64 158
0 69 555
79 73 79
198 74 39
0 73 158
0 71 158
0 73 79
238 74 79
238 78 317
0 76 317
0 74 79
238 73 79
238 71 79
198 73 39
0 71 158
0 70 158
0 71 79
238 73 79
238 76 317
0 74 317
0 73 79
238 71 79
238 68 317
0 69 79
555 70 79
555 71 79
555 72 79
198 74 39
0 73 79
238 73 79
198 76 39
0 74 79
238 74 79
238 73 634
0 71 317
317 73 158
0 69 158
0 64 158
0 69 158
0 73 158
0 69 158
0 74 158
0 71 158
0 76 158
0 73 158
0 76 158
0 73 158
0 78 158
0 76 158
0 74 158
0 73 158
0 71 158
0 68 158
0 64 158
0 68 158
0 71 158
0 68 158
0 73 158
0 69 158
0 74 158
0 71 158
0 74 158
0 71 158
0 76 158
0 74 158
0 73 158
0 71 158
0 69 158
0 73 158
0 71 158
0 69 158
0 71 158
0 74 158
0 73 158
0 71 158
0 73 158
0 76 158
0 81 158
0 76 158
0 78 158
0 81 158
0 74 158
0 78 158
0 73 158
0 76 158
0 69 158
0 73 158
0 71 158
0 74 158
0 68 158
0 71 158
0 69 158
0 64 158
0 61 158
0 64 158
0 69 634
0 69 158
0 71 158
0 73 158
0 74 158
0 76 158
0 78 158
0 80 158
0 81 158
0 80 158
0 78 158
0 77 158
0 78 158
0 77 158
0 78 158
0 77 158
0 78 158
0 81 158
0 80 158
0 81 158
0 80 158
0 83 158
0 81 158
0 80 158
0 78 158
0 78 158
0 76 158
0 75 158
0 76 158
0 75 158
0 76 158
0 75 158
0 76 158
0 76 158
0 81 158
0 85 158
0 83 158
0 81 158
0 80 158
0 78 158
0 76 158
0 74 158
0 80 158
0 83 158
0 81 158
0 80 158
0 78 158
0 76 158
0 74 158
0 73 173
142 81 15
142 80 15
142 78 15
142 76 15
142 74 15
142 73 15
142 71 15
142 69 15
142 68 15
142 66 15
142 64 15
142 64 142
476 73 79
198 74 39
0 73 158
0 71 158
0 73 79
238 74 79
238 78 317
0 76 317
0 74 79
238 73 79
238 71 79
198 73 39
0 71 158
0 70 158
0 71 79
238 73 79
238 76 317
0 74 317
0 73 79
238 71 79
238 68 317
0 69 79
555 71 79
515 72 39
0 73 79
515 76 39
0 74 79
515 74 39
0 73 79
515 73 39
0 71 79
238 71 317
0 72 317
0 69 317
317 73 158
0 69 158
0 76 158
0 73 158
0 74 158
0 71 158
0 78 158
0 74 158
0 76 158
0 73 158
0 81 158
0 76 158
0 80 158
0 78 158
0 76 158
0 74 158
0 73 158
0 76 158
0 69 158
0 73 158
0 71 158
0 74 158
0 68 158
0 71 158
0 69 158
0 64 158
0 61 158
0 64 158
0 69 555
79 69 158
0 71 158
0 73 158
0 74 158
0 76 158
0 78 158
0 80 158
0 81 158
0 80 158
0 78 158
0 77 158
0 78 158
0 77 158
0 78 158
0 77 158
0 78 158
0 81 158
0 80 158
0 81 158
0 80 158
0 83 158
0 81 158
0 80 158
0 78 158
0 78 158
0 76 158
0 75 158
0 76 158
0 75 158
0 76 158
0 75 158
0 76 158
0 76 158
0 81 158
0 85 158
0 83 158
0 81 158
0 80 158
0 78 158
0 76 158
0 74 158
0 80 158
0 83 158
0 81 158
0 80 158
0 78 158
0 76 158
0 74 158
0 73 173
142 81 15
142 80 15
142 78 15
142 76 15
142 74 15
142 73 15
142 71 15
142 69 15
142 68 15
142 66 15
142 64 15
142 64 142
476 73 79
198 74 39
0 73 158
0 71 158
0 73 79
238 74 79
238 78 317
0 76 317
0 74 79
238 73 79
238 71 79
198 73 39
0 71 158
0 70 158
0 71 79
238 73 79
238 76 317
0 74 317
0 73 79
238 71 79
238 68 317
0 69 79
555 71 79
515 72 39
0 73 79
515 76 39
0 74 79
515 74 39
0 73 79
515 73 39
0 71 79
238 71 317
0 72 317
0 69 317
317 73 158
0 69 158
0 76 158
0 73 158
0 74 158
0 71 158
0 78 158
0 74 158
0 76 158
0 73 158
0 81 158
0 76 158
0 80 158
0 78 158
0 76 158
0 74 158
0 73 158
0 76 158
0 69 158
0 73 158
0 71 158
0 74 158
0 68 158
0 71 145
13 69 158
0 71 158
0 73 158
0 74 158
0 76 158
0 78 158
0 80 158
0 81 132
26 80 158
0 78 158
0 77 158
0 78 158
0 83 158
0 81 158
0 80 79
79 78 79
79 78 158
0 76 158
0 75 158
0 76 158
0 69 158
0 73 158
0 76 158
0 81 158
0 80 158
0 78 158
0 77 158
0 78 158
0 83 158
0 81 158
0 80 79
79 78 79
79 76 470
5 76 79
0 78 26
0 76 26
0 75 26
0 76 634
476 74 79
0 76 26
0 74 26
0 73 26
0 74 634
476 73 79
0 74 26
0 73 26
0 71 26
0 73 634
476 71 79
0 73 26
0 71 26
0 69 26
0 71 634
158 76 158
0 75 158
0 76 158
0 78 158
0 76 158
0 75 158
0 76 158
158 74 158
0 73 158
0 74 158
0 76 158
0 74 158
0 73 158
0 74 158
158 73 158
0 72 158
0 73 158
0 74 158
0 73 158
0 72 158
0 73 158
158 71 158
0 70 158
0 71 158
0 73 158
0 71 158
0 70 158
0 71 158
0 69 158
158 73 158
0 69 158
0 76 158
0 74 158
0 71 79
79 68 79
79 69 634
0 68 158
476 69 158
158 73 171
158 73 145
0 76 158
0 74 158
0 71 79
79 68 79
79 69 158
476 68 158
476 69 158
