0 76 344
0 77 57
0 79 57
0 72 230
0 71 230
0 71 172
0 77 57
0 76 230
0 71 460
0 76 345
0 77 57
0 79 57
0 72 230
0 74 115
115 74 230
0 76 46
0 77 46
0 76 46
0 77 46
0 76 46
0 71 460
0 77 345
0 79 57
0 77 57
0 76 230
0 76 115
115 81 345
0 83 57
0 84 57
0 79 230
0 79 115
115 79 115
0 77 86
28 77 115
0 74 86
28 77 115
0 76 86
28 76 115
0 72 86
28 73 115
0 74 115
0 76 115
0 74 115
0 72 115
0 71 115
0 69 115
0 67 115
0 76 345
0 77 57
0 79 57
0 72 230
0 74 230
0 74 172
0 77 57
0 72 230
0 71 460
0 76 345
0 77 57
0 79 57
0 72 230
0 74 115
115 77 230
0 72 46
0 77 46
0 76 46
0 77 46
0 76 46
0 71 460
0 77 345
0 79 57
0 77 57
0 76 230
0 76 115
115 81 345
0 83 57
0 84 57
0 79 230
0 79 115
115 80 115
0 81 115
0 77 115
0 74 115
0 72 230
0 71 230
0 72 76
0 67 76
0 76 76
0 72 76
0 79 76
0 76 76
0 84 76
0 83 76
0 81 76
0 79 76
0 77 76
0 76 76
0 73 76
0 74 76
0 77 76
0 81 76
0 77 76
0 74 76
0 79 76
0 76 76
0 72 76
0 77 76
0 74 76
0 71 76
0 72 76
0 67 76
0 76 76
0 72 76
0 79 76
0 76 76
0 84 76
0 83 76
0 81 76
0 79 76
0 77 76
0 76 76
0 73 76
0 74 76
0 77 76
0 81 76
0 77 76
0 74 76
0 79 76
0 76 76
0 72 76
0 77 76
0 74 76
0 71 76
0 72 57
172 67 57
172 60 460
0 76 460
0 77 57
0 76 57
0 74 57
0 76 57
0 79 115
0 77 115
0 76 115
0 74 115
0 72 115
0 71 115
0 72 57
172 73 57
172 74 57
172 75 57
172 76 57
172 79 115
0 77 115
0 76 345
0 77 57
0 76 57
0 74 230
230 77 460
0 79 57
0 77 57
0 76 57
0 77 57
0 81 115
0 79 115
0 77 115
0 76 115
0 74 115
0 72 115
0 71 115
0 72 57
57 74 57
57 76 57
57 77 57
57 79 57
57 81 57
57 83 57
57 84 57
57 86 57
57 88 57
57 89 57
57 87 460
0 88 230
230 76 306
0 81 76
0 84 76
0 88 76
0 84 76
0 81 76
0 84 76
0 81 76
0 76 76
0 74 306
0 79 76
0 83 76
0 86 76
0 83 76
0 79 76
0 83 76
0 79 76
0 74 76
76 74 76
0 81 76
0 84 76
0 81 76
0 74 76
76 74 76
0 79 76
0 83 76
0 79 76
0 74 76
0 81 172
0 78 57
0 74 230
402 67 57
0 79 575
0 78 115
0 76 115
0 74 111
3 74 115
0 72 115
0 71 115
0 69 115
0 74 57
172 72 57
172 70 230
0 71 230
1323 67 57
0 79 575
0 78 115
0 76 115
0 74 110
4 74 115
0 72 115
0 71 115
0 69 115
0 74 57
172 72 57
172 71 230
230 76 57
0 78 57
0 76 57
0 78 57
0 79 115
0 79 57
57 79 230
230 81 57
0 83 57
0 81 57
0 83 57
0 84 115
0 84 57
57 84 230
230 84 57
0 86 57
0 84 57
0 86 57
0 88 115
0 88 57
57 88 115
0 86 115
0 84 57
57 83 57
57 81 57
172 86 57
172 84 230
0 83 230
0 76 57
0 78 57
0 76 57
0 78 57
0 79 115
0 79 57
57 79 230
230 81 57
0 83 57
0 81 57
0 83 57
0 84 115
0 84 57
57 84 230
230 84 57
0 86 57
0 84 57
0 86 57
0 88 115
0 88 57
57 88 115
0 86 115
0 84 57
57 83 57
57 83 115
0 81 115
0 79 57
57 78 57
57 86 306
0 83 76
0 79 76
0 78 76
0 81 76
0 74 76
0 79 76
0 83 76
0 74 76
0 81 306
0 78 76
0 74 76
0 73 76
0 74 76
0 69 76
0 72 76
0 74 76
0 69 76
0 86 306
0 83 76
0 79 76
0 78 76
0 81 76
0 74 76
0 79 76
0 83 76
0 74 76
0 81 306
0 78 76
0 74 76
0 73 76
0 74 76
0 69 76
0 72 76
0 74 76
0 69 76
0 71 76
0 67 76
0 71 76
0 74 76
0 71 76
0 74 76
0 79 76
0 74 76
0 79 76
0 83 76
0 79 76
0 83 76
0 86 76
0 83 76
0 86 76
0 89 76
0 86 76
0 83 76
0 79 76
0 77 76
0 74 76
0 71 76
0 67 76
0 65 76
0 64 57
57 76 115
0 75 115
0 76 115
0 75 115
0 76 115
0 75 115
0 76 115
0 67 690
0 71 115
0 69 115
76 67 76
0 71 76
0 74 76
0 71 76
0 74 76
0 79 76
0 74 76
0 79 76
0 83 76
0 79 76
0 83 76
0 86 76
0 83 76
0 86 76
0 89 76
0 86 76
0 83 76
0 79 76
0 77 76
0 74 76
0 71 76
0 67 76
0 65 76
0 64 57
57 76 115
0 75 115
0 76 115
0 75 115
0 76 115
0 75 115
0 76 115
115 79 115
0 78 115
0 79 115
0 78 115
0 79 115
0 78 115
0 79 110
4 79 115
0 74 105
9 74 57
57 74 57
57 76 115
0 74 105
9 72 57
57 71 57
57 71 230
230 69 57
0 71 57
0 69 57
0 71 57
0 69 38
0 71 38
0 69 93
0 69 57
0 67 230
230 74 316
0 78 28
0 76 57
0 74 57
0 86 57
172 84 57
172 83 57
172 81 57
172 79 460
0 74 316
0 78 28
0 76 57
0 74 57
0 86 57
172 84 57
172 83 57
172 81 57
172 79 230
191 74 38
0 86 345
0 84 38
0 83 38
0 81 38
0 79 230
191 74 38
0 86 345
0 84 38
0 83 38
0 81 38
0 79 230
0 62 172
0 67 57
0 71 115
115 69 230
0 60 460
0 67 230
0 76 344
0 77 57
0 79 57
0 72 230
0 71 230
0 71 172
0 77 57
0 76 230
0 71 460
0 76 345
0 77 57
0 79 57
0 72 230
0 74 115
115 74 230
0 76 46
0 77 46
0 76 46
0 77 46
0 76 46
0 71 460
0 77 345
0 79 57
0 77 57
0 76 230
0 76 115
115 81 345
0 83 57
0 84 57
0 79 230
0 79 115
115 79 115
0 77 86
28 77 115
0 74 86
28 77 115
0 76 86
28 76 115
0 72 86
28 73 115
0 74 115
0 76 115
0 74 115
0 72 115
0 71 115
0 69 115
0 67 115
0 76 345
0 77 57
0 79 57
0 72 230
0 74 230
0 74 172
0 77 57
0 72 230
0 71 460
0 76 345
0 77 57
0 79 57
0 72 230
0 74 115
115 77 230
0 72 46
0 77 46
0 76 46
0 77 46
0 76 46
0 71 460
0 77 345
0 79 57
0 77 57
0 76 230
0 76 115
115 81 345
0 83 57
0 84 57
0 79 230
0 79 115
115 80 115
0 81 115
0 77 115
0 74 115
0 72 230
0 71 230
0 72 76
0 67 76
0 76 76
0 72 76
0 79 76
0 76 76
0 84 76
0 83 76
0 81 76
0 79 76
0 77 76
0 76 76
0 73 76
0 74 76
0 77 76
0 81 76
0 77 76
0 74 76
0 79 76
0 76 76
0 72 76
0 77 76
0 74 76
0 71 76
0 72 76
0 67 76
0 76 76
0 72 76
0 79 76
0 76 76
0 84 76
0 83 76
0 81 76
0 79 76
0 77 76
0 76 76
0 73 76
0 74 76
0 77 76
0 81 76
0 77 76
0 74 76
0 79 76
0 76 76
0 72 76
0 77 76
0 74 76
0 71 76
0 72 57
172 67 57
172 60 460
0 76 460
0 77 57
0 76 57
0 74 57
0 76 57
0 79 115
0 77 115
0 76 115
0 74 115
0 72 115
0 71 115
0 72 57
172 73 57
172 74 57
172 75 57
172 76 57
172 79 115
0 77 115
0 76 345
0 77 57
0 76 57
0 74 230
230 77 460
0 79 57
0 77 57
0 76 57
0 77 57
0 81 115
0 79 115
0 77 115
0 76 115
0 74 115
0 72 115
0 71 115
0 72 57
57 74 57
57 76 57
57 77 57
57 79 57
57 81 57
57 83 57
57 84 57
57 86 57
57 88 57
57 89 57
57 87 460
0 88 230
230 76 306
0 81 76
0 84 76
0 88 76
0 84 76
0 81 76
0 84 76
0 81 76
0 76 76
0 74 306
0 79 76
0 83 76
0 86 76
0 83 76
0 79 76
0 83 76
0 79 76
0 74 76
76 74 76
0 81 76
0 84 76
0 81 76
0 74 76
76 74 76
0 79 76
0 83 76
0 79 76
0 74 76
0 81 172
0 78 57
0 74 230
402 67 57
0 79 575
0 78 115
0 76 115
0 74 111
3 74 115
0 72 115
0 71 115
0 69 115
0 74 57
172 72 57
172 70 230
0 71 230
1323 67 57
0 79 575
0 78 115
0 76 115
0 74 110
4 74 115
0 72 115
0 71 115
0 69 115
0 74 57
172 72 57
172 71 230
230 76 57
0 78 57
0 76 57
0 78 57
0 79 115
0 79 57
57 79 230
230 81 57
0 83 57
0 81 57
0 83 57
0 84 115
0 84 57
57 84 230
230 84 57
0 86 57
0 84 57
0 86 57
0 88 115
0 88 57
57 88 115
0 86 115
0 84 57
57 83 57
57 81 57
172 86 57
172 84 230
0 83 230
0 76 57
0 78 57
0 76 57
0 78 57
0 79 115
0 79 57
57 79 230
230 81 57
0 83 57
0 81 57
0 83 57
0 84 115
0 84 57
57 84 230
230 84 57
0 86 57
0 84 57
0 86 57
0 88 115
0 88 57
57 88 115
0 86 115
0 84 57
57 83 57
57 83 115
0 81 115
0 79 57
57 78 57
57 86 306
0 83 76
0 79 76
0 78 76
0 81 76
0 74 76
0 79 76
0 83 76
0 74 76
0 81 306
0 78 76
0 74 76
0 73 76
0 74 76
0 69 76
0 72 76
0 74 76
0 69 76
0 86 306
0 83 76
0 79 76
0 78 76
0 81 76
0 74 76
0 79 76
0 83 76
0 74 76
0 81 306
0 78 76
0 74 76
0 73 76
0 74 76
0 69 76
0 72 76
0 74 76
0 69 76
0 71 76
0 67 76
0 71 76
0 74 76
0 71 76
0 74 76
0 79 76
0 74 76
0 79 76
0 83 76
0 79 76
0 83 76
0 86 76
0 83 76
0 86 76
0 89 76
0 86 76
0 83 76
0 79 76
0 77 76
0 74 76
0 71 76
0 67 76
0 65 76
0 64 57
57 76 115
0 75 115
0 76 115
0 75 115
0 76 115
0 75 115
0 76 115
0 67 690
0 71 115
0 69 115
76 67 76
0 71 76
0 74 76
0 71 76
0 74 76
0 79 76
0 74 76
0 79 76
0 83 76
0 79 76
0 83 76
0 86 76
0 83 76
0 86 76
0 89 76
0 86 76
0 83 76
0 79 76
0 77 76
0 74 76
0 71 76
0 67 76
0 65 76
0 64 57
57 76 115
0 75 115
0 76 115
0 75 115
0 76 115
0 75 115
0 76 115
115 79 115
0 78 115
0 79 115
0 78 115
0 79 115
0 78 115
0 79 110
4 79 115
0 74 105
9 74 57
57 74 57
57 76 115
0 74 105
9 72 57
57 71 57
57 71 230
230 69 57
0 71 57
0 69 57
0 71 57
0 69 38
0 71 38
0 69 93
0 69 57
0 67 230
230 74 316
0 78 28
0 76 57
0 74 57
0 86 57
172 84 57
172 83 57
172 81 57
172 79 460
0 74 316
0 78 28
0 76 57
0 74 57
0 86 57
172 84 57
172 83 57
172 81 57
172 79 230
191 74 38
0 86 345
0 84 38
0 83 38
0 81 38
0 79 230
191 74 38
0 86 345
0 84 38
0 83 38
0 81 38
0 79 230
0 62 172
0 67 57
0 71 115
115 69 230
0 60 460
0 67 230
0 74 230
0 71 115
115 71 115
115 71 23
0 72 23
0 71 23
0 72 23
0 71 23
0 69 57
0 71 57
0 74 230
0 72 57
172 69 460
0 72 230
0 71 57
172 74 230
0 72 57
172 76 460
0 74 230
230 74 230
0 67 115
115 67 230
0 68 23
0 69 23
0 68 23
0 69 23
0 68 23
0 66 57
0 68 57
0 69 230
0 72 57
172 76 460
0 74 230
0 67 57
172 72 230
0 66 57
172 69 460
0 67 230
230 74 230
0 71 115
115 71 115
115 71 23
0 72 23
0 71 23
0 72 23
0 71 23
0 69 57
0 71 57
0 74 230
0 72 57
172 69 460
0 72 230
0 71 57
172 74 230
0 72 57
172 76 460
0 74 230
230 74 230
0 72 57
172 76 230
0 74 57
172 77 460
0 76 230
230 76 230
0 74 57
172 77 230
0 76 57
172 79 460
0 77 230
230 76 345
0 77 57
0 79 57
0 77 230
0 76 115
115 74 460
230 79 115
115 77 230
0 75 230
230 72 115
115 71 230
0 74 230
230 79 115
345 77 115
0 75 115
230 74 115
0 72 115
0 71 230
0 74 230
115 79 115
0 78 115
0 79 115
115 75 115
0 74 115
0 75 115
115 72 115
0 71 115
0 72 115
0 71 230
0 74 57
172 71 230
0 74 57
172 71 230
0 74 57
632 74 230
0 77 57
172 74 230
0 77 57
172 74 230
0 77 57
0 76 344
0 77 57
0 79 57
0 72 230
0 71 230
0 71 172
0 77 57
0 76 230
0 71 460
0 76 345
0 77 57
0 79 57
0 72 230
0 74 115
115 74 230
0 76 46
0 77 46
0 76 46
0 77 46
0 76 46
0 71 460
0 77 345
0 79 57
0 77 57
0 76 230
0 76 115
115 81 345
0 83 57
0 84 57
0 79 230
0 79 115
115 79 115
0 77 86
28 77 115
0 74 86
28 77 115
0 76 86
28 76 115
0 72 86
28 73 115
0 74 115
0 76 115
0 74 115
0 72 115
0 71 115
0 69 115
0 67 115
0 76 345
0 77 57
0 79 57
0 72 230
0 74 230
0 74 172
0 77 57
0 72 230
0 71 460
0 76 345
0 77 57
0 79 57
0 72 230
0 74 115
115 77 230
0 72 46
0 77 46
0 76 46
0 77 46
0 76 46
0 71 460
0 77 345
0 79 57
0 77 57
0 76 230
0 76 115
115 81 345
0 83 57
0 84 57
0 79 230
0 79 115
115 80 115
0 81 115
0 77 115
0 74 115
0 72 230
0 71 230
0 72 76
0 67 76
0 76 76
0 72 76
0 79 76
0 76 76
0 84 76
0 83 76
0 81 76
0 79 76
0 77 76
0 76 76
0 73 76
0 74 76
0 77 76
0 81 76
0 77 76
0 74 76
0 79 76
0 76 76
0 72 76
0 77 76
0 74 76
0 71 76
0 72 76
0 67 76
0 76 76
0 72 76
0 79 76
0 76 76
0 84 76
0 83 76
0 81 76
0 79 76
0 77 76
0 76 76
0 73 76
0 74 76
0 77 76
0 81 76
0 77 76
0 74 76
0 79 76
0 76 76
0 72 76
0 77 76
0 74 76
0 71 76
0 72 57
172 67 57
172 60 460
0 76 460
0 77 57
0 76 57
0 74 57
0 76 57
0 79 115
0 77 115
0 76 115
0 74 115
0 72 115
0 71 115
0 72 57
172 73 57
172 74 57
172 75 57
172 76 57
172 79 115
0 77 115
0 76 345
0 77 57
0 76 57
0 74 230
230 77 460
0 79 57
0 77 57
0 76 57
0 77 57
0 81 115
0 79 115
0 77 115
0 76 115
0 74 115
0 72 115
0 71 115
0 72 57
57 74 57
57 76 57
57 77 57
57 79 57
57 81 57
57 83 57
57 84 57
57 86 57
57 88 57
57 89 57
57 87 460
0 88 230
230 70 306
0 76 76
0 79 76
0 82 76
0 79 76
0 76 76
0 79 76
0 76 76
0 70 76
0 69 306
0 72 76
0 77 76
0 81 76
0 77 76
0 72 76
0 77 76
0 72 76
0 69 76
0 67 306
0 73 76
0 76 76
0 79 76
0 76 76
0 73 76
0 76 76
0 73 76
0 67 76
0 66 306
0 69 76
0 74 76
0 78 76
0 74 76
0 69 76
0 74 76
0 69 76
0 66 76
0 65 306
0 71 76
0 74 76
0 77 76
0 74 76
0 71 76
0 74 76
0 71 76
0 65 76
0 64 306
0 67 76
0 72 76
0 76 76
0 72 76
0 67 76
0 72 76
0 67 76
0 64 76
76 62 76
0 69 76
0 74 76
0 69 76
0 62 76
76 62 76
0 69 76
0 72 76
0 69 76
0 62 76
0 71 230
345 79 57
57 81 57
57 83 57
57 84 575
0 83 115
0 81 115
0 79 110
4 79 115
0 77 115
0 76 115
0 74 115
0 79 57
172 77 57
172 75 230
0 76 230
805 79 57
57 80 57
57 81 57
57 82 57
57 83 57
57 84 575
0 83 115
0 81 115
0 79 111
3 79 115
0 77 115
0 76 115
0 74 115
0 79 57
172 77 57
172 76 230
230 81 57
0 83 57
0 81 57
0 83 57
0 84 115
0 84 57
57 84 230
230 86 57
0 88 57
0 86 57
0 88 57
0 89 115
0 89 57
57 89 230
230 77 57
0 79 57
0 77 57
0 79 57
0 81 115
0 81 57
57 81 115
0 79 115
0 77 57
57 76 57
57 74 115
115 79 115
115 77 230
0 76 230
0 69 57
0 71 57
0 69 57
0 71 57
0 72 115
0 72 57
57 72 230
230 74 57
0 76 57
0 74 57
0 76 57
0 77 115
0 77 57
57 77 230
230 77 57
0 79 57
0 77 57
0 79 57
0 81 115
0 81 57
57 81 115
0 79 115
0 77 57
57 76 57
57 76 115
0 74 115
0 72 57
57 71 57
57 79 306
0 76 76
0 72 76
0 71 76
0 74 76
0 67 76
0 72 76
0 76 76
0 67 76
0 74 306
0 71 76
0 67 76
0 66 76
0 67 76
0 62 76
0 65 76
0 67 76
0 62 76
0 79 306
0 76 76
0 72 76
0 71 76
0 74 76
0 67 76
0 72 76
0 76 76
0 67 76
0 74 306
0 71 76
0 67 76
0 66 76
0 67 76
0 62 76
0 65 76
0 67 76
0 62 76
0 64 76
0 60 76
0 64 76
0 67 76
0 64 76
0 67 76
0 72 76
0 67 76
0 72 76
0 76 76
0 72 76
0 76 76
0 79 76
0 76 76
0 79 76
0 82 76
0 79 76
0 76 76
0 72 76
0 70 76
0 67 76
0 72 76
0 70 76
0 68 76
0 69 57
57 81 115
0 80 115
0 81 115
0 80 115
0 81 115
0 80 115
0 81 115
0 72 460
0 74 57
0 72 57
0 71 57
0 72 57
0 76 115
0 74 115
0 72 76
0 67 76
0 72 76
0 76 76
0 72 76
0 76 76
0 79 76
0 76 76
0 79 76
0 84 76
0 86 76
0 84 76
0 82 76
0 81 76
0 79 76
0 77 76
0 76 76
0 74 76
0 72 76
0 74 76
0 72 76
0 70 76
0 69 76
0 68 76
0 69 57
57 81 115
0 80 115
0 81 115
0 80 115
0 81 115
0 80 115
0 81 115
115 84 115
0 83 115
0 84 115
0 83 115
0 84 115
0 83 115
0 84 105
9 84 115
0 79 105
9 79 57
57 79 57
57 81 115
0 79 115
0 77 57
57 76 57
57 76 230
230 74 57
0 76 57
0 74 57
0 76 57
0 74 38
0 76 38
0 74 93
0 74 57
0 72 230
230 67 316
0 71 28
0 69 57
0 67 57
0 79 57
172 77 57
172 76 57
172 74 57
172 72 460
0 67 316
0 71 28
0 69 57
0 67 57
0 79 57
172 77 57
172 76 57
172 74 57
172 72 230
191 67 38
0 79 345
0 77 38
0 76 38
0 74 38
0 72 230
191 67 38
0 79 345
0 81 57
0 83 57
0 84 230
230 79 76
0 81 76
0 79 76
0 77 76
0 76 76
0 74 76
0 72 230
230 78 76
0 79 76
0 80 76
0 81 76
0 82 76
0 83 76
0 84 230
0 67 172
0 72 57
0 76 57
172 65 57
172 65 460
0 64 230
230 81 115
345 62 115
345 67 115
0 74 230
0 71 115
115 71 115
115 71 23
0 72 23
0 71 23
0 72 23
0 71 23
0 69 57
0 71 57
0 74 230
0 72 57
172 69 460
0 72 230
0 71 57
172 74 230
0 72 57
172 76 460
0 74 230
230 74 230
0 67 115
115 67 230
0 68 23
0 69 23
0 68 23
0 69 23
0 68 23
0 66 57
0 68 57
0 69 230
0 72 57
172 76 460
0 74 230
0 67 57
172 72 230
0 66 57
172 69 460
0 67 230
230 74 230
0 71 115
115 71 115
115 71 23
0 72 23
0 71 23
0 72 23
0 71 23
0 69 57
0 71 57
0 74 230
0 72 57
172 69 460
0 72 230
0 71 57
172 74 230
0 72 57
172 76 460
0 74 230
230 74 230
0 72 57
172 76 230
0 74 57
172 77 460
0 76 230
230 76 230
0 74 57
172 77 230
0 76 57
172 79 460
0 77 230
230 76 345
0 77 57
0 79 57
0 77 230
0 76 115
115 74 460
230 79 115
115 77 230
0 75 230
230 72 115
115 71 230
0 74 230
230 79 115
345 77 115
0 75 115
230 74 115
0 72 115
0 71 230
0 74 230
115 79 115
0 78 115
0 79 115
115 75 115
0 74 115
0 75 115
115 72 115
0 71 115
0 72 115
0 71 230
0 74 57
172 71 230
0 74 57
172 71 230
0 74 57
632 74 230
0 77 57
172 74 230
0 77 57
172 74 230
0 77 57
0 76 344
0 77 57
0 79 57
0 72 230
0 74 230
0 71 172
0 77 57
0 76 230
0 71 460
0 76 345
0 77 57
0 79 57
0 72 230
0 74 115
115 77 230
0 76 46
0 77 46
0 76 46
0 77 46
0 76 46
0 71 460
0 77 345
0 79 57
0 77 57
0 76 230
0 76 115
115 81 345
0 83 57
0 84 57
0 79 230
0 79 115
115 79 115
0 77 86
28 77 115
0 74 86
28 77 115
0 76 86
28 76 115
0 72 86
28 73 115
0 74 115
0 76 115
0 74 115
0 72 115
0 71 115
0 69 115
0 67 115
0 76 345
0 77 57
0 79 57
0 72 230
0 71 230
0 74 172
0 77 57
0 72 230
0 71 460
0 76 345
0 77 57
0 79 57
0 72 230
0 74 115
115 74 230
0 72 46
0 77 46
0 76 46
0 77 46
0 76 46
0 71 460
0 77 345
0 79 57
0 77 57
0 76 230
0 76 115
115 81 345
0 83 57
0 84 57
0 79 230
0 79 115
115 80 115
0 81 115
0 77 115
0 74 115
0 72 230
0 71 230
0 72 76
0 67 76
0 76 76
0 72 76
0 79 76
0 76 76
0 84 76
0 83 76
0 81 76
0 79 76
0 77 76
0 76 76
0 73 76
0 74 76
0 77 76
0 81 76
0 77 76
0 74 76
0 79 76
0 76 76
0 72 76
0 77 76
0 74 76
0 71 76
0 72 76
0 67 76
0 76 76
0 72 76
0 79 76
0 76 76
0 84 76
0 83 76
0 81 76
0 79 76
0 77 76
0 76 76
0 73 76
0 74 76
0 77 76
0 81 76
0 77 76
0 74 76
0 79 76
0 76 76
0 72 76
0 77 76
0 74 76
0 71 76
0 72 57
172 67 57
172 60 460
0 76 460
0 77 57
0 76 57
0 74 57
0 76 57
0 79 115
0 77 115
0 76 115
0 74 115
0 72 115
0 71 115
0 72 57
172 73 57
172 74 57
172 75 57
172 76 57
172 79 115
0 77 115
0 76 345
0 77 57
0 76 57
0 74 230
230 77 460
0 79 57
0 77 57
0 76 57
0 77 57
0 81 115
0 79 115
0 77 115
0 76 115
0 74 115
0 72 115
0 71 115
0 72 57
57 74 57
57 76 57
57 77 57
57 79 57
57 81 57
57 83 57
57 84 57
57 86 57
57 88 57
57 89 57
57 87 460
0 88 230
230 70 306
0 76 76
0 79 76
0 82 76
0 79 76
0 76 76
0 79 76
0 76 76
0 70 76
0 69 306
0 72 76
0 77 76
0 81 76
0 77 76
0 72 76
0 77 76
0 72 76
0 69 76
0 67 306
0 73 76
0 76 76
0 79 76
0 76 76
0 73 76
0 76 76
0 73 76
0 67 76
0 66 306
0 69 76
0 74 76
0 78 76
0 74 76
0 69 76
0 74 76
0 69 76
0 66 76
0 65 306
0 71 76
0 74 76
0 77 76
0 74 76
0 71 76
0 74 76
0 71 76
0 65 76
0 64 306
0 67 76
0 72 76
0 76 76
0 72 76
0 67 76
0 72 76
0 67 76
0 64 76
76 62 76
0 69 76
0 74 76
0 69 76
0 62 76
76 62 76
0 69 76
0 72 76
0 69 76
0 62 76
0 71 230
345 79 57
57 81 57
57 83 57
57 84 575
0 83 115
0 81 115
0 79 110
4 79 115
0 77 115
0 76 115
0 74 115
0 79 57
172 77 57
172 75 230
0 76 230
805 79 57
57 80 57
57 81 57
57 82 57
57 83 57
57 84 575
0 83 115
0 81 115
0 79 111
3 79 115
0 77 115
0 76 115
0 74 115
0 79 57
172 77 57
172 76 230
230 81 57
0 83 57
0 81 57
0 83 57
0 84 115
0 84 57
57 84 230
230 86 57
0 88 57
0 86 57
0 88 57
0 89 115
0 89 57
57 89 230
230 77 57
0 79 57
0 77 57
0 79 57
0 81 115
0 81 57
57 81 115
0 79 115
0 77 57
57 76 57
57 74 115
115 79 115
115 77 230
0 76 230
0 69 57
0 71 57
0 69 57
0 71 57
0 72 115
0 72 57
57 72 230
230 74 57
0 76 57
0 74 57
0 76 57
0 77 115
0 77 57
57 77 230
230 77 57
0 79 57
0 77 57
0 79 57
0 81 115
0 81 57
57 81 115
0 79 115
0 77 57
57 76 57
57 76 115
0 74 115
0 72 57
57 71 57
57 79 306
0 76 76
0 72 76
0 71 76
0 74 76
0 67 76
0 72 76
0 76 76
0 67 76
0 74 306
0 71 76
0 67 76
0 66 76
0 67 76
0 62 76
0 65 76
0 67 76
0 62 76
0 79 306
0 76 76
0 72 76
0 71 76
0 74 76
0 67 76
0 72 76
0 76 76
0 67 76
0 74 306
0 71 76
0 67 76
0 66 76
0 67 76
0 62 76
0 65 76
0 67 76
0 62 76
0 64 76
0 60 76
0 64 76
0 67 76
0 64 76
0 67 76
0 72 76
0 67 76
0 72 76
0 76 76
0 72 76
0 76 76
0 79 76
0 76 76
0 79 76
0 82 76
0 79 76
0 76 76
0 72 76
0 70 76
0 67 76
0 72 76
0 70 76
0 68 76
0 69 57
57 81 115
0 80 115
0 81 115
0 80 115
0 81 115
0 80 115
0 81 115
0 72 460
0 74 57
0 72 57
0 71 57
0 72 57
0 71 115
0 74 115
0 72 76
0 67 76
0 72 76
0 76 76
0 72 76
0 76 76
0 79 76
0 76 76
0 79 76
0 84 76
0 86 76
0 84 76
0 82 76
0 81 76
0 79 76
0 77 76
0 76 76
0 74 76
0 72 76
0 74 76
0 72 76
0 70 76
0 69 76
0 68 76
0 69 57
57 81 115
0 80 115
0 81 115
0 80 115
0 81 115
0 80 115
0 81 115
115 84 115
0 83 115
0 84 115
0 83 115
0 84 115
0 83 115
0 84 105
9 84 115
0 79 105
9 79 57
57 79 57
57 81 115
0 79 115
0 77 57
57 76 57
57 76 230
230 74 57
0 76 57
0 74 57
0 76 57
0 74 38
0 76 38
0 74 93
0 74 57
0 72 230
230 67 316
0 71 28
0 69 57
0 67 57
0 79 57
172 77 57
172 76 57
172 74 57
172 72 460
0 67 316
0 71 28
0 69 57
0 67 57
0 79 57
172 77 57
172 76 57
172 74 57
172 72 230
191 67 38
0 79 345
0 77 38
0 76 38
0 74 38
0 72 230
191 67 38
0 79 345
0 81 57
0 83 57
0 84 230
230 79 76
0 81 76
0 79 76
0 77 76
0 76 76
0 74 76
0 72 230
230 78 76
0 79 76
0 80 76
0 81 76
0 82 76
0 83 76
0 84 230
0 67 172
0 72 57
0 76 57
172 65 57
172 65 460
0 64 230
230 81 115
345 62 115
345 67 115
