0 70 503
0 65 251
0 62 503
0 65 251
0 70 503
0 74 251
0 77 503
0 82 125
0 74 125
0 77 131
119 74 6
119 72 6
119 70 6
119 69 6
119 69 119
0 67 131
119 64 6
119 65 6
119 67 6
119 69 6
119 69 119
0 70 31
62 72 31
0 70 62
0 69 62
0 70 31
94 72 31
94 74 31
94 75 31
94 76 131
119 79 6
119 77 6
119 77 119
0 82 125
0 74 125
0 77 131
119 74 6
119 72 6
119 70 6
119 69 6
119 69 119
0 67 131
119 64 6
119 65 6
119 67 6
119 69 6
119 69 119
0 70 62
188 70 62
188 74 62
188 70 251
188 70 31
31 72 68
56 69 6
56 70 6
56 79 6
56 79 245
188 70 31
31 72 68
56 69 6
56 70 6
56 77 6
56 77 245
188 70 31
31 72 68
56 69 6
56 70 6
56 72 6
56 72 245
0 77 251
0 75 251
0 73 251
0 74 125
62 70 31
31 72 68
56 69 6
56 70 6
56 79 6
56 79 245
188 70 31
31 72 68
56 69 6
56 70 6
56 77 6
56 77 245
188 70 31
31 72 68
56 69 6
56 70 6
56 72 6
56 72 245
0 75 251
0 69 251
0 70 251
503 74 62
188 67 62
440 69 62
188 62 62
440 63 503
0 65 68
56 62 6
56 63 6
56 63 56
0 72 125
0 70 125
0 70 251
0 70 251
0 70 131
119 74 6
119 73 6
119 72 6
119 71 6
119 70 6
119 70 245
503 63 503
0 65 68
56 62 6
56 63 6
56 63 56
0 72 131
0 72 119
0 71 251
0 71 251
0 72 131
119 75 6
119 74 6
119 72 6
119 70 6
119 69 6
119 69 245
503 70 131
119 82 6
119 81 6
119 79 6
119 77 6
119 76 6
119 76 245
503 77 131
119 77 6
119 76 6
119 74 6
119 72 6
119 71 6
119 71 245
566 72 62
0 71 62
0 72 62
0 74 62
0 72 62
0 71 62
0 72 62
62 72 62
0 76 62
0 72 62
62 72 62
0 77 62
0 72 62
62 72 62
0 82 62
0 72 62
62 72 62
0 81 62
0 72 62
0 79 62
0 76 62
0 74 62
0 72 62
0 71 62
0 72 62
0 74 62
0 72 62
62 72 62
0 76 62
0 72 62
62 72 62
0 77 62
0 72 62
62 72 62
0 82 62
0 72 62
62 72 62
0 81 62
0 72 62
0 79 62
0 84 62
0 79 62
0 76 62
0 72 62
0 79 62
0 76 62
0 72 62
0 67 62
0 72 62
0 67 62
0 64 62
0 60 62
188 67 251
1888 84 31
94 84 31
94 84 31
94 84 31
94 84 31
94 86 131
119 82 6
119 81 6
119 79 6
119 77 6
119 77 119
0 77 31
0 79 31
0 77 62
0 76 121
4 76 251
1132 82 31
94 82 31
94 82 31
94 82 31
94 82 31
94 84 131
119 81 6
119 79 6
119 77 6
119 76 6
119 76 119
0 77 251
125 81 131
119 77 6
119 76 6
119 76 245
125 86 131
119 76 6
119 77 6
119 77 245
125 81 131
119 77 6
119 76 6
119 76 245
125 86 131
119 76 6
119 77 6
119 77 245
125 84 131
119 79 6
119 78 6
119 78 245
125 87 131
119 78 6
119 81 6
119 79 6
119 84 6
119 83 6
119 82 6
119 81 6
119 79 6
119 79 182
0 81 62
0 77 251
0 76 41
0 77 41
0 76 41
0 77 31
0 76 31
0 74 31
0 76 31
0 77 62
0 72 62
0 71 62
0 72 62
0 74 62
0 72 62
0 71 62
0 72 62
0 70 62
0 72 62
0 69 62
0 72 62
0 67 62
0 72 62
0 71 62
0 72 62
0 74 62
0 72 62
0 71 62
0 72 62
0 82 62
0 72 62
0 82 62
0 72 62
0 81 62
0 72 62
0 71 62
0 72 62
0 74 62
0 72 62
0 71 62
0 72 62
0 70 62
0 72 62
0 69 62
0 72 62
0 67 62
0 72 62
0 71 62
0 72 62
0 74 62
0 72 62
0 71 62
0 72 62
0 82 62
0 72 62
0 82 62
0 72 62
0 81 62
0 72 62
0 71 62
0 72 62
0 74 62
0 72 62
0 71 62
0 72 62
0 75 62
0 72 62
0 70 62
0 72 62
0 69 62
0 74 62
0 73 62
0 74 62
0 76 62
0 74 62
0 73 62
0 74 62
0 84 62
0 74 62
0 84 62
0 74 62
0 83 251
0 82 251
0 81 251
0 79 62
0 86 62
0 82 62
0 79 62
0 77 62
0 84 62
0 81 62
0 77 62
0 76 62
0 82 62
0 79 62
0 76 62
0 77 68
56 84 6
56 82 6
56 81 6
56 79 6
56 77 6
56 76 6
56 74 6
56 72 6
56 70 6
56 69 6
56 69 56
0 67 68
56 74 6
56 72 6
56 70 6
56 69 6
56 67 6
56 65 6
56 64 6
56 62 6
56 60 6
56 59 6
56 60 6
56 60 56
62 72 62
62 77 62
62 81 62
62 84 62
62 89 62
62 79 31
0 81 31
0 79 31
0 81 31
0 79 31
0 81 31
0 79 31
0 81 31
0 79 31
0 81 31
0 79 31
0 81 31
0 79 31
0 81 31
0 79 31
0 81 31
0 79 31
0 81 31
0 79 41
0 81 41
0 79 41
0 77 31
0 79 31
0 77 251
503 82 251
0 84 251
0 86 251
0 84 377
0 86 68
56 82 6
56 81 6
56 79 6
56 77 6
56 77 56
0 81 377
0 82 125
0 79 251
0 77 251
503 70 125
0 82 125
0 72 125
0 84 125
0 74 125
0 86 125
0 84 125
0 86 68
56 89 6
56 88 6
56 86 6
56 84 6
56 82 6
56 81 6
56 79 6
56 77 6
56 77 56
0 81 377
0 82 125
0 79 251
0 77 251
62 84 62
0 86 68
56 82 6
56 81 6
56 82 6
56 79 6
56 77 6
56 77 245
62 72 68
56 72 6
56 70 6
56 69 6
56 70 6
56 67 6
56 65 6
56 65 56
188 69 251
251 70 503
0 65 251
0 62 503
0 65 251
0 70 503
0 74 251
0 77 503
0 82 125
0 74 125
0 77 131
119 74 6
119 72 6
119 70 6
119 69 6
119 69 119
0 67 131
119 64 6
119 65 6
119 67 6
119 69 6
119 69 119
0 70 31
62 72 31
0 70 62
0 69 62
0 70 31
94 72 31
94 74 31
94 75 31
94 76 131
119 79 6
119 77 6
119 77 119
0 82 125
0 74 125
0 77 131
119 74 6
119 72 6
119 70 6
119 69 6
119 69 119
0 67 131
119 64 6
119 65 6
119 67 6
119 69 6
119 69 119
0 70 62
188 70 62
188 74 62
188 70 251
188 70 31
31 72 68
56 69 6
56 70 6
56 79 6
56 79 245
188 70 31
31 72 68
56 69 6
56 70 6
56 77 6
56 77 245
188 70 31
31 72 68
56 69 6
56 70 6
56 72 6
56 72 245
0 77 251
0 75 251
0 73 251
0 74 125
62 70 31
31 72 68
56 69 6
56 70 6
56 79 6
56 79 245
188 70 31
31 72 68
56 69 6
56 70 6
56 77 6
56 77 245
188 70 31
31 72 68
56 69 6
56 70 6
56 72 6
56 72 245
0 75 251
0 69 251
0 70 251
503 74 62
188 67 62
440 69 62
188 62 62
440 63 503
0 65 68
56 62 6
56 63 6
56 63 56
0 72 125
0 70 125
0 70 251
0 70 251
0 70 131
119 74 6
119 73 6
119 72 6
119 71 6
119 70 6
119 70 245
503 63 503
0 65 68
56 62 6
56 63 6
56 63 56
0 72 131
0 72 119
0 71 251
0 71 251
0 72 131
119 75 6
119 74 6
119 72 6
119 70 6
119 69 6
119 69 245
503 70 131
119 82 6
119 81 6
119 79 6
119 77 6
119 76 6
119 76 245
503 77 131
119 77 6
119 76 6
119 74 6
119 72 6
119 71 6
119 71 245
566 72 62
0 71 62
0 72 62
0 74 62
0 72 62
0 71 62
0 72 62
62 72 62
0 76 62
0 72 62
62 72 62
0 77 62
0 72 62
62 72 62
0 82 62
0 72 62
62 72 62
0 81 62
0 72 62
0 79 62
0 76 62
0 74 62
0 72 62
0 71 62
0 72 62
0 74 62
0 72 62
62 72 62
0 76 62
0 72 62
62 72 62
0 77 62
0 72 62
62 72 62
0 82 62
0 72 62
62 72 62
0 81 62
0 72 62
0 79 62
0 84 62
0 79 62
0 76 62
0 72 62
0 79 62
0 76 62
0 72 62
0 67 62
0 72 62
0 67 62
0 64 62
0 60 62
188 67 251
1888 84 31
94 84 31
94 84 31
94 84 31
94 84 31
94 86 131
119 82 6
119 81 6
119 79 6
119 77 6
119 77 119
0 77 31
0 79 31
0 77 62
0 76 121
4 76 251
1132 82 31
94 82 31
94 82 31
94 82 31
94 82 31
94 84 131
119 81 6
119 79 6
119 77 6
119 76 6
119 76 119
0 77 251
125 81 131
119 77 6
119 76 6
119 76 245
125 86 131
119 76 6
119 77 6
119 77 245
125 81 131
119 77 6
119 76 6
119 76 245
125 86 131
119 76 6
119 77 6
119 77 245
125 84 131
119 79 6
119 78 6
119 78 245
125 87 131
119 78 6
119 81 6
119 79 6
119 84 6
119 83 6
119 82 6
119 81 6
119 79 6
119 79 182
0 81 62
0 77 251
0 76 41
0 77 41
0 76 41
0 77 31
0 76 31
0 74 31
0 76 31
0 77 62
0 72 62
0 71 62
0 72 62
0 74 62
0 72 62
0 71 62
0 72 62
0 70 62
0 72 62
0 69 62
0 72 62
0 67 62
0 72 62
0 71 62
0 72 62
0 74 62
0 72 62
0 71 62
0 72 62
0 82 62
0 72 62
0 82 62
0 72 62
0 81 62
0 72 62
0 71 62
0 72 62
0 74 62
0 72 62
0 71 62
0 72 62
0 70 62
0 72 62
0 69 62
0 72 62
0 67 62
0 72 62
0 71 62
0 72 62
0 74 62
0 72 62
0 71 62
0 72 62
0 82 62
0 72 62
0 82 62
0 72 62
0 81 62
0 72 62
0 71 62
0 72 62
0 74 62
0 72 62
0 71 62
0 72 62
0 75 62
0 72 62
0 70 62
0 72 62
0 69 62
0 74 62
0 73 62
0 74 62
0 76 62
0 74 62
0 73 62
0 74 62
0 84 62
0 74 62
0 84 62
0 74 62
0 83 251
0 82 251
0 81 251
0 79 62
0 86 62
0 82 62
0 79 62
0 77 62
0 84 62
0 81 62
0 77 62
0 76 62
0 82 62
0 79 62
0 76 62
0 77 68
56 84 6
56 82 6
56 81 6
56 79 6
56 77 6
56 76 6
56 74 6
56 72 6
56 70 6
56 69 6
56 69 56
0 67 68
56 74 6
56 72 6
56 70 6
56 69 6
56 67 6
56 65 6
56 64 6
56 62 6
56 60 6
56 59 6
56 60 6
56 60 56
62 72 62
62 77 62
62 81 62
62 84 62
62 89 62
62 79 31
0 81 31
0 79 31
0 81 31
0 79 31
0 81 31
0 79 31
0 81 31
0 79 31
0 81 31
0 79 31
0 81 31
0 79 31
0 81 31
0 79 31
0 81 31
0 79 31
0 81 31
0 79 41
0 81 41
0 79 41
0 77 31
0 79 31
0 77 251
503 82 251
0 84 251
0 86 251
0 84 377
0 86 68
56 82 6
56 81 6
56 79 6
56 77 6
56 77 56
0 81 377
0 82 125
0 79 251
0 77 251
503 70 125
0 82 125
0 72 125
0 84 125
0 74 125
0 86 125
0 84 125
0 86 68
56 89 6
56 88 6
56 86 6
56 84 6
56 82 6
56 81 6
56 79 6
56 77 6
56 77 56
0 81 377
0 82 125
0 79 251
0 77 251
62 84 62
0 86 68
56 82 6
56 81 6
56 82 6
56 79 6
56 77 6
56 77 245
62 72 68
56 72 6
56 70 6
56 69 6
56 70 6
56 67 6
56 65 6
56 65 56
188 69 251
251 66 251
0 68 251
251 61 503
0 63 68
56 60 6
56 61 6
56 61 56
0 70 125
0 68 122
3 68 251
0 68 251
0 68 131
119 72 6
119 71 6
119 70 6
119 69 6
119 68 6
119 68 245
503 61 503
0 63 68
56 60 6
56 61 6
56 61 56
0 70 125
0 69 125
0 69 251
0 69 251
0 70 131
119 73 6
119 72 6
119 70 6
119 68 6
119 67 6
119 67 245
503 68 131
119 77 6
119 75 6
119 74 6
119 72 6
119 71 6
119 71 245
503 72 131
119 84 6
119 82 6
119 80 6
119 79 6
119 78 6
119 78 245
503 79 131
119 79 6
119 77 6
119 75 6
119 74 6
119 73 6
119 73 245
566 74 62
0 73 62
0 74 62
0 76 62
0 74 62
0 73 62
0 74 62
62 74 62
0 78 62
0 74 62
62 74 62
0 79 62
0 74 62
62 74 62
0 84 62
0 74 62
62 74 62
0 82 62
0 74 62
0 81 62
0 78 62
0 76 62
0 74 62
0 73 62
0 74 62
0 76 62
0 74 62
62 74 62
0 78 62
0 74 62
62 74 62
0 79 62
0 74 62
62 74 62
0 84 62
0 74 62
62 74 62
0 82 62
0 74 62
0 81 62
0 86 62
0 81 62
0 78 62
0 74 62
0 81 62
0 78 62
0 74 62
0 69 62
0 74 62
0 69 62
0 66 62
0 62 62
188 69 251
1888 86 31
94 86 31
94 86 31
94 86 31
94 86 31
94 87 131
119 84 6
119 83 6
119 80 6
119 79 6
119 79 119
0 79 31
0 80 31
0 79 62
0 77 120
5 77 251
1132 77 31
94 77 31
94 77 31
94 77 31
94 77 31
94 79 131
119 75 6
119 74 6
119 72 6
119 71 6
119 71 119
0 72 513
0 72 241
0 63 513
0 63 241
0 72 513
0 72 241
0 79 251
503 76 513
503 76 241
0 67 513
0 67 241
0 76 513
0 76 241
0 82 251
629 80 31
94 80 31
94 80 31
94 80 31
94 80 31
94 82 131
119 79 6
119 77 6
119 75 6
119 74 6
119 74 119
125 79 31
94 79 31
94 79 31
94 79 31
94 79 31
94 80 131
119 77 6
119 75 6
119 74 6
119 72 6
119 72 119
125 77 31
94 77 31
94 77 31
94 77 31
94 77 31
94 79 131
119 75 6
119 74 6
119 72 6
119 71 6
119 71 119
0 77 131
119 74 6
119 72 6
119 70 6
119 69 6
119 69 119
0 84 131
119 81 6
119 79 6
119 77 6
119 76 6
119 76 119
0 77 251
251 69 251
0 70 251
251 73 251
0 72 251
251 63 251
0 61 251
251 58 251
0 57 125
0 65 31
94 65 31
94 65 31
94 65 31
94 65 31
94 64 125
0 65 125
0 67 125
0 65 125
0 70 125
0 69 125
0 74 125
0 72 125
0 75 125
0 74 125
0 79 125
0 77 94
31 77 377
0 76 125
0 75 125
0 72 125
0 70 503
0 65 251
0 62 503
0 65 251
0 70 503
0 74 251
0 77 503
0 82 125
0 74 125
0 77 131
119 74 6
119 72 6
119 70 6
119 69 6
119 69 119
0 67 131
119 64 6
119 65 6
119 67 6
119 69 6
119 69 119
0 70 31
62 72 31
0 70 62
0 69 62
0 70 31
94 72 31
94 74 31
94 75 31
94 76 131
119 79 6
119 77 6
119 77 119
0 82 125
0 74 125
0 77 131
119 74 6
119 72 6
119 70 6
119 69 6
119 69 119
0 67 131
119 64 6
119 65 6
119 67 6
119 69 6
119 69 119
0 70 62
188 70 62
188 74 62
188 70 251
188 70 31
31 72 68
56 69 6
56 70 6
56 79 6
56 79 245
188 70 31
31 72 68
56 69 6
56 70 6
56 77 6
56 77 245
188 70 31
31 72 68
56 69 6
56 70 6
56 72 6
56 72 245
0 77 251
0 75 251
0 73 251
0 74 125
62 70 31
31 72 68
56 69 6
56 70 6
56 79 6
56 79 245
188 70 31
31 72 68
56 69 6
56 70 6
56 77 6
56 77 245
188 70 31
31 72 68
56 69 6
56 70 6
56 72 6
56 72 245
0 75 251
0 69 251
0 70 251
503 74 62
188 67 62
440 69 62
188 62 62
440 63 503
0 65 68
56 62 6
56 63 6
56 63 56
0 72 125
0 70 125
0 70 251
0 70 251
0 70 131
119 74 6
119 73 6
119 72 6
119 71 6
119 70 6
119 70 245
503 63 503
0 65 68
56 62 6
56 63 6
56 63 56
0 72 125
0 71 125
0 71 251
0 71 251
0 72 131
119 75 6
119 74 6
119 72 6
119 70 6
119 69 6
119 69 245
503 70 131
119 82 6
119 81 6
119 79 6
119 77 6
119 76 6
119 76 245
566 77 62
0 76 62
0 77 62
0 79 62
0 77 62
0 76 62
0 77 62
62 77 62
0 81 62
0 77 62
62 77 62
0 82 62
0 77 62
62 77 62
0 87 62
0 77 62
62 77 62
0 86 62
0 77 62
0 84 62
0 81 62
0 79 62
0 77 62
0 76 62
0 77 62
0 79 62
0 77 62
62 77 62
0 81 62
0 77 62
62 77 62
0 82 62
0 77 62
62 77 62
0 87 62
0 77 62
62 77 62
0 86 62
0 77 62
0 84 62
0 89 62
0 84 62
0 81 62
0 77 62
0 84 62
0 81 62
0 77 62
0 72 62
0 77 62
0 72 62
0 69 62
0 65 62
188 72 251
1888 77 31
94 77 31
94 77 31
94 77 31
94 77 31
94 79 131
119 75 6
119 74 6
119 72 6
119 70 6
119 70 88
31 70 31
0 72 31
0 70 62
0 69 125
0 69 251
1132 75 31
94 75 31
94 75 31
94 75 31
94 75 31
94 77 131
119 74 6
119 72 6
119 70 6
119 69 6
119 69 119
0 70 251
125 74 131
119 70 6
119 69 6
119 69 245
125 79 131
119 69 6
119 70 6
119 70 245
125 74 131
119 70 6
119 69 6
119 69 270
138 78 144
131 69 6
131 70 6
131 70 270
138 77 144
131 72 6
131 71 6
131 71 270
138 80 144
131 71 6
131 71 131
0 74 144
131 77 6
131 76 6
131 75 6
131 74 6
131 74 131
0 72 208
0 74 69
0 70 277
0 69 46
0 70 46
0 69 46
0 70 34
0 69 34
0 67 34
0 69 34
0 70 69
0 65 69
0 64 69
0 65 69
0 67 69
0 65 69
0 64 69
0 65 69
0 63 69
0 65 69
0 62 69
0 65 69
0 60 69
0 65 69
0 64 69
0 65 69
0 67 69
0 65 69
0 64 69
0 65 69
0 75 69
0 65 69
0 75 69
0 65 69
0 74 69
0 77 69
0 76 69
0 77 69
0 79 69
0 77 69
0 76 69
0 77 69
0 75 69
0 77 69
0 74 69
0 77 69
0 72 69
0 77 69
0 76 69
0 77 69
0 79 69
0 77 69
0 76 69
0 77 69
0 87 69
0 77 69
0 87 69
0 77 69
0 86 69
0 77 69
0 76 69
0 77 69
0 79 69
0 77 69
0 76 69
0 77 69
0 80 69
0 77 69
0 75 69
0 77 69
0 74 69
0 79 69
0 78 69
0 79 69
0 81 69
0 79 69
0 78 69
0 79 69
0 89 69
0 79 69
0 89 69
0 79 69
0 88 277
0 87 277
0 86 277
0 86 75
62 87 6
62 84 6
62 84 45
17 84 75
62 86 6
62 82 6
62 82 45
17 82 75
62 84 6
62 81 6
62 81 62
0 82 69
0 86 69
0 89 69
0 87 69
0 86 69
0 84 69
0 82 69
0 81 69
0 79 69
0 77 69
0 75 69
0 74 69
0 72 69
0 75 69
0 79 69
0 77 69
0 75 69
0 74 69
0 72 69
0 70 69
0 69 69
0 67 69
0 65 69
0 64 69
0 65 69
69 70 69
69 74 69
69 77 69
69 82 69
69 86 69
69 72 34
0 74 34
0 72 34
0 74 34
0 72 34
0 74 34
0 72 34
0 74 34
0 72 34
0 74 34
0 72 34
0 74 34
0 72 34
0 74 34
0 72 34
0 74 34
0 72 34
0 74 34
0 72 46
0 74 46
0 72 46
0 70 34
0 72 34
0 70 277
555 75 277
0 77 277
0 79 277
0 77 416
0 79 75
62 75 6
62 74 6
62 72 6
62 70 6
62 70 62
0 74 416
0 75 138
0 72 277
0 70 277
555 63 138
0 75 138
0 65 138
0 77 138
0 67 138
0 79 138
0 77 138
0 79 69
0 81 69
0 82 69
0 81 69
0 79 69
0 77 69
0 75 69
0 74 69
0 72 69
0 70 69
0 74 416
0 75 138
0 72 277
0 70 277
69 77 69
0 79 69
0 77 69
0 75 69
0 74 69
0 75 69
0 72 69
0 70 277
69 65 69
0 67 69
0 65 69
0 63 69
0 62 69
0 63 69
0 60 69
0 58 97
180 74 277
277 66 277
0 68 277
277 61 555
0 63 75
62 60 6
62 61 6
62 61 62
0 70 138
0 68 135
3 68 277
0 68 277
0 68 144
131 72 6
131 71 6
131 70 6
131 69 6
131 68 6
131 68 270
555 61 555
0 63 75
62 60 6
62 61 6
62 61 62
0 70 138
0 69 138
0 69 277
0 69 277
0 70 144
131 73 6
131 72 6
131 70 6
131 68 6
131 67 6
131 67 270
555 68 144
131 77 6
131 75 6
131 74 6
131 72 6
131 71 6
131 71 270
555 72 144
131 84 6
131 82 6
131 80 6
131 79 6
131 78 6
131 78 270
555 79 144
131 79 6
131 77 6
131 75 6
131 74 6
131 73 6
131 73 270
625 74 69
0 73 69
0 74 69
0 76 69
0 74 69
0 73 69
0 74 69
69 74 69
0 78 69
0 74 69
69 74 69
0 79 69
0 74 69
69 74 69
0 84 69
0 74 69
69 74 69
0 82 69
0 74 69
0 81 69
0 78 69
0 76 69
0 74 69
0 73 69
0 74 69
0 76 69
0 74 69
69 74 69
0 78 69
0 74 69
69 74 69
0 79 69
0 74 69
69 74 69
0 84 69
0 74 69
69 74 69
0 82 69
0 74 69
0 81 69
0 86 69
0 81 69
0 78 69
0 74 69
0 81 69
0 78 69
0 74 69
0 69 69
0 74 69
0 69 69
0 66 69
0 62 69
208 69 277
2083 86 34
104 86 34
104 86 34
104 86 34
104 86 34
104 87 144
131 84 6
131 83 6
131 80 6
131 79 6
131 79 131
0 79 34
0 80 34
0 79 69
0 77 133
5 77 277
1250 77 34
104 77 34
104 77 34
104 77 34
104 77 34
104 79 144
131 75 6
131 74 6
131 72 6
131 71 6
131 71 131
0 72 566
0 72 266
0 63 566
0 63 266
0 72 566
0 72 266
0 79 277
555 76 566
555 76 266
0 67 566
0 67 266
0 76 566
0 76 266
0 82 277
694 80 34
104 80 34
104 80 34
104 80 34
104 80 34
104 82 144
131 79 6
131 77 6
131 75 6
131 74 6
131 74 131
138 79 34
104 79 34
104 79 34
104 79 34
104 79 34
104 80 144
131 77 6
131 75 6
131 74 6
131 72 6
131 72 131
138 77 34
104 77 34
104 77 34
104 77 34
104 77 34
104 79 144
131 75 6
131 74 6
131 72 6
131 71 6
131 71 131
0 77 144
131 74 6
131 72 6
131 70 6
131 69 6
131 69 131
0 84 144
131 81 6
131 79 6
131 77 6
131 76 6
131 76 131
0 77 277
277 69 277
0 70 277
277 73 277
0 72 277
277 63 277
0 61 277
277 58 277
0 57 138
0 65 34
104 65 34
104 65 34
104 65 34
104 65 34
104 64 138
0 65 138
0 67 138
0 65 138
0 70 138
0 69 138
0 74 138
0 72 138
0 75 138
0 74 138
0 79 138
0 77 104
34 77 416
0 76 138
0 75 138
0 72 138
0 70 555
0 65 277
0 62 555
0 65 277
0 70 555
0 74 277
0 77 555
0 82 138
0 74 138
0 77 144
131 74 6
131 72 6
131 70 6
131 69 6
131 69 131
0 67 144
131 64 6
131 65 6
131 67 6
131 69 6
131 69 131
0 70 34
69 72 34
0 70 69
0 69 69
0 70 34
104 72 34
104 74 34
104 75 34
104 76 144
131 79 6
131 77 6
131 77 131
0 82 138
0 74 138
0 77 144
131 74 6
131 72 6
131 70 6
131 69 6
131 69 131
0 67 144
131 64 6
131 65 6
131 67 6
131 69 6
131 69 131
0 70 69
208 70 69
208 74 69
208 70 277
208 70 34
34 72 75
62 69 6
62 70 6
62 79 6
62 79 270
208 70 34
34 72 75
62 69 6
62 70 6
62 77 6
62 77 270
208 70 34
34 72 75
62 69 6
62 70 6
62 72 6
62 72 270
0 77 277
0 75 277
0 73 277
0 74 138
69 70 34
34 72 75
62 69 6
62 70 6
62 79 6
62 79 270
208 70 34
34 72 75
62 69 6
62 70 6
62 77 6
62 77 270
208 70 34
34 72 75
62 69 6
62 70 6
62 72 6
62 72 270
0 75 277
0 69 277
0 70 277
555 74 69
208 67 69
486 69 69
208 62 69
486 63 555
0 65 75
62 62 6
62 63 6
62 63 62
0 72 138
0 70 138
0 70 277
0 70 277
0 70 144
131 74 6
131 73 6
131 72 6
131 71 6
131 70 6
131 70 270
555 63 555
0 65 75
62 62 6
62 63 6
62 63 62
0 72 138
0 71 138
0 71 277
0 71 277
0 72 144
131 75 6
131 74 6
131 72 6
131 70 6
131 69 6
131 69 270
555 70 144
131 82 6
131 81 6
131 79 6
131 77 6
131 76 6
131 76 270
625 77 69
0 76 69
0 77 69
0 79 69
0 77 69
0 76 69
0 77 69
69 77 69
0 81 69
0 77 69
69 77 69
0 82 69
0 77 69
69 77 69
0 87 69
0 77 69
69 77 69
0 86 69
0 77 69
0 84 69
0 81 69
0 79 69
0 77 69
0 76 69
0 77 69
0 79 69
0 77 69
69 77 69
0 81 69
0 77 69
69 77 69
0 82 69
0 77 69
69 77 69
0 87 69
0 77 69
69 77 69
0 86 69
0 77 69
0 84 69
0 89 69
0 84 69
0 81 69
0 77 69
0 84 69
0 81 69
0 77 69
0 72 69
0 77 69
0 72 69
0 69 69
0 65 69
208 72 277
2083 77 34
104 77 34
104 77 34
104 77 34
104 77 34
104 79 144
131 75 6
131 74 6
131 72 6
131 70 6
131 70 97
34 70 34
0 72 34
0 70 69
0 69 138
0 69 277
1250 75 34
104 75 34
104 75 34
104 75 34
104 75 34
104 77 144
131 74 6
131 72 6
131 70 6
131 69 6
131 69 131
0 70 277
138 74 144
131 70 6
131 69 6
131 69 270
138 79 144
131 69 6
131 70 6
131 70 270
138 74 144
131 70 6
131 69 6
131 69 270
138 78 144
131 69 6
131 70 6
131 70 270
138 77 144
131 72 6
131 71 6
131 71 270
138 80 144
131 71 6
131 71 131
0 74 144
131 77 6
131 76 6
131 75 6
131 74 6
131 74 131
0 72 208
0 74 69
0 70 277
0 69 46
0 70 46
0 69 46
0 70 34
0 69 34
0 67 34
0 69 34
0 70 69
0 65 69
0 64 69
0 65 69
0 67 69
0 65 69
0 64 69
0 65 69
0 63 69
0 65 69
0 62 69
0 65 69
0 60 69
0 65 69
0 64 69
0 65 69
0 67 69
0 65 69
0 64 69
0 65 69
0 75 69
0 65 69
0 75 69
0 65 69
0 74 69
0 77 69
0 76 69
0 77 69
0 79 69
0 77 69
0 76 69
0 77 69
0 75 69
0 77 69
0 74 69
0 77 69
0 72 69
0 77 69
0 76 69
0 77 69
0 79 69
0 77 69
0 76 69
0 77 69
0 87 69
0 77 69
0 87 69
0 77 69
0 86 69
0 77 69
0 76 69
0 77 69
0 79 69
0 77 69
0 76 69
0 77 69
0 80 69
0 77 69
0 75 69
0 77 69
0 74 69
0 79 69
0 78 69
0 79 69
0 81 69
0 79 69
0 78 69
0 79 69
0 89 69
0 79 69
0 89 69
0 79 69
0 88 277
0 87 277
0 86 277
0 86 75
62 87 6
62 84 6
62 84 45
17 84 75
62 86 6
62 82 6
62 82 45
17 82 75
62 84 6
62 81 6
62 81 62
0 82 69
0 86 69
0 89 69
0 87 69
0 86 69
0 84 69
0 82 69
0 81 69
0 79 69
0 77 69
0 75 69
0 74 69
0 72 69
0 75 69
0 79 69
0 77 69
0 75 69
0 74 69
0 72 69
0 70 69
0 69 69
0 67 69
0 65 69
0 64 69
0 65 69
69 70 69
69 74 69
69 77 69
69 82 69
69 86 69
69 72 34
0 74 34
0 72 34
0 74 34
0 72 34
0 74 34
0 72 34
0 74 34
0 72 34
0 74 34
0 72 34
0 74 34
0 72 34
0 74 34
0 72 34
0 74 34
0 72 34
0 74 34
0 72 46
0 74 46
0 72 46
0 70 34
0 72 34
0 70 277
555 75 277
0 77 277
0 79 277
0 77 416
0 79 75
62 75 6
62 74 6
62 72 6
62 70 6
62 70 62
0 74 416
0 75 138
0 72 277
0 70 277
555 63 138
0 75 138
0 65 138
0 77 138
0 67 138
0 79 138
0 77 138
0 79 69
0 81 69
0 82 69
0 81 69
0 79 69
0 77 69
0 75 69
0 74 69
0 72 69
0 70 69
0 74 416
0 75 138
0 72 277
0 70 277
69 77 69
0 79 69
0 77 69
0 75 69
0 74 69
0 75 69
0 72 69
0 70 277
69 65 69
0 67 69
0 65 69
0 63 69
0 62 69
0 63 69
0 60 69
0 58 97
180 74 277
