0 67 951
0 63 475
0 58 475
0 55 475
0 58 475
0 63 475
0 62 475
0 63 475
0 68 475
0 70 475
0 72 475
0 67 713
0 68 237
0 62 256
218 68 19
218 69 19
218 69 218
0 70 951
0 79 475
0 77 475
0 70 356
118 74 356
118 75 356
118 75 356
118 82 475
0 83 137
99 80 19
99 77 19
99 77 99
0 75 475
0 79 137
99 76 19
99 77 19
99 77 79
19 74 951
0 75 475
475 67 951
0 63 475
0 58 475
0 55 475
0 58 475
0 63 475
0 62 475
0 63 475
0 68 475
0 70 475
0 72 475
0 67 713
0 68 237
0 62 256
218 68 19
218 69 19
218 69 218
0 70 951
0 79 475
0 77 475
0 70 356
118 74 356
118 75 356
118 75 356
118 82 475
0 83 137
99 80 19
99 77 19
99 77 99
0 75 475
0 79 137
99 76 19
99 77 19
99 77 79
19 74 951
0 75 475
475 77 951
0 79 475
0 75 475
0 80 713
0 77 237
0 74 256
218 77 19
218 78 19
218 79 19
218 79 455
0 79 475
0 80 475
0 81 475
0 82 713
0 84 98
59 80 19
59 79 19
59 79 218
0 80 256
218 83 19
218 83 218
0 84 951
0 82 951
0 81 951
0 80 951
0 79 475
0 87 475
0 77 475
0 84 475
0 75 713
0 77 118
0 75 118
0 74 475
475 67 951
0 63 475
0 58 475
0 55 475
0 58 475
0 63 475
0 62 475
0 63 475
0 68 475
0 70 475
0 72 475
0 67 713
0 68 237
0 62 256
218 68 19
218 69 19
218 69 218
0 70 951
0 79 475
0 77 475
0 70 356
118 74 356
118 75 356
118 75 356
118 82 475
0 83 137
99 80 19
99 77 19
99 77 99
0 75 475
0 79 137
99 76 19
99 77 19
99 77 79
19 74 951
0 75 475
475 77 951
0 79 475
0 75 475
0 80 713
0 77 237
0 74 256
218 77 19
218 78 19
218 79 19
218 79 455
0 79 475
0 80 475
0 81 475
0 82 713
0 84 98
59 80 19
59 79 19
59 79 218
0 80 256
218 83 19
218 83 218
0 84 951
0 82 951
0 81 951
0 80 951
0 79 475
0 87 475
0 77 475
0 84 475
0 75 713
0 77 118
0 75 118
0 74 475
475 67 951
0 63 475
0 58 475
0 55 475
0 58 475
0 63 475
0 62 475
0 63 475
0 68 475
0 70 475
0 72 475
0 67 713
0 68 237
0 62 256
218 68 19
218 69 19
218 69 218
0 70 951
0 79 475
0 77 475
0 70 356
118 74 356
118 75 356
118 75 356
118 82 475
0 83 137
99 80 19
99 77 19
99 77 99
0 75 475
0 79 137
99 76 19
99 77 19
99 77 79
19 74 951
0 75 475
475 75 713
0 74 237
0 72 475
475 77 713
0 75 237
0 74 475
713 72 260
214 75 23
214 75 154
59 75 237
0 74 237
0 74 237
0 72 178
59 72 951
0 71 475
713 75 237
0 72 237
0 68 237
0 67 475
0 66 475
237 82 237
0 79 237
0 75 237
0 74 475
0 73 475
237 74 237
237 70 237
237 69 237
237 69 237
237 67 237
0 69 237
0 71 237
0 69 237
0 71 237
0 72 237
0 74 237
0 75 713
0 74 237
0 72 475
475 77 713
0 75 237
0 74 475
713 72 260
214 75 23
214 75 154
59 75 237
0 74 237
0 74 237
0 72 178
59 72 951
0 71 475
713 75 237
0 72 237
0 68 237
0 67 475
0 66 475
237 82 237
0 79 237
0 75 237
0 74 475
0 73 475
237 74 237
237 70 237
237 69 237
237 69 237
237 67 237
0 69 237
0 71 237
0 69 237
0 71 237
0 72 237
0 74 237
0 76 951
0 77 951
0 79 951
0 77 475
475 74 951
0 75 951
0 77 951
0 75 475
713 78 260
214 78 23
214 78 214
0 86 475
0 77 475
237 76 260
214 76 23
214 76 214
0 84 475
0 75 475
237 73 260
214 73 23
214 76 23
214 77 23
214 79 23
214 80 23
214 80 214
0 72 951
0 71 260
214 75 23
214 77 23
214 77 214
0 75 713
0 74 237
0 72 475
475 77 713
0 75 237
0 74 475
713 72 260
214 75 23
214 75 154
59 75 237
0 74 237
0 74 237
0 72 178
59 72 951
0 71 475
713 79 237
0 75 237
0 71 237
0 74 475
0 72 475
237 84 237
0 80 237
0 76 237
0 79 475
0 78 475
237 79 237
237 75 237
237 74 237
237 74 237
237 71 237
0 72 237
0 71 237
0 72 237
0 71 237
0 72 237
0 74 237
0 76 951
0 77 951
0 79 951
0 77 475
475 74 951
0 75 951
0 77 951
0 75 475
713 78 260
214 78 23
214 78 214
0 86 475
0 77 475
237 76 260
214 76 23
214 76 214
0 84 475
0 75 475
237 73 260
214 73 23
214 76 23
214 77 23
214 79 23
214 80 23
214 80 214
0 72 951
0 71 260
214 75 23
214 77 23
214 77 214
0 75 713
0 74 237
0 72 475
475 77 713
0 75 237
0 74 475
713 72 260
214 75 23
214 75 154
59 75 237
0 74 237
0 74 237
0 72 178
59 72 951
0 71 475
713 79 237
0 75 237
0 71 237
0 74 475
0 72 475
237 84 237
0 80 237
0 76 237
0 79 475
0 78 475
237 79 237
237 75 237
237 74 237
237 74 237
237 71 260
214 71 23
214 71 214
0 72 1189
0 73 260
214 73 23
214 73 214
0 72 1189
0 76 260
214 80 23
214 80 214
0 71 1189
0 69 260
214 69 23
214 69 214
0 70 1189
0 73 260
214 75 23
214 76 23
214 77 23
214 78 23
214 79 23
214 79 214
0 82 713
0 81 237
0 80 475
713 64 237
0 65 237
0 67 237
0 68 237
0 67 237
0 68 237
0 69 237
0 67 951
0 63 475
0 58 475
0 55 475
0 58 475
0 63 475
0 62 475
0 63 475
0 68 475
0 70 475
0 72 475
0 67 713
0 68 237
0 62 256
218 68 19
218 69 19
218 69 218
0 70 951
0 79 475
0 77 475
0 70 356
118 74 356
118 75 356
118 75 356
118 82 475
0 83 137
99 80 19
99 77 19
99 77 99
0 75 475
0 79 137
99 76 19
99 77 19
99 77 79
19 74 951
0 75 475
475 72 951
0 75 237
0 73 237
0 70 237
0 67 237
0 68 713
0 70 118
0 72 118
7 70 475
467 73 951
0 77 260
214 73 23
214 72 23
214 70 23
214 70 689
0 72 118
0 73 118
0 72 475
475 84 713
0 76 237
0 77 118
118 79 118
118 80 118
118 81 118
118 82 713
0 74 237
0 75 118
118 77 118
118 78 118
118 79 118
118 79 237
0 72 237
0 80 237
0 77 178
59 77 237
0 75 178
59 75 237
0 74 178
59 75 260
214 75 23
214 77 23
214 75 23
214 74 23
214 73 23
214 70 23
214 70 214
0 72 951
0 75 237
0 73 237
0 70 237
0 67 237
0 68 713
0 70 118
0 72 118
7 70 475
467 73 951
0 77 260
214 73 23
214 72 23
214 70 23
214 70 689
0 72 118
0 73 118
0 72 475
475 84 713
0 76 237
0 77 118
118 79 118
118 80 118
118 81 118
118 82 713
0 74 237
0 75 118
118 77 118
118 78 118
118 79 118
118 79 237
0 72 237
0 80 237
0 77 178
59 77 237
0 75 178
59 75 237
0 74 178
59 75 260
214 75 23
214 77 23
214 75 23
214 74 23
214 73 23
214 70 23
214 70 214
0 69 951
0 71 260
214 73 23
214 72 23
214 72 214
0 68 475
0 70 475
0 67 260
214 72 23
214 70 23
214 70 214
0 66 475
0 68 475
0 65 237
0 70 237
0 72 237
0 73 237
0 68 951
0 67 475
475 80 951
0 79 260
214 75 23
214 74 23
214 74 214
0 85 951
0 84 260
214 80 23
214 79 23
214 79 214
0 80 237
0 72 237
0 70 237
0 77 237
0 75 237
0 68 237
0 73 237
0 67 237
0 70 951
0 68 237
0 70 260
214 72 23
214 72 214
0 69 951
0 71 260
214 73 23
214 72 23
214 72 214
0 68 475
0 70 475
0 67 260
214 72 23
214 70 23
214 70 214
0 66 475
0 68 475
0 65 237
0 70 237
0 72 237
0 73 237
0 68 951
0 67 475
475 80 951
0 79 260
214 75 23
214 74 23
214 74 214
0 85 951
0 84 260
214 80 23
214 79 23
214 79 214
0 80 237
0 72 237
0 70 237
0 77 237
0 75 237
0 68 237
0 73 237
0 67 237
0 70 951
0 68 237
0 70 260
214 72 23
214 72 214
237 72 276
198 72 39
198 72 198
237 72 237
0 84 237
0 72 237
237 70 276
198 70 39
198 70 198
237 70 237
0 82 237
0 70 237
237 69 276
198 69 39
198 69 198
0 75 237
0 69 237
0 78 237
0 69 237
0 70 1189
0 69 237
0 78 237
0 69 237
0 70 1189
0 69 237
0 78 237
0 69 237
0 70 1189
0 74 237
0 77 237
0 80 237
0 83 260
214 86 23
214 84 23
214 82 23
214 80 23
214 79 23
214 77 23
214 75 23
214 75 689
0 77 137
99 74 19
99 74 455
475 67 951
0 63 475
0 58 475
0 55 475
0 58 475
0 63 475
0 62 475
0 63 475
0 68 475
0 70 475
0 72 475
0 67 713
0 68 237
0 62 256
218 68 19
218 69 19
218 69 218
0 70 951
0 79 475
0 77 475
0 70 356
118 74 356
118 75 356
118 75 356
118 82 475
0 83 137
99 80 19
99 77 19
99 77 99
0 75 475
0 79 137
99 76 19
99 77 19
99 77 79
19 74 951
0 75 475
475 72 713
0 74 237
0 75 475
0 75 475
0 75 713
0 74 118
0 72 118
0 70 475
475 72 713
0 74 237
0 75 178
59 75 178
59 75 178
59 75 178
59 75 118
0 79 118
0 77 118
0 75 118
0 74 118
0 77 118
0 75 118
0 72 118
0 70 475
713 79 237
0 80 237
0 84 237
0 76 475
0 77 475
237 78 237
0 79 237
0 82 237
0 74 475
0 75 475
237 76 237
0 77 237
0 80 237
0 71 260
214 75 23
214 74 23
214 74 214
0 77 951
0 75 475
475 75 951
0 74 260
214 70 23
214 69 23
214 69 214
0 80 951
0 79 260
214 75 23
214 74 23
214 74 214
0 75 237
0 67 237
0 65 237
0 72 237
0 70 237
0 63 237
0 68 237
0 62 237
0 63 951
237 80 237
0 77 237
0 74 237
0 82 951
237 80 237
0 77 237
0 74 237
0 75 951
237 68 237
0 65 237
0 62 237
0 56 1902
0 55 475
