0 71 1468
0 74 219
146 71 36
146 72 36
146 74 36
146 74 513
0 71 183
0 67 734
734 79 1101
0 81 183
0 79 183
0 78 219
146 74 36
146 73 36
146 74 36
146 74 513
0 71 183
0 67 734
734 72 550
0 69 183
0 66 183
183 69 183
183 71 183
183 72 183
183 74 550
0 71 183
0 79 734
734 81 201
165 78 18
165 79 18
165 79 165
0 78 201
165 75 18
165 76 18
165 76 165
0 74 201
165 71 18
165 72 18
165 72 165
0 71 550
0 72 91
0 71 91
0 69 367
0 74 382
351 72 15
351 72 351
0 71 917
0 67 182
0 67 172
0 74 183
10 72 183
0 69 183
0 72 183
0 76 183
0 74 550
0 71 183
0 67 91
91 67 91
91 69 91
91 71 91
91 72 91
91 74 91
91 76 91
91 78 91
91 79 219
146 79 36
146 78 36
146 81 36
146 79 36
146 78 36
146 79 36
146 78 36
146 76 36
146 74 36
146 73 36
146 74 36
146 74 146
0 71 183
0 74 183
0 71 183
0 67 734
734 72 183
0 69 183
0 72 183
0 69 183
0 66 91
91 69 183
0 68 183
0 69 183
0 70 183
0 71 183
0 72 183
0 73 183
0 74 183
0 71 183
0 74 183
0 71 183
0 79 734
183 83 219
146 79 36
146 79 146
0 75 219
146 72 36
146 69 36
146 69 146
0 67 550
0 67 183
0 66 219
146 67 36
146 69 36
146 69 136
146 69 10
0 66 734
0 67 734
734 71 1468
0 74 219
146 71 36
146 72 36
146 74 36
146 74 513
0 71 183
0 67 734
734 79 1101
0 81 183
0 79 183
0 78 219
146 74 36
146 73 36
146 74 36
146 74 513
0 71 183
0 67 734
734 72 550
0 69 183
0 66 183
183 69 183
183 71 183
183 72 183
183 74 550
0 71 183
0 79 734
734 81 201
165 78 18
165 79 18
165 79 165
0 78 201
165 75 18
165 76 18
165 76 165
0 74 201
165 71 18
165 72 18
165 72 165
0 71 550
0 72 91
0 71 91
0 69 367
0 74 382
351 72 15
351 72 351
0 71 917
0 67 182
0 67 172
0 74 183
10 72 183
0 69 183
0 72 183
0 76 183
0 74 550
0 71 183
0 67 91
91 67 91
91 69 91
91 71 91
91 72 91
91 74 91
91 76 91
91 78 91
91 79 219
146 79 36
146 78 36
146 81 36
146 79 36
146 78 36
146 79 36
146 78 36
146 76 36
146 74 36
146 73 36
146 74 36
146 74 146
0 71 183
0 74 183
0 71 183
0 67 734
734 72 183
0 69 183
0 72 183
0 69 183
0 66 91
91 69 183
0 68 183
0 69 183
0 70 183
0 71 183
0 72 183
0 73 183
0 74 183
0 71 183
0 74 183
0 71 183
0 79 734
183 83 219
146 79 36
146 79 146
0 75 219
146 72 36
146 69 36
146 69 146
0 67 550
0 67 183
0 66 219
146 67 36
146 69 36
146 69 136
146 69 10
0 69 734
0 67 734
734 74 917
0 73 219
146 74 36
146 79 36
146 78 36
146 76 36
146 74 36
146 73 36
146 73 513
0 74 183
0 76 734
734 76 917
0 75 219
146 76 36
146 81 36
146 79 36
146 78 36
146 76 36
146 74 36
146 74 513
0 76 183
0 78 734
734 78 917
0 76 219
146 78 36
146 83 36
146 81 36
146 79 36
146 78 36
146 76 36
146 76 880
0 75 219
146 76 36
146 81 36
146 79 36
146 78 36
146 76 36
146 76 139
7 76 183
0 74 183
0 74 550
0 69 183
0 74 183
0 78 183
0 73 219
146 74 36
146 76 36
146 76 139
146 76 7
0 73 734
0 74 137
45 75 201
165 75 18
165 78 18
165 76 18
165 74 18
165 72 18
165 71 18
165 71 899
0 67 183
0 71 182
0 71 172
10 72 183
0 69 183
0 72 183
0 76 183
0 74 550
0 71 183
0 67 91
91 67 91
91 69 91
91 71 91
91 72 91
91 74 91
91 76 91
91 78 91
91 79 219
146 79 36
146 78 36
146 81 36
146 79 36
146 78 36
146 79 36
146 78 36
146 76 36
146 74 36
146 73 36
146 74 36
146 74 146
0 71 183
0 74 183
0 71 183
0 67 734
734 72 183
0 69 183
0 72 183
0 69 183
0 66 91
91 69 183
0 68 183
0 69 183
0 70 183
0 71 183
0 72 183
0 73 183
0 74 183
0 71 183
0 74 183
0 71 183
0 79 734
183 83 219
146 79 36
146 79 146
0 75 219
146 72 36
146 69 36
146 67 36
146 67 513
0 67 183
0 66 219
146 67 36
146 69 36
146 69 139
146 69 7
0 66 734
0 67 734
734 74 917
0 73 219
146 74 36
146 79 36
146 78 36
146 76 36
146 74 36
146 73 36
146 73 513
0 74 183
0 76 734
734 76 917
0 75 219
146 76 36
146 81 36
146 79 36
146 78 36
146 76 36
146 74 36
146 74 513
0 76 183
0 78 734
734 78 917
0 76 219
146 78 36
146 83 36
146 81 36
146 79 36
146 78 36
146 76 36
146 76 880
0 75 219
146 76 36
146 81 36
146 79 36
146 78 36
146 76 36
146 76 139
7 76 183
0 74 183
0 74 550
0 69 183
0 74 183
0 78 183
0 73 219
146 74 36
146 76 36
146 76 139
146 76 7
0 73 734
0 74 137
45 75 201
165 75 18
165 78 18
165 76 18
165 74 18
165 72 18
165 71 18
165 71 899
0 67 183
0 71 182
0 71 172
10 72 183
0 69 183
0 72 183
0 76 183
0 74 550
0 71 183
0 67 91
91 67 91
91 69 91
91 71 91
91 72 91
91 74 91
91 76 91
91 78 91
91 79 219
146 79 36
146 78 36
146 81 36
146 79 36
146 78 36
146 79 36
146 78 36
146 76 36
146 74 36
146 73 36
146 74 36
146 74 146
0 71 183
0 74 183
0 71 183
0 67 734
734 72 183
0 69 183
0 72 183
0 69 183
0 66 91
91 69 183
0 68 183
0 69 183
0 70 183
0 71 183
0 72 183
0 73 183
0 74 183
0 71 183
0 74 183
0 71 183
0 79 734
183 83 219
146 79 36
146 79 146
0 75 219
146 72 36
146 69 36
146 67 36
146 67 513
0 67 183
0 66 219
146 67 36
146 69 36
146 69 139
146 69 7
0 66 734
0 67 734
734 70 917
0 69 219
146 70 36
146 70 139
7 70 219
146 67 36
146 66 36
146 67 36
146 67 513
0 70 183
0 74 734
734 74 917
0 73 219
146 74 36
146 74 139
7 74 219
146 70 36
146 69 36
146 70 36
146 70 513
0 74 183
0 79 734
734 77 917
0 81 219
146 82 36
146 81 36
146 79 36
146 77 36
146 75 36
146 74 36
146 74 880
0 79 219
146 81 36
146 79 36
146 77 36
146 75 36
146 74 36
146 70 36
146 70 146
0 72 183
0 75 183
0 79 183
0 70 550
0 70 183
0 74 219
146 70 36
146 72 36
146 72 139
7 69 734
0 70 201
165 72 18
165 70 18
165 74 18
165 72 18
165 75 18
165 74 18
165 77 18
165 77 899
0 80 219
146 77 36
146 75 36
146 74 36
146 72 36
146 71 36
146 72 36
146 72 513
0 75 183
0 79 734
734 79 917
0 78 219
146 79 36
146 79 146
0 82 183
0 73 183
0 82 183
0 73 175
7 73 734
0 74 734
734 75 917
0 72 183
0 81 183
0 78 183
0 84 183
0 81 183
0 87 183
0 78 183
0 86 917
0 81 219
146 78 36
146 79 36
146 73 36
146 74 36
146 70 36
146 70 139
7 70 183
0 69 183
0 72 183
0 75 183
0 67 550
0 67 183
0 70 219
146 67 36
146 69 36
146 69 139
7 66 734
0 67 201
165 67 18
165 68 18
165 69 18
165 68 18
165 69 18
165 70 18
165 71 18
165 71 1449
0 74 219
146 71 36
146 72 36
146 74 36
146 74 513
0 71 183
0 67 734
734 79 1101
0 81 219
146 78 36
146 76 36
146 74 36
146 73 36
146 74 36
146 74 513
0 71 183
0 67 734
734 72 550
0 69 183
0 66 183
183 69 183
183 71 183
183 72 183
183 74 550
0 71 183
0 79 734
734 81 201
165 78 18
165 79 18
165 79 165
0 78 201
165 75 18
165 76 18
165 76 165
0 74 201
165 71 18
165 72 18
165 72 165
0 71 550
0 72 91
0 71 91
0 69 367
0 74 382
351 72 15
351 72 351
0 71 917
0 67 183
0 71 182
0 71 172
10 72 183
0 69 183
0 72 183
0 76 183
0 74 550
0 71 183
0 67 91
91 67 91
91 69 91
91 71 91
91 72 91
91 74 91
91 76 91
91 78 91
91 79 219
146 79 36
146 78 36
146 81 36
146 79 36
146 78 36
146 79 36
146 78 36
146 76 36
146 74 36
146 73 36
146 74 36
146 74 146
0 71 183
0 74 183
0 71 183
0 67 734
734 72 183
0 69 183
0 72 183
0 69 183
0 66 91
91 69 183
0 68 183
0 69 183
0 70 183
0 71 183
0 72 183
0 73 183
0 74 183
0 71 183
0 74 183
0 71 183
0 79 734
183 83 219
146 79 36
146 79 146
0 75 219
146 72 36
146 69 36
146 67 36
146 67 513
0 67 183
0 66 219
146 67 36
146 69 36
146 69 146
0 67 183
0 66 183
0 69 183
0 67 183
0 71 183
0 69 183
0 72 183
0 71 183
0 74 183
0 72 183
0 76 183
0 74 183
0 77 1101
0 79 219
146 79 36
146 77 36
146 76 36
146 74 36
146 74 146
0 75 734
0 76 734
183 79 219
146 76 36
146 74 36
146 71 36
146 69 36
146 76 36
146 76 146
0 67 550
0 67 183
0 66 219
146 67 36
146 69 36
146 69 146
0 67 183
0 66 183
0 69 183
0 67 183
0 71 183
0 69 183
0 72 183
0 71 183
0 74 183
0 72 183
0 76 183
0 74 183
0 77 1101
0 79 219
146 79 36
146 77 36
146 76 36
146 74 36
146 74 146
0 76 734
0 78 734
0 79 734
0 67 1101
0 69 91
0 67 91
0 66 91
0 67 91
0 66 367
0 69 367
0 67 183
0 62 183
0 71 61
122 71 61
122 71 183
0 67 183
0 74 61
122 74 61
122 74 183
0 71 183
0 69 183
0 71 183
0 67 183
0 62 183
0 71 61
122 71 61
122 71 183
0 67 183
0 74 61
122 74 61
122 74 183
0 71 183
0 69 183
0 71 183
0 67 367
367 59 367
