903 70 129
0 74 129
129 75 129
129 76 258
0 77 129
0 74 64
32 74 32
0 72 64
64 71 64
64 72 64
64 74 64
64 77 258
0 75 129
0 69 64
64 70 64
64 70 258
0 71 129
0 72 64
64 72 258
0 73 129
0 74 64
64 72 64
64 74 64
64 72 64
64 70 258
0 69 96
32 70 64
0 72 64
0 74 129
129 75 129
129 76 258
0 77 129
0 74 64
32 74 32
0 72 64
64 71 64
64 72 64
64 74 64
64 77 258
0 75 129
0 69 64
64 70 64
64 82 129
0 82 64
64 82 64
64 72 64
64 79 129
0 79 64
64 79 64
64 70 64
64 70 64
64 72 32
0 74 32
0 72 32
0 70 32
0 72 64
0 74 64
0 70 258
129 70 64
0 74 64
0 77 129
129 76 129
129 84 64
64 75 129
129 74 258
0 71 129
0 72 129
0 79 129
0 70 193
0 72 32
0 70 32
0 69 96
32 69 64
0 72 64
0 77 129
129 76 129
129 84 64
64 75 129
129 74 129
129 82 129
0 79 129
0 76 129
0 77 129
0 81 129
0 84 64
64 84 64
193 84 70
58 81 6
58 79 6
58 77 6
58 76 6
58 77 6
58 77 58
0 72 64
0 77 64
0 81 64
0 84 64
64 84 64
129 81 64
0 84 70
58 81 6
58 79 6
58 77 6
58 76 6
58 77 6
58 77 58
0 78 64
0 81 64
0 79 64
0 77 64
0 75 64
0 74 64
0 73 64
0 74 129
129 75 129
129 76 258
0 77 129
0 74 64
32 74 32
0 72 64
64 71 64
64 72 64
64 74 64
64 77 258
0 75 129
0 69 64
64 70 64
64 70 258
0 71 129
0 72 64
64 72 258
0 73 129
0 74 64
64 72 64
64 74 64
64 72 64
64 70 258
0 69 96
32 70 64
0 72 64
0 74 129
129 75 129
129 76 258
0 77 129
0 74 64
32 74 32
0 72 64
64 71 64
64 72 64
64 74 64
64 77 258
0 75 129
0 69 64
64 70 64
64 82 129
0 82 64
64 82 64
64 72 64
64 79 129
0 79 64
64 79 64
64 70 64
64 70 64
64 72 32
0 74 32
0 72 32
0 70 32
0 72 64
0 74 64
0 70 258
129 65 64
64 65 64
64 65 258
0 62 96
32 67 64
64 67 258
0 63 96
32 67 129
0 70 129
0 69 129
0 72 129
0 70 64
0 69 64
0 70 64
0 72 64
0 70 64
64 70 64
64 74 64
64 74 258
0 70 96
32 75 64
64 75 258
0 72 96
32 70 129
0 74 129
0 72 129
0 75 129
0 74 64
0 72 64
0 74 64
0 75 64
0 74 64
64 74 64
64 86 64
64 86 129
0 82 129
0 79 129
0 78 258
0 79 129
0 86 64
64 83 70
58 86 6
58 84 6
58 82 6
58 81 6
58 79 6
58 77 6
58 76 6
58 76 251
0 77 129
0 84 64
64 89 70
58 86 6
58 84 6
58 82 6
58 81 13
51 79 13
51 77 13
51 77 51
0 86 70
58 82 6
58 81 6
58 79 6
58 77 13
51 76 13
51 74 13
51 74 51
0 72 64
0 77 64
0 81 64
0 84 48
16 84 70
58 81 6
58 79 6
58 79 41
16 79 258
0 77 96
32 65 64
64 65 64
64 65 258
0 62 96
32 67 64
64 67 258
0 63 96
32 67 129
0 70 129
0 69 129
0 72 129
0 70 64
0 69 64
0 70 64
0 72 64
0 70 64
64 70 64
64 74 64
64 74 258
0 70 96
32 75 64
64 75 258
0 72 96
32 70 129
0 74 129
0 72 129
0 75 129
0 74 64
0 72 64
0 74 64
0 75 64
0 74 64
64 74 64
64 86 64
64 86 129
0 82 129
0 79 129
0 78 258
0 79 129
0 86 64
64 83 70
58 86 6
58 84 6
58 82 6
58 81 6
58 79 6
58 77 6
58 76 6
58 76 251
0 77 129
0 84 64
64 89 70
58 86 6
58 84 6
58 82 6
58 81 13
51 79 13
51 77 13
51 77 51
0 86 70
58 82 6
58 81 6
58 79 6
58 77 13
51 76 13
51 74 13
51 74 51
0 72 64
0 77 64
0 81 64
0 84 48
16 84 70
58 81 6
58 79 6
58 79 41
16 79 258
0 77 96
32 65 64
64 74 64
64 74 258
0 77 96
32 71 64
64 71 258
0 74 96
32 72 64
64 72 258
0 75 96
32 69 64
64 69 258
0 72 96
32 75 70
58 72 6
58 70 6
58 69 6
58 70 6
58 72 6
58 70 6
58 70 58
0 75 70
58 72 6
58 70 6
58 69 6
58 70 6
58 72 6
58 70 6
58 70 58
0 82 64
64 82 258
0 70 129
0 70 258
0 69 96
32 65 64
64 65 64
64 65 258
0 62 96
32 67 64
64 67 258
0 63 96
32 67 129
0 70 129
0 69 129
0 72 129
0 70 64
0 69 64
0 70 64
0 72 64
0 70 64
64 70 64
64 74 64
64 74 258
0 70 96
32 75 64
64 75 258
0 72 96
32 70 129
0 74 129
0 72 129
0 75 129
0 74 64
0 72 64
0 74 64
0 75 64
0 74 64
64 70 64
64 79 64
64 79 129
0 75 129
0 72 129
0 71 258
0 72 129
0 79 64
64 76 70
58 79 6
58 77 6
58 75 6
58 74 6
58 72 6
58 70 6
58 69 6
58 69 251
0 70 129
0 77 64
64 82 70
58 79 6
58 77 6
58 75 6
58 74 6
58 72 6
58 70 6
58 70 58
0 79 70
58 75 6
58 74 6
58 72 6
58 70 6
58 69 6
58 67 6
58 67 58
0 65 64
0 70 64
0 74 64
0 77 48
16 77 64
0 75 64
0 74 64
0 72 48
16 72 258
0 70 96
32 65 64
64 74 64
64 74 258
0 77 96
32 71 64
64 71 258
0 74 96
32 72 64
64 72 258
0 75 96
32 69 64
64 69 258
0 72 96
32 75 70
58 72 6
58 70 6
58 69 6
58 70 6
58 72 6
58 70 6
58 70 58
0 75 70
58 72 6
58 70 6
58 69 6
58 70 6
58 72 6
58 70 6
58 70 58
0 82 64
64 82 258
0 70 129
0 70 258
0 69 96
32 65 64
64 65 64
64 65 258
0 62 96
32 67 64
64 67 258
0 63 96
32 67 129
0 70 129
0 69 129
0 72 129
0 70 64
0 69 64
0 70 64
0 72 64
0 70 64
64 70 64
64 74 64
64 74 258
0 70 96
32 75 64
64 75 258
0 72 96
32 70 129
0 74 129
0 72 129
0 75 129
0 74 64
0 72 64
0 74 64
0 75 64
0 74 64
64 70 64
64 79 64
64 79 129
0 75 129
0 72 129
0 71 258
0 72 129
0 79 64
64 76 70
58 79 6
58 77 6
58 75 6
58 74 6
58 72 6
58 70 6
58 69 6
58 69 251
0 70 129
0 77 64
64 82 70
58 79 6
58 77 6
58 75 6
58 74 6
58 72 6
58 70 6
58 70 58
0 79 70
58 75 6
58 74 6
58 72 6
58 70 6
58 69 6
58 67 6
58 67 58
0 65 64
0 70 64
0 74 64
0 77 48
16 77 64
0 75 64
0 74 64
0 72 48
16 72 258
0 70 96
32 70 64
0 72 64
0 74 258
129 74 64
0 75 64
0 77 258
129 77 64
0 79 64
0 80 129
0 77 129
0 74 129
0 70 129
0 69 129
0 70 129
0 68 129
0 65 129
0 63 64
64 63 64
64 63 64
64 63 64
64 72 64
64 72 64
64 72 64
64 72 64
64 65 64
64 65 64
64 70 64
64 70 64
64 68 129
0 67 96
32 65 64
64 63 64
64 79 64
64 79 64
64 78 64
64 77 64
64 76 64
64 75 64
64 74 64
64 73 64
64 72 64
64 72 64
64 77 64
64 77 64
64 70 258
258 63 64
64 63 64
64 63 64
64 63 64
64 72 64
64 72 64
64 72 64
64 72 64
64 65 64
64 65 64
64 70 64
64 70 64
64 68 129
0 67 96
32 65 64
64 63 64
64 79 64
64 79 64
64 78 64
64 77 64
64 76 64
64 75 64
64 74 64
64 73 64
64 72 64
64 72 64
64 77 64
64 77 64
64 70 258
387 70 129
0 73 129
0 76 129
0 79 129
0 73 129
0 72 129
0 70 129
0 69 129
0 68 129
0 74 129
0 75 129
0 77 129
0 71 129
0 70 129
0 68 129
0 67 129
0 66 129
0 65 129
0 70 129
0 63 129
0 69 129
0 62 129
0 66 129
0 62 129
0 63 129
0 62 129
0 63 129
0 62 129
0 63 129
0 65 129
0 62 129
0 63 64
64 63 64
64 63 64
64 63 64
64 72 64
64 72 64
64 72 64
64 72 64
64 65 64
64 65 64
64 70 64
64 70 64
64 68 129
0 67 96
32 65 64
64 63 64
64 72 64
64 84 64
64 83 64
64 82 64
64 81 64
64 80 64
64 79 64
64 78 64
64 77 64
64 77 64
64 82 64
64 82 64
64 75 258
387 70 129
0 73 129
0 76 129
0 79 129
0 73 129
0 72 129
0 70 129
0 69 129
0 68 129
0 74 129
0 75 129
0 77 129
0 71 129
0 70 129
0 68 129
0 67 129
0 66 129
0 65 129
0 70 129
0 63 129
0 69 129
0 62 129
0 66 129
0 62 129
0 63 129
0 62 129
0 63 129
0 62 129
0 63 129
0 65 129
0 62 129
0 63 64
64 63 64
64 63 64
64 63 64
64 72 64
64 72 64
64 72 64
64 72 64
64 65 64
64 65 64
64 70 64
64 70 64
64 68 129
0 67 96
32 65 64
64 63 64
64 72 64
64 84 64
64 83 64
64 82 64
64 81 64
64 80 64
64 79 64
64 78 64
64 77 64
64 77 64
64 82 64
64 82 64
64 75 258
645 71 135
122 74 6
122 75 6
122 76 6
122 76 122
0 77 64
64 89 135
122 87 6
122 86 6
122 84 6
122 82 6
122 80 6
122 80 122
0 79 64
64 87 64
64 77 64
64 86 64
64 75 64
64 84 64
64 74 64
64 82 64
193 82 129
0 79 129
0 76 129
0 77 129
0 81 129
0 84 64
64 84 64
193 84 70
58 81 6
58 79 6
58 77 6
58 76 6
58 76 58
0 77 64
0 72 64
0 77 64
0 81 64
0 84 64
64 84 64
129 81 70
58 82 6
58 81 6
58 79 6
58 77 6
58 76 6
58 76 58
0 77 70
58 81 6
58 79 6
58 77 6
58 75 6
58 74 6
58 73 6
58 73 58
0 74 129
129 75 129
129 76 258
0 77 129
0 74 64
32 74 32
0 72 64
64 71 64
64 72 64
64 74 64
64 77 258
0 75 129
0 69 64
64 70 64
64 70 258
0 71 129
0 72 64
64 72 258
0 73 129
0 74 64
64 72 64
64 74 64
64 72 64
64 70 258
0 69 96
32 70 64
0 72 64
0 74 129
129 75 129
129 76 258
0 77 129
0 74 64
32 74 32
0 72 64
64 71 64
64 72 64
64 74 64
64 77 258
0 75 129
0 69 64
64 70 64
64 82 129
0 82 64
64 82 64
64 72 64
64 79 129
0 79 64
64 79 64
64 70 64
64 70 64
64 72 32
0 74 32
0 72 32
0 70 32
0 72 64
0 74 64
0 70 258
129 70 64
64 79 64
64 79 258
0 75 129
0 74 64
64 74 258
0 70 129
0 69 64
64 69 258
0 72 129
0 69 129
0 70 129
0 70 96
32 70 64
64 79 64
64 79 258
0 75 129
0 74 64
64 74 258
0 70 129
0 69 64
64 69 258
0 72 129
0 69 129
0 70 129
0 70 96
32 70 64
64 82 64
64 82 64
64 82 64
64 82 64
64 76 64
64 76 64
64 76 64
64 76 64
64 84 64
64 84 64
64 84 64
64 84 64
64 75 64
64 75 64
64 75 64
64 75 64
64 74 64
64 82 64
64 81 64
64 80 64
64 79 64
64 78 64
64 77 64
64 76 64
64 77 129
0 74 129
0 69 129
0 77 129
0 72 258
0 70 129
258 78 129
0 79 129
0 82 129
0 85 193
0 87 32
0 85 32
0 84 129
0 82 129
0 81 129
0 69 129
0 72 129
0 75 129
0 78 193
0 80 32
0 78 32
0 77 129
0 75 129
0 74 129
0 70 64
64 72 64
64 74 64
64 75 64
64 76 64
64 77 64
64 78 64
64 79 193
64 73 258
129 79 129
0 81 129
0 82 129
0 82 64
0 84 64
0 86 64
0 87 64
0 89 64
0 87 64
0 86 64
0 84 64
0 82 64
0 81 64
0 79 64
0 77 64
0 75 64
0 74 64
0 72 64
0 70 64
0 72 32
0 74 32
0 72 32
0 74 32
0 72 32
0 74 32
0 72 32
0 74 32
0 72 32
0 74 32
0 72 32
0 74 32
0 72 32
0 74 32
0 72 32
0 74 32
0 72 32
0 74 32
0 72 32
0 74 32
0 72 32
0 74 32
0 72 32
0 74 32
0 72 32
0 74 32
0 72 32
0 74 32
0 72 43
0 70 43
0 72 43
0 70 129
516 77 129
0 72 129
0 70 129
0 79 258
387 79 129
0 81 129
0 79 129
0 77 258
387 70 129
0 75 129
0 74 129
0 72 258
387 62 135
122 63 6
122 63 122
0 62 129
129 65 129
129 62 129
