396 76 49
148 76 49
148 72 148
247 74 49
148 74 49
148 71 148
247 72 108
89 76 9
89 72 9
89 69 9
89 71 9
89 72 9
89 73 9
89 74 9
89 76 9
89 77 9
89 74 9
89 72 9
89 71 9
89 69 9
89 67 9
89 67 89
0 76 49
148 76 49
148 72 148
247 77 49
148 77 49
148 71 148
247 81 108
89 77 9
89 76 9
89 76 89
0 73 108
89 76 9
89 77 9
89 77 89
0 69 99
0 72 99
0 71 99
0 74 99
0 72 198
198 76 49
148 76 49
148 72 148
247 74 49
148 74 49
148 71 148
247 72 108
89 76 9
89 72 9
89 69 9
89 71 9
89 72 9
89 73 9
89 74 9
89 76 9
89 77 9
89 74 9
89 72 9
89 71 9
89 69 9
89 67 9
89 67 89
0 76 49
148 76 49
148 72 148
247 77 49
148 77 49
148 71 148
247 81 108
89 77 9
89 76 9
89 76 89
0 73 108
89 76 9
89 77 9
89 77 89
0 69 99
0 72 99
0 71 99
0 74 99
0 72 198
198 76 108
89 79 9
89 79 39
49 79 49
49 81 108
89 78 9
89 76 9
89 76 89
0 74 49
49 74 49
49 74 49
49 74 49
49 76 108
89 72 9
89 71 9
89 71 89
0 88 108
89 84 9
89 83 9
89 83 89
0 80 108
89 83 9
89 84 9
89 84 89
0 76 108
89 79 9
89 81 9
89 81 89
0 79 108
89 76 9
89 74 9
89 74 89
0 83 49
148 83 49
148 79 148
247 81 49
148 81 49
148 78 148
247 79 108
89 83 9
89 79 9
89 79 89
0 75 108
89 79 9
89 76 9
89 76 89
0 74 99
0 71 99
0 72 99
0 69 99
0 67 99
297 67 99
0 69 99
0 71 99
0 72 99
0 74 99
297 71 99
0 72 99
0 74 99
0 76 99
0 77 99
297 74 99
0 76 99
0 77 99
0 79 99
0 81 49
148 80 49
148 79 49
148 78 49
148 77 198
198 76 49
148 76 49
148 72 148
247 74 49
148 74 49
148 71 148
247 72 108
89 76 9
89 72 9
89 69 9
89 71 9
89 72 9
89 73 9
89 74 9
89 76 9
89 77 9
89 74 9
89 72 9
89 71 9
89 69 9
89 67 9
89 67 89
0 76 49
148 76 49
148 72 148
247 77 49
148 77 49
148 71 148
247 81 108
89 77 9
89 76 9
89 76 89
0 73 108
89 76 9
89 77 9
89 77 89
0 69 99
0 72 99
0 71 99
0 74 99
0 72 198
594 76 108
89 77 9
89 76 9
89 76 89
396 76 108
89 77 9
89 76 9
89 76 89
0 84 49
148 84 49
148 81 99
297 74 49
148 74 49
148 71 99
297 81 99
0 76 99
0 72 99
0 69 99
0 72 99
0 70 94
4 70 49
49 70 99
0 74 99
0 73 94
4 73 49
49 73 49
49 76 99
0 74 49
49 77 99
0 76 49
49 79 99
0 77 49
49 77 99
0 76 49
49 76 99
0 75 49
49 84 396
0 75 198
0 76 198
198 83 99
0 80 99
0 76 99
0 74 99
0 72 99
0 76 99
0 81 99
0 80 99
0 81 99
0 76 99
0 72 99
0 69 99
0 68 99
0 71 99
0 76 99
0 80 99
0 83 99
0 80 99
0 76 99
0 74 99
0 72 99
0 76 99
0 81 99
0 80 99
0 81 99
0 76 99
0 72 99
0 69 99
0 64 198
198 72 49
148 72 49
148 69 99
297 71 49
148 71 49
148 68 99
693 64 108
89 65 9
89 64 9
89 64 89
396 88 99
0 87 99
0 89 99
0 88 99
0 86 99
0 85 99
0 88 99
0 86 94
4 86 99
0 84 74
24 84 49
49 83 99
0 83 74
24 81 99
0 81 49
49 79 49
49 79 99
0 77 49
49 77 99
0 76 49
49 76 99
0 74 49
49 74 99
0 72 49
49 70 99
0 77 99
0 74 99
0 70 99
0 69 198
0 68 198
0 69 198
198 68 99
0 74 99
0 71 99
0 68 99
0 69 198
198 68 99
0 74 99
0 71 99
0 68 99
0 69 198
198 68 99
0 74 99
0 71 99
0 68 99
0 69 99
0 76 99
0 72 99
0 69 99
0 71 99
0 77 99
0 74 99
0 71 99
396 76 49
148 76 49
148 72 148
247 74 49
148 74 49
148 71 148
247 72 108
89 76 9
89 72 9
89 69 9
89 71 9
89 72 9
89 73 9
89 74 9
89 76 9
89 77 9
89 74 9
89 72 9
89 71 9
89 69 9
89 67 9
89 67 89
0 76 49
148 76 49
148 72 148
247 77 49
148 77 49
148 71 148
247 81 108
89 77 9
89 76 9
89 76 89
0 73 108
89 76 9
89 77 9
89 77 89
0 69 99
0 72 99
0 71 99
0 74 99
0 72 198
198 71 99
0 77 99
0 74 99
0 71 99
0 81 99
0 79 99
0 77 99
0 76 99
0 74 99
0 77 99
0 74 99
0 71 99
0 81 99
0 79 99
0 77 99
0 76 99
0 86 99
0 84 99
0 83 99
0 81 94
4 81 99
0 79 99
0 77 49
49 76 49
49 76 99
0 74 99
0 72 49
49 71 49
49 74 198
0 72 198
0 71 99
0 77 99
0 74 99
0 71 99
0 81 99
0 79 99
0 77 99
0 76 99
0 74 99
0 77 99
0 74 99
0 71 99
0 81 99
0 79 99
0 77 99
0 76 99
0 86 99
0 84 99
0 83 99
0 81 94
4 81 99
0 79 99
0 77 49
49 76 49
49 76 99
0 74 99
0 72 49
49 71 49
49 72 99
0 76 99
0 67 99
0 72 99
0 64 99
0 67 99
0 60 99
0 64 99
0 67 99
0 72 99
0 72 99
0 76 74
24 76 99
0 74 99
0 72 49
49 71 49
49 72 99
0 76 99
0 67 99
0 72 99
0 64 99
0 67 99
0 60 99
0 64 99
0 67 99
0 72 99
0 72 99
0 76 74
24 76 99
0 74 99
0 72 49
49 71 49
49 72 198
0 84 148
49 64 148
49 64 148
49 64 396
