0 72 590
0 76 295
0 79 295
0 71 442
0 72 73
0 74 73
0 72 295
295 81 590
0 79 295
0 84 295
0 79 295
0 77 49
0 79 49
0 77 49
0 76 73
0 77 73
0 76 295
295 69 147
0 71 80
66 74 7
66 76 7
66 77 7
66 79 7
66 81 7
66 79 7
66 77 7
66 76 7
66 74 7
66 72 7
66 71 7
66 69 7
66 67 7
66 67 140
0 69 80
66 72 7
66 74 7
66 76 7
66 77 7
66 79 7
66 77 7
66 76 7
66 74 7
66 72 7
66 71 7
66 69 7
66 67 7
66 65 7
66 65 140
0 67 80
66 71 7
66 72 7
66 74 7
66 76 7
66 77 7
66 76 7
66 74 7
66 72 7
66 71 7
66 69 7
66 67 7
66 65 7
66 64 7
66 64 140
0 65 80
66 69 7
66 71 7
66 72 7
66 74 7
66 76 7
66 74 7
66 72 7
66 71 7
66 69 7
66 67 7
66 65 7
66 64 7
66 62 7
66 62 140
0 64 80
66 67 7
66 69 7
66 71 7
66 73 7
66 74 7
66 74 66
0 69 80
66 73 7
66 74 7
66 76 7
66 77 7
66 79 7
66 81 7
66 83 7
66 84 7
66 83 7
66 81 7
66 79 7
66 77 7
66 76 7
66 76 66
0 77 80
66 81 7
66 79 7
66 77 7
66 76 7
66 74 7
66 72 7
66 71 7
66 71 66
73 79 73
73 76 73
73 72 73
73 74 73
73 79 73
73 76 73
73 72 73
73 74 73
221 71 73
221 67 295
1476 86 147
0 83 147
0 79 442
0 81 73
0 83 73
0 81 147
0 79 73
73 79 36
0 81 36
0 79 36
0 81 36
0 79 73
0 78 67
6 78 295
590 86 147
0 83 147
0 79 442
0 81 73
0 83 73
0 81 147
0 79 73
73 79 36
0 81 36
0 79 36
0 81 36
0 79 73
0 78 55
18 78 295
590 86 295
73 86 73
0 83 73
0 79 73
0 76 295
73 76 73
0 79 73
0 76 73
0 84 295
73 84 73
0 81 73
0 78 73
0 74 295
73 74 73
0 78 73
0 74 73
0 83 295
73 83 73
0 79 73
0 76 73
0 72 295
73 72 73
0 76 73
0 72 73
0 81 295
73 81 73
0 78 73
0 72 73
0 71 295
73 79 73
0 74 73
0 71 73
0 69 553
0 71 36
0 72 258
0 75 36
0 76 258
0 80 36
0 81 442
0 83 36
0 81 36
0 80 36
0 81 36
0 84 147
0 81 147
0 84 147
0 81 147
0 83 147
0 79 147
0 86 590
0 84 73
0 83 73
0 81 73
0 79 73
0 81 36
0 83 36
0 81 36
0 83 36
0 81 36
0 83 36
0 81 36
0 83 36
0 81 36
0 83 36
0 81 36
0 83 36
0 81 36
0 83 36
0 81 36
0 83 36
0 81 36
0 83 36
0 81 36
0 83 36
0 81 36
0 83 36
0 81 36
0 83 36
0 81 36
0 83 36
0 81 36
0 83 36
0 81 49
0 79 49
0 81 49
0 79 295
0 79 73
0 74 73
0 79 73
0 83 73
0 86 73
0 83 73
0 79 73
0 83 73
0 84 73
0 81 73
0 78 73
0 81 73
0 79 295
0 67 73
0 62 73
0 67 73
0 71 73
0 74 73
0 71 73
0 67 73
0 71 73
0 72 73
0 69 73
0 66 73
0 69 73
0 67 73
221 74 73
221 71 295
295 72 590
0 76 295
0 79 295
0 71 442
0 72 73
0 74 73
0 72 295
295 81 590
0 79 295
0 84 295
0 79 295
0 77 49
0 79 49
0 77 49
0 76 73
0 77 73
0 76 295
295 69 147
0 71 80
66 74 7
66 76 7
66 77 7
66 79 7
66 81 7
66 79 7
66 77 7
66 76 7
66 74 7
66 72 7
66 71 7
66 69 7
66 67 7
66 67 140
0 69 80
66 72 7
66 74 7
66 76 7
66 77 7
66 79 7
66 77 7
66 76 7
66 74 7
66 72 7
66 71 7
66 69 7
66 67 7
66 65 7
66 65 140
0 67 80
66 71 7
66 72 7
66 74 7
66 76 7
66 77 7
66 76 7
66 74 7
66 72 7
66 71 7
66 69 7
66 67 7
66 65 7
66 64 7
66 64 140
0 65 80
66 69 7
66 71 7
66 72 7
66 74 7
66 76 7
66 74 7
66 72 7
66 71 7
66 69 7
66 67 7
66 65 7
66 64 7
66 62 7
66 62 140
0 64 80
66 67 7
66 69 7
66 71 7
66 73 7
66 74 7
66 74 66
0 69 80
66 73 7
66 74 7
66 76 7
66 77 7
66 79 7
66 81 7
66 83 7
66 84 7
66 83 7
66 81 7
66 79 7
66 77 7
66 76 7
66 76 66
0 77 80
66 81 7
66 79 7
66 77 7
66 76 7
66 74 7
66 72 7
66 71 7
66 71 66
73 79 73
73 76 73
73 72 73
73 74 73
73 79 73
73 76 73
73 72 73
73 74 73
221 71 73
221 67 295
1476 86 147
0 83 147
0 79 442
0 81 73
0 83 73
0 81 147
0 79 73
73 79 36
0 81 36
0 79 36
0 81 36
0 79 73
0 78 67
6 78 295
590 86 147
0 83 147
0 79 442
0 81 73
0 83 73
0 81 147
0 79 73
73 79 36
0 81 36
0 79 36
0 81 36
0 79 73
0 78 55
18 78 295
590 86 295
73 86 73
0 83 73
0 79 73
0 76 295
73 76 73
0 79 73
0 76 73
0 84 295
73 84 73
0 81 73
0 78 73
0 74 295
73 74 73
0 78 73
0 74 73
0 83 295
73 83 73
0 79 73
0 76 73
0 72 295
73 72 73
0 76 73
0 72 73
0 81 295
73 81 73
0 78 73
0 72 73
0 71 295
73 79 73
0 74 73
0 71 73
0 69 553
0 71 36
0 72 258
0 75 36
0 76 258
0 80 36
0 81 442
0 83 36
0 81 36
0 80 36
0 81 36
0 84 147
0 81 147
0 84 147
0 81 147
0 83 147
0 79 147
0 86 590
0 84 73
0 83 73
0 81 73
0 79 73
0 81 36
0 83 36
0 81 36
0 83 36
0 81 36
0 83 36
0 81 36
0 83 36
0 81 36
0 83 36
0 81 36
0 83 36
0 81 36
0 83 36
0 81 36
0 83 36
0 81 36
0 83 36
0 81 36
0 83 36
0 81 36
0 83 36
0 81 36
0 83 36
0 81 36
0 83 36
0 81 36
0 83 36
0 81 49
0 79 49
0 81 49
0 79 295
0 79 73
0 74 73
0 79 73
0 83 73
0 86 73
0 83 73
0 79 73
0 83 73
0 84 73
0 81 73
0 78 73
0 81 73
0 79 295
0 67 73
0 62 73
0 67 73
0 71 73
0 74 73
0 71 73
0 67 73
0 71 73
0 72 73
0 69 73
0 66 73
0 69 73
0 67 73
221 74 73
221 71 295
295 67 295
0 79 73
0 74 73
0 79 73
0 82 73
0 86 73
0 82 73
0 79 73
0 82 73
0 84 73
0 81 73
0 78 73
0 81 73
0 79 295
0 67 73
0 62 73
0 67 73
0 70 73
0 74 73
0 70 73
0 67 73
0 70 73
0 72 73
0 69 73
0 66 73
0 69 73
0 67 295
369 79 80
66 81 7
66 79 7
66 77 7
66 76 7
66 74 7
66 73 7
66 73 287
369 85 80
66 86 7
66 85 7
66 82 7
66 81 7
66 79 7
66 77 7
66 77 287
0 74 73
0 69 73
0 74 73
0 77 73
0 81 73
0 77 73
0 74 73
0 77 73
0 79 73
0 76 73
0 73 73
0 76 73
0 74 295
0 62 73
0 57 73
0 62 73
0 65 73
0 69 73
0 65 73
0 62 73
0 65 73
0 67 73
0 64 73
0 61 73
0 64 73
73 62 80
66 65 7
66 67 7
66 69 7
66 71 7
66 73 7
66 74 7
66 74 287
369 71 80
66 74 7
66 76 7
66 78 7
66 80 7
66 81 7
66 83 7
66 83 287
369 81 80
66 86 7
66 84 7
66 83 7
66 81 7
66 79 7
66 77 7
66 77 287
369 79 80
66 84 7
66 83 7
66 81 7
66 79 7
66 77 7
66 76 7
66 76 287
369 77 80
66 83 7
66 81 7
66 79 7
66 77 7
66 76 7
66 74 7
66 74 287
369 76 80
66 81 7
66 80 7
66 77 7
66 76 7
66 74 7
66 72 7
66 72 287
369 70 80
66 72 7
66 70 7
66 69 7
66 67 7
66 65 7
66 65 66
0 64 80
66 67 7
66 69 7
66 70 7
66 72 7
66 74 7
66 76 7
66 76 66
0 77 590
0 81 295
0 84 295
0 76 442
0 77 73
0 79 73
0 77 295
295 86 590
0 84 295
0 89 295
0 84 295
0 82 49
0 84 49
0 82 49
0 81 73
0 82 73
0 81 295
295 74 147
0 76 80
66 79 7
66 81 7
66 82 7
66 84 7
66 86 7
66 84 7
66 82 7
66 81 7
66 79 7
66 77 7
66 76 7
66 74 7
66 72 7
66 72 140
0 74 80
66 77 7
66 79 7
66 81 7
66 82 7
66 84 7
66 82 7
66 81 7
66 79 7
66 77 7
66 76 7
66 74 7
66 72 7
66 70 7
66 70 140
0 72 80
66 76 7
66 77 7
66 79 7
66 81 7
66 82 7
66 81 7
66 79 7
66 77 7
66 76 7
66 74 7
66 72 7
66 70 7
66 69 7
66 69 140
0 70 80
66 74 7
66 76 7
66 77 7
66 79 7
66 81 7
66 79 7
66 77 7
66 76 7
66 74 7
66 72 7
66 70 7
66 69 7
66 81 7
66 81 287
590 72 295
0 72 295
590 72 295
0 72 295
590 71 295
0 72 295
590 72 295
0 74 73
0 62 80
66 65 7
66 67 7
66 69 7
66 71 7
66 73 7
66 74 7
66 74 66
0 69 80
66 73 7
66 74 7
66 76 7
66 77 7
66 79 7
66 81 7
66 83 7
66 84 7
66 83 7
66 81 7
66 79 7
66 77 7
66 76 7
66 76 66
0 77 80
66 81 7
66 79 7
66 77 7
66 76 7
66 74 7
66 72 7
66 71 7
66 71 66
73 79 73
73 76 73
73 72 73
73 74 73
73 79 73
73 76 73
73 72 73
73 74 73
221 74 73
221 67 295
1476 79 147
0 76 147
0 72 442
0 74 73
0 76 73
0 74 147
0 72 73
73 72 36
0 74 36
0 72 36
0 74 36
0 72 73
0 71 67
6 71 295
590 79 147
0 76 147
0 72 442
0 74 73
0 76 73
0 74 147
0 72 73
73 72 36
0 74 36
0 72 36
0 74 36
0 72 73
0 71 55
18 71 295
590 79 295
73 79 73
0 76 73
0 72 73
0 69 295
73 69 73
0 72 73
0 69 73
0 77 295
73 77 73
0 74 73
0 71 73
0 67 295
73 79 73
0 83 73
0 79 73
0 88 295
73 88 73
0 84 73
0 81 73
0 77 295
73 77 73
0 81 73
0 77 73
0 86 295
73 86 73
0 83 73
0 77 73
0 76 295
73 84 73
0 79 73
0 76 73
0 74 553
0 73 36
0 74 258
0 73 36
0 74 295
0 81 553
0 80 36
0 81 258
0 80 36
0 81 295
0 79 147
0 81 73
0 83 73
0 84 73
0 86 73
0 88 73
0 86 73
0 84 73
0 83 73
0 81 73
0 79 73
0 77 73
0 76 73
0 74 73
0 72 73
0 74 36
0 76 36
0 74 36
0 76 36
0 74 36
0 76 36
0 74 36
0 76 36
0 74 36
0 76 36
0 74 36
0 76 36
0 74 36
0 76 36
0 74 36
0 76 36
0 74 36
0 76 36
0 74 36
0 76 36
0 74 36
0 76 36
0 74 36
0 76 36
0 74 36
0 76 36
0 74 36
0 76 36
0 74 49
0 72 49
0 74 49
0 72 295
0 72 73
0 67 73
0 72 73
0 76 73
0 79 73
0 76 73
0 72 73
0 76 73
0 77 73
0 74 73
0 71 73
0 74 73
0 72 295
0 60 73
0 55 73
0 60 73
0 64 73
0 67 73
0 64 73
0 60 73
0 64 73
0 65 73
0 62 73
0 59 73
0 62 73
0 60 73
221 79 73
221 72 295
295 67 295
0 79 73
0 74 73
0 79 73
0 82 73
0 86 73
0 82 73
0 79 73
0 82 73
0 84 73
0 81 73
0 78 73
0 81 73
0 79 295
0 67 73
0 62 73
0 67 73
0 70 73
0 74 73
0 70 73
0 67 73
0 70 73
0 72 73
0 69 73
0 66 73
0 69 73
0 67 295
369 79 80
66 81 7
66 79 7
66 77 7
66 76 7
66 74 7
66 73 7
66 73 287
369 85 80
66 86 7
66 85 7
66 82 7
66 81 7
66 79 7
66 77 7
66 77 287
0 74 73
0 69 73
0 74 73
0 77 73
0 81 73
0 77 73
0 74 73
0 77 73
0 79 73
0 76 73
0 73 73
0 76 73
0 74 295
0 62 73
0 57 73
0 62 73
0 65 73
0 69 73
0 65 73
0 62 73
0 65 73
0 67 73
0 64 73
0 61 73
0 64 73
73 62 80
66 65 7
66 67 7
66 69 7
66 71 7
66 73 7
66 74 7
66 74 287
369 71 80
66 74 7
66 76 7
66 78 7
66 80 7
66 81 7
66 83 7
66 83 287
369 81 80
66 86 7
66 84 7
66 83 7
66 81 7
66 79 7
66 77 7
66 77 287
369 79 80
66 84 7
66 83 7
66 81 7
66 79 7
66 77 7
66 76 7
66 76 287
369 77 80
66 83 7
66 81 7
66 79 7
66 77 7
66 76 7
66 74 7
66 74 287
369 76 80
66 81 7
66 80 7
66 77 7
66 76 7
66 74 7
66 72 7
66 72 287
369 70 80
66 72 7
66 70 7
66 69 7
66 67 7
66 65 7
66 65 66
0 64 80
66 67 7
66 69 7
66 70 7
66 72 7
66 74 7
66 76 7
66 76 66
0 77 590
0 81 295
0 84 295
0 76 442
0 77 73
0 79 73
0 77 295
295 86 590
0 84 295
0 89 295
0 84 295
0 82 49
0 84 49
0 82 49
0 81 73
0 82 73
0 81 295
295 74 147
0 76 80
66 79 7
66 81 7
66 82 7
66 84 7
66 86 7
66 84 7
66 82 7
66 81 7
66 79 7
66 77 7
66 76 7
66 74 7
66 72 7
66 72 140
0 74 80
66 77 7
66 79 7
66 81 7
66 82 7
66 84 7
66 82 7
66 81 7
66 79 7
66 77 7
66 76 7
66 74 7
66 72 7
66 70 7
66 70 140
0 72 80
66 76 7
66 77 7
66 79 7
66 81 7
66 82 7
66 81 7
66 79 7
66 77 7
66 76 7
66 74 7
66 72 7
66 70 7
66 69 7
66 69 140
0 70 80
66 74 7
66 76 7
66 77 7
66 79 7
66 81 7
66 79 7
66 77 7
66 76 7
66 74 7
66 72 7
66 70 7
66 69 7
66 81 7
66 81 287
590 72 295
0 72 295
590 72 295
0 72 295
590 71 295
0 72 295
590 72 295
0 74 73
0 62 80
66 65 7
66 67 7
66 69 7
66 71 7
66 73 7
66 74 7
66 74 66
0 69 80
66 73 7
66 74 7
66 76 7
66 77 7
66 79 7
66 81 7
66 83 7
66 84 7
66 83 7
66 81 7
66 79 7
66 77 7
66 76 7
66 76 66
0 77 80
66 81 7
66 79 7
66 77 7
66 76 7
66 74 7
66 72 7
66 71 7
66 71 66
73 79 73
73 76 73
73 72 73
73 74 73
73 79 73
73 76 73
73 72 73
73 74 73
221 74 73
221 67 295
1476 79 147
0 76 147
0 72 442
0 74 73
0 76 73
0 74 147
0 72 73
73 72 36
0 74 36
0 72 36
0 74 36
0 72 73
0 71 67
6 71 295
590 79 147
0 76 147
0 72 442
0 74 73
0 76 73
0 74 147
0 72 73
73 72 36
0 74 36
0 72 36
0 74 36
0 72 73
0 71 55
18 71 295
590 79 295
73 79 73
0 76 73
0 72 73
0 69 295
73 69 73
0 72 73
0 69 73
0 77 295
73 77 73
0 74 73
0 71 73
0 67 295
73 79 73
0 83 73
0 79 73
0 88 295
73 88 73
0 84 73
0 81 73
0 77 295
73 77 73
0 81 73
0 77 73
0 86 295
73 86 73
0 83 73
0 77 73
0 76 295
73 84 73
0 79 73
0 76 73
0 74 553
0 73 36
0 74 258
0 73 36
0 74 295
0 81 553
0 80 36
0 81 258
0 80 36
0 81 295
0 79 147
0 81 73
0 83 73
0 84 73
0 86 73
0 88 73
0 86 73
0 84 73
0 83 73
0 81 73
0 79 73
0 77 73
0 76 73
0 74 73
0 72 73
0 74 36
0 76 36
0 74 36
0 76 36
0 74 36
0 76 36
0 74 36
0 76 36
0 74 36
0 76 36
0 74 36
0 76 36
0 74 36
0 76 36
0 74 36
0 76 36
0 74 36
0 76 36
0 74 36
0 76 36
0 74 36
0 76 36
0 74 36
0 76 36
0 74 36
0 76 36
0 74 36
0 76 36
0 74 49
0 72 49
0 74 49
0 72 295
0 72 73
0 67 73
0 72 73
0 76 73
0 79 73
0 76 73
0 72 73
0 76 73
0 77 73
0 74 73
0 71 73
0 74 73
0 72 295
0 60 73
0 55 73
0 60 73
0 64 73
0 67 73
0 64 73
0 60 73
0 64 73
0 65 73
0 62 73
0 59 73
0 62 73
0 60 73
221 79 73
221 72 295
