1 72 95
66 62 14
67 63 13
70 60 11
69 63 14
67 62 13
66 63 15
66 63 66
2 72 95
67 62 14
66 63 15
66 60 14
67 63 13
69 62 12
68 63 15
68 63 67
0 68 95
69 64 15
65 65 15
67 60 13
68 65 13
69 64 12
70 65 13
70 65 69
0 68 95
68 64 13
66 65 15
68 60 11
69 65 14
67 64 13
67 65 15
67 65 67
2 71 95
69 63 13
67 65 14
66 62 15
69 65 10
70 63 14
68 65 13
68 65 69
0 71 95
65 63 15
67 65 12
69 62 14
70 65 10
68 63 16
67 65 11
67 65 70
0 72 95
68 65 13
67 67 15
66 63 14
67 67 14
67 65 13
71 67 10
67 72 3
80 67 12
68 65 15
69 67 10
68 63 16
65 67 13
72 65 10
69 67 16
69 67 65
0 75 95
70 67 13
69 68 13
68 63 14
66 68 15
66 67 14
69 68 11
69 75 1
80 68 13
70 67 11
69 68 14
65 63 16
67 68 11
69 67 14
69 68 12
81 66 13
67 64 14
66 66 15
67 62 13
69 66 13
70 64 12
69 66 14
69 66 67
1 74 95
66 64 15
66 66 14
69 62 12
69 66 14
66 64 15
69 66 10
79 67 15
69 66 10
68 67 17
68 62 10
71 67 14
65 66 15
67 67 13
67 74 1
84 67 10
71 66 14
65 67 16
69 62 10
71 67 14
67 66 14
66 67 15
66 67 67
0 72 95
69 62 15
65 64 15
69 60 11
71 64 13
67 62 15
66 64 14
66 64 67
1 72 95
69 62 13
68 64 13
67 60 15
65 64 15
68 62 12
72 64 11
67 72 3
80 65 11
70 64 13
67 65 14
66 60 15
70 65 10
72 64 13
67 65 15
81 65 13
68 64 13
70 65 11
67 60 16
66 65 13
68 64 14
70 65 10
68 70 2
81 65 11
69 63 14
66 65 15
69 62 11
71 65 13
67 63 15
67 65 13
67 65 69
1 70 95
68 63 10
70 65 15
65 62 15
68 65 11
69 63 15
69 65 10
69 70 1
80 67 13
67 65 15
69 67 10
67 63 17
65 67 13
71 65 10
69 67 15
69 67 66
2 70 95
66 65 13
67 67 15
69 63 10
72 67 13
68 65 14
67 67 14
67 67 67
0 68 95
65 65 14
67 67 13
68 63 13
71 67 10
72 65 13
66 67 16
83 67 11
68 65 15
66 67 13
69 63 12
71 67 12
69 65 13
67 67 14
65 68 2
81 62 12
69 60 14
69 62 11
68 58 15
67 62 13
68 60 14
69 62 12
69 62 69
0 68 95
66 60 15
68 62 11
72 58 12
69 62 14
68 60 13
66 62 16
66 62 65
0 67 95
70 56 10
69 58 15
68 63 11
67 58 17
67 56 11
68 58 15
68 58 66
1 67 95
67 56 17
68 58 10
69 63 16
65 58 13
70 56 11
69 58 15
82 60 12
69 58 13
67 60 14
67 57 13
69 60 13
69 58 13
69 60 12
80 60 14
68 58 13
68 60 14
67 57 14
67 60 14
69 58 11
69 60 14
69 60 67
1 65 95
65 60 13
69 62 12
70 59 13
68 62 14
67 60 14
67 62 13
67 65 1
83 62 10
70 60 14
67 62 13
69 59 13
69 62 13
65 60 16
67 62 11
67 62 70
1 65 95
67 60 15
67 62 13
66 59 16
68 62 10
72 60 13
66 62 16
66 62 65
1 65 95
67 60 13
67 62 14
71 59 10
72 62 13
67 60 14
65 62 16
65 62 65
0 63 95
67 59 13
70 60 11
71 55 13
68 60 14
67 59 14
67 60 13
82 60 13
69 59 13
67 60 15
67 55 13
71 60 11
68 59 15
68 60 11
68 60 70
0 53 95
67 62 14
65 63 15
69 65 10
67 63 17
65 62 13
71 63 10
81 63 13
69 62 12
66 63 17
68 65 10
70 63 15
65 62 15
66 63 14
66 63 67
2 54 95
67 59 13
71 60 10
69 63 15
67 60 13
66 59 15
67 60 12
67 60 69
0 54 95
69 59 12
69 60 14
67 63 14
69 60 12
69 59 14
67 60 13
80 60 15
69 59 10
68 60 16
67 55 11
72 60 12
67 59 15
67 60 12
68 63 1
80 60 13
69 59 12
69 60 14
67 55 14
69 60 11
69 59 15
65 60 15
65 60 67
0 66 95
69 59 10
72 60 13
67 57 15
65 60 15
67 59 13
68 60 14
68 60 67
2 66 95
69 59 10
72 60 13
67 57 15
67 60 13
69 59 13
65 60 17
65 60 65
0 67 95
70 59 14
66 60 15
66 62 14
68 60 13
70 59 12
69 60 14
82 60 13
69 59 13
69 60 13
69 62 13
67 60 14
67 59 13
69 60 13
69 60 69
0 68 95
67 59 11
69 60 14
67 62 14
67 60 14
71 59 10
68 60 17
68 60 65
1 68 95
67 59 15
68 60 12
68 62 15
67 60 13
67 59 14
70 60 10
70 60 71
245 53 95
68 53 13
68 52 13
68 53 13
68 59 13
68 53 13
68 62 13
68 59 13
68 56 13
68 53 13
68 52 13
68 53 13
68 53 68
246 55 95
68 55 13
68 54 13
68 55 13
68 63 13
68 60 13
68 67 13
68 63 13
68 60 13
68 56 13
68 55 13
68 56 13
68 56 68
246 60 95
68 60 13
68 59 13
68 60 13
68 66 13
68 60 13
68 69 13
68 66 13
68 63 13
68 60 13
68 59 13
68 60 13
68 60 68
82 74 95
68 74 13
68 75 13
68 72 13
68 71 13
68 72 13
68 69 13
68 72 13
68 71 13
68 72 13
68 74 13
68 71 13
68 69 13
68 71 13
68 71 68
0 67 95
68 69 13
68 71 13
68 72 13
68 69 13
68 67 13
68 69 13
68 69 68
0 66 95
68 67 13
68 69 13
68 71 13
68 67 13
68 66 13
68 67 13
68 67 68
0 62 95
68 77 13
68 79 13
68 80 13
68 77 13
68 75 13
68 77 13
68 77 68
0 74 95
68 75 13
68 77 13
68 79 13
68 75 13
68 74 13
68 75 13
68 75 68
0 72 95
68 74 13
68 75 13
68 77 13
68 74 13
68 72 13
68 74 13
68 74 68
0 71 95
68 72 13
68 74 13
68 75 13
68 72 13
68 71 13
68 72 13
68 72 68
0 67 95
68 71 13
68 72 13
68 68 13
68 77 13
68 75 13
68 77 13
68 77 68
0 67 95
68 74 13
68 75 13
68 65 13
68 74 13
68 72 13
68 74 13
68 74 68
0 63 95
68 71 13
68 72 13
68 68 13
68 65 13
68 63 13
68 65 13
68 65 68
0 67 95
68 62 13
68 63 13
68 65 13
68 62 13
68 60 13
68 62 13
68 62 68
30 60 174
0 60 41
0 62 41
0 64 41
0 65 20
0 67 20
0 68 20
0 70 20
0 72 20
0 70 20
0 68 20
0 67 20
0 65 82
0 67 41
0 64 41
30 60 23
0 64 13
0 65 137
0 67 41
0 65 41
0 64 41
0 65 41
0 67 41
0 68 41
0 67 41
0 65 20
0 63 20
0 62 20
0 63 20
0 65 20
0 62 20
0 63 20
0 65 20
0 59 246
0 50 95
68 56 13
68 55 13
68 53 13
68 59 13
68 53 13
68 62 13
68 53 13
68 59 13
68 56 13
68 55 13
68 53 13
68 53 68
0 52 95
68 58 13
68 55 13
68 60 13
68 56 13
68 53 13
68 56 13
68 55 13
68 58 13
68 55 13
68 52 13
68 56 13
68 53 13
68 50 13
68 53 13
68 52 13
68 55 13
68 52 13
68 48 13
68 53 13
68 50 13
68 47 13
68 50 13
68 50 68
246 50 95
68 55 13
68 58 13
68 55 13
68 56 13
68 60 13
68 65 13
68 62 13
68 65 13
68 68 13
68 72 13
68 71 13
68 72 13
68 67 13
68 65 13
68 62 13
68 64 13
68 64 233
