72 74 84
60 78 12
60 69 12
60 69 60
0 78 84
60 74 12
60 81 12
60 81 60
0 74 84
60 78 12
60 69 12
60 69 60
0 78 84
60 74 12
60 79 12
60 79 60
0 76 84
60 79 12
60 71 12
60 71 60
0 74 84
60 71 12
60 73 12
60 73 60
0 76 84
60 79 12
60 69 12
60 69 60
0 79 84
60 76 12
60 78 12
60 78 60
0 74 84
60 78 12
60 69 12
60 69 60
0 73 84
60 69 12
60 71 12
60 71 60
0 74 84
60 78 12
60 71 12
60 71 60
0 81 84
60 78 12
60 80 12
60 80 60
0 76 84
60 80 12
60 71 12
60 71 60
0 74 84
60 71 12
60 69 12
60 69 60
0 73 84
60 76 12
60 66 12
60 66 60
0 76 84
60 73 12
60 74 12
60 74 60
0 71 84
60 74 12
60 66 12
60 66 60
0 69 84
60 66 12
60 68 12
60 68 60
0 71 84
60 74 12
60 64 12
60 64 60
0 74 84
60 71 12
60 73 12
60 73 60
0 69 84
60 73 12
60 64 12
60 64 60
0 67 84
60 64 12
60 66 12
60 66 60
0 69 84
60 73 12
60 66 12
60 66 60
0 76 84
60 73 12
60 75 12
60 75 60
0 71 84
60 75 12
60 66 12
60 66 60
0 69 84
60 66 12
60 64 12
60 64 60
0 67 84
60 71 12
60 61 12
60 61 60
0 74 84
60 71 12
60 70 12
60 70 60
0 64 84
60 67 12
60 61 12
60 61 60
0 67 84
60 64 12
60 62 12
60 62 60
0 71 84
60 74 12
60 66 12
60 66 60
0 69 84
60 66 12
60 65 12
60 65 60
0 68 84
60 71 12
60 65 12
60 65 60
0 74 84
60 71 12
60 80 12
60 80 60
0 77 84
60 80 12
60 73 12
60 73 60
0 83 84
60 80 12
60 81 12
60 81 60
0 78 84
60 81 12
60 73 12
60 73 60
0 76 84
60 73 12
60 75 12
60 75 60
0 78 84
60 81 12
60 71 12
60 71 60
0 81 84
60 78 12
60 79 12
60 79 60
0 76 84
60 79 12
60 71 12
60 71 60
0 74 84
60 71 12
60 72 12
60 72 60
0 75 84
60 78 12
60 69 12
60 69 60
0 72 84
60 69 12
60 67 12
60 67 60
0 76 84
60 79 12
60 71 12
60 71 60
0 74 84
60 71 12
60 73 12
60 73 60
0 76 84
60 79 12
60 69 12
60 69 60
0 79 84
60 76 12
60 78 12
60 78 60
0 74 84
60 78 12
60 69 12
60 69 60
0 72 84
60 69 12
60 71 12
60 71 60
0 67 84
60 71 12
60 61 12
60 61 60
0 71 84
60 67 12
60 66 12
60 66 60
0 62 84
60 66 12
60 57 12
60 57 60
0 60 84
60 57 12
60 59 12
60 59 60
0 62 84
60 66 12
60 59 12
60 59 60
0 69 84
60 66 12
60 68 12
60 68 60
0 64 84
60 68 12
60 59 12
60 59 60
0 62 84
60 59 12
60 57 12
60 57 60
0 60 84
60 64 12
60 57 12
60 57 60
0 67 84
60 64 12
60 63 12
60 63 60
0 57 84
60 60 12
60 57 12
60 57 60
0 60 84
60 57 12
60 55 12
60 55 60
0 64 84
60 67 12
60 59 12
60 59 60
0 62 84
60 59 12
60 58 12
60 58 60
0 61 84
60 64 12
60 58 12
60 58 60
0 67 84
60 64 12
60 73 12
60 73 60
0 70 84
60 73 12
60 66 12
60 66 60
0 76 84
60 73 12
60 74 12
60 74 60
0 71 84
60 74 12
60 66 12
60 66 60
0 69 84
60 66 12
60 68 12
60 68 60
0 71 84
60 74 12
60 64 12
60 64 60
0 74 84
60 71 12
60 72 12
60 72 60
0 69 84
60 72 12
60 64 12
60 64 60
0 67 84
60 64 12
60 66 12
60 66 60
0 69 84
60 72 12
60 62 12
60 62 60
0 72 84
60 69 12
60 71 12
60 71 60
0 67 84
60 71 12
60 62 12
60 62 60
0 71 84
60 67 12
60 74 12
60 74 60
0 67 84
60 71 12
60 62 12
60 62 60
0 71 84
60 67 12
60 72 12
60 72 60
0 69 84
60 72 12
60 64 12
60 64 60
0 67 84
60 64 12
60 66 12
60 66 60
0 69 84
60 72 12
60 62 12
60 62 60
0 72 84
60 69 12
60 71 12
60 71 60
0 67 84
60 71 12
60 62 12
60 62 60
0 66 84
60 62 12
60 64 12
60 64 60
0 67 84
60 71 12
60 64 12
60 64 60
0 74 84
60 71 12
60 73 12
60 73 60
0 69 84
60 73 12
60 64 12
60 64 60
0 67 84
60 64 12
60 62 12
60 62 60
0 66 84
60 69 12
60 59 12
60 59 60
0 69 84
60 66 12
60 67 12
60 67 60
0 64 84
60 67 12
60 59 12
60 59 60
0 62 84
60 59 12
60 61 12
60 61 60
0 64 84
60 67 12
60 57 12
60 57 60
0 67 84
60 64 12
60 66 12
60 66 60
0 62 84
60 66 12
60 57 12
60 57 60
0 66 84
60 62 12
60 69 12
60 69 60
0 66 84
60 69 12
60 62 12
60 62 60
0 72 84
60 69 12
60 71 12
60 71 60
0 67 84
60 71 12
60 62 12
60 62 60
0 71 84
60 67 12
60 74 12
60 74 60
0 71 84
60 74 12
60 68 12
60 68 60
0 77 84
60 74 12
60 73 12
60 73 60
0 69 84
60 73 12
60 64 12
60 64 60
0 67 84
60 64 12
60 69 12
60 69 60
0 74 84
60 78 12
60 71 12
60 71 60
0 81 84
60 78 12
60 79 12
60 79 60
0 73 84
60 76 12
60 69 12
60 69 60
0 79 84
60 76 12
60 78 12
60 78 60
0 71 84
60 74 12
60 68 12
60 68 60
0 78 84
60 74 12
60 73 12
60 73 60
0 67 84
60 70 12
60 64 12
60 64 60
0 67 84
60 64 12
60 65 12
60 65 60
0 74 84
60 77 12
60 73 12
60 73 60
0 76 84
60 73 12
60 74 12
60 74 60
0 82 84
60 79 12
60 77 12
60 77 60
0 76 84
60 73 12
60 74 12
60 74 60
0 77 84
60 74 12
60 83 12
60 83 60
0 80 84
60 83 12
60 77 12
60 77 60
0 74 84
60 77 12
60 71 12
60 71 60
0 68 84
60 71 12
60 64 12
60 64 60
0 66 84
60 69 12
60 71 12
60 73 12
60 74 12
60 76 12
60 77 12
60 73 72
0 74 72
0 69 72
0 70 72
0 67 72
0 76 144
0 69 72
0 65 72
0 74 144
0 67 72
0 64 72
0 73 144
90 62 198
90 62 36
0 73 36
0 71 36
0 69 36
0 68 36
0 66 36
0 64 36
0 66 36
0 68 36
0 69 36
0 71 36
0 73 36
0 74 36
0 76 36
0 77 36
0 76 36
0 74 36
0 73 36
0 71 36
0 69 36
0 68 36
0 66 36
0 64 36
0 62 36
72 73 72
217 74 72
145 69 290
0 73 290
0 74 870
