273 67 136
0 72 136
0 76 122
13 67 136
0 72 136
0 76 136
272 67 136
0 72 136
0 76 122
13 67 136
0 72 136
0 76 1
272 69 136
0 74 136
0 77 122
13 69 136
0 74 136
0 77 136
272 69 136
0 74 136
0 77 122
13 69 136
0 74 136
0 77 1
272 67 136
0 74 136
0 77 122
13 67 136
0 74 136
0 77 136
272 67 136
0 74 136
0 77 122
13 67 136
0 74 136
0 77 1
272 67 136
0 72 136
0 76 122
13 67 136
0 72 136
0 76 136
272 67 136
0 72 136
0 76 122
13 67 136
0 72 136
0 76 1
272 69 136
0 76 136
0 81 122
13 69 136
0 76 136
0 81 136
272 69 136
0 76 136
0 81 122
13 69 136
0 76 136
0 81 1
272 66 136
0 69 136
0 74 122
13 66 136
0 69 136
0 74 136
272 66 136
0 69 136
0 74 122
13 66 136
0 69 136
0 74 1
272 67 136
0 74 136
0 79 122
13 67 136
0 74 136
0 79 136
272 67 136
0 74 136
0 79 122
13 67 136
0 74 136
0 79 1
272 64 136
0 67 136
0 72 122
13 64 136
0 67 136
0 72 136
272 64 136
0 67 136
0 72 122
13 64 136
0 67 136
0 72 1
272 64 136
0 67 136
0 72 122
13 64 136
0 67 136
0 72 136
272 64 136
0 67 136
0 72 122
13 64 136
0 67 136
0 72 1
272 62 136
0 66 136
0 72 122
13 62 136
0 66 136
0 72 136
272 62 136
0 66 136
0 72 122
13 62 136
0 66 136
0 72 1
272 62 136
0 67 136
0 71 122
13 62 136
0 67 136
0 71 136
272 62 136
0 67 136
0 71 122
13 62 136
0 67 136
0 71 1
272 64 136
0 67 136
0 73 122
13 64 136
0 67 136
0 73 136
272 64 136
0 67 136
0 73 122
13 64 136
0 67 136
0 73 1
272 62 136
0 69 136
0 74 122
13 62 136
0 69 136
0 74 136
272 62 136
0 69 136
0 74 122
13 62 136
0 69 136
0 74 1
272 62 136
0 65 136
0 71 122
13 62 136
0 65 136
0 71 136
272 62 136
0 65 136
0 71 122
13 62 136
0 65 136
0 71 1
272 60 136
0 67 136
0 72 122
13 60 136
0 67 136
0 72 136
272 60 136
0 67 136
0 72 122
13 60 136
0 67 136
0 72 1
272 57 136
0 60 136
0 65 122
13 57 136
0 60 136
0 65 136
272 57 136
0 60 136
0 65 122
13 57 136
0 60 136
0 65 1
272 57 136
0 60 136
0 65 122
13 57 136
0 60 136
0 65 136
272 57 136
0 60 136
0 65 122
13 57 136
0 60 136
0 65 1
272 55 136
0 59 136
0 65 122
13 55 136
0 59 136
0 65 136
272 55 136
0 59 136
0 65 122
13 55 136
0 59 136
0 65 1
272 55 136
0 60 136
0 64 122
13 55 136
0 60 136
0 64 136
272 55 136
0 60 136
0 64 122
13 55 136
0 60 136
0 64 1
272 58 136
0 60 136
0 64 122
13 58 136
0 60 136
0 64 136
272 58 136
0 60 136
0 64 122
13 58 136
0 60 136
0 64 1
272 57 136
0 60 136
0 64 122
13 57 136
0 60 136
0 64 136
272 57 136
0 60 136
0 64 122
13 57 136
0 60 136
0 64 1
272 57 136
0 60 136
0 63 122
13 57 136
0 60 136
0 63 136
272 57 136
0 60 136
0 63 122
13 57 136
0 60 136
0 63 1
272 59 136
0 60 136
0 62 122
13 59 136
0 60 136
0 62 136
272 59 136
0 60 136
0 62 122
13 59 136
0 60 136
0 62 1
272 55 136
0 59 136
0 62 122
13 55 136
0 59 136
0 62 136
272 55 136
0 59 136
0 62 122
13 55 136
0 59 136
0 62 1
272 55 136
0 60 136
0 64 122
13 55 136
0 60 136
0 64 136
272 55 136
0 60 136
0 64 122
13 55 136
0 60 136
0 64 1
272 55 136
0 60 136
0 65 122
13 55 136
0 60 136
0 65 136
272 55 136
0 60 136
0 65 122
13 55 136
0 60 136
0 65 1
272 55 136
0 59 136
0 65 122
13 55 136
0 59 136
0 65 136
272 55 136
0 59 136
0 65 122
13 55 136
0 59 136
0 65 1
272 57 136
0 60 136
0 66 122
13 57 136
0 60 136
0 66 136
272 57 136
0 60 136
0 66 122
13 57 136
0 60 136
0 66 1
272 55 136
0 60 136
0 67 122
13 55 136
0 60 136
0 67 136
272 55 136
0 60 136
0 67 122
13 55 136
0 60 136
0 67 1
272 55 136
0 60 136
0 65 122
13 55 136
0 60 136
0 65 136
272 55 136
0 60 136
0 65 122
13 55 136
0 60 136
0 65 1
272 55 136
0 59 136
0 65 122
13 55 136
0 59 136
0 65 136
272 55 136
0 59 136
0 65 122
13 55 136
0 59 136
0 65 1
272 55 136
0 58 136
0 64 122
13 55 136
0 58 136
0 64 136
272 55 136
0 58 136
0 64 122
13 55 136
0 58 136
0 64 136
271 53 136
0 57 136
0 60 136
0 65 136
0 60 136
0 57 136
0 60 136
0 57 136
0 53 136
0 57 136
0 53 136
0 50 136
0 53 136
0 50 136
272 67 136
0 71 136
0 74 136
0 77 136
0 74 136
0 71 136
0 74 136
0 71 136
0 67 136
0 71 136
0 62 136
0 65 136
0 64 136
0 62 136
1 72 1634
