480 78 1176
24 81 216
24 73 864
96 74 648
72 76 456
24 78 648
72 81 432
72 81 216
72 86 216
24 85 864
96 83 1176
24 79 216
24 79 216
24 78 216
24 78 582
24 78 30
24 78 30
210 81 6
210 81 150
210 81 30
210 81 30
54 81 216
24 81 216
24 79 216
24 79 396
24 79 186
24 79 60
102 71 216
102 71 150
102 71 30
102 71 30
54 79 216
24 79 216
24 78 216
24 74 648
72 71 216
24 57 864
6 73 864
6 73 22
6 73 23
6 73 22
359 69 216
24 74 216
24 81 216
24 81 648
72 81 216
24 81 216
24 83 324
36 79 216
24 78 108
12 79 1176
24 76 216
24 76 216
24 78 216
24 79 216
24 85 432
48 76 216
48 76 258
48 76 30
48 76 30
66 81 216
24 78 216
24 76 108
12 78 216
24 69 216
24 76 216
24 73 456
24 74 216
24 74 216
24 76 216
24 78 648
72 81 108
12 86 108
12 85 324
36 86 324
36 83 216
24 95 648
72 74 108
12 76 108
12 78 216
24 74 216
24 81 216
24 78 216
24 86 648
72 78 186
0 79 27
0 78 3
0 78 24
0 76 648
72 74 216
24 73 432
48 71 696
24 69 216
24 74 216
24 81 216
24 81 648
72 81 216
24 81 324
36 83 216
24 79 216
24 78 108
12 79 1176
24 76 216
24 76 216
24 78 216
24 79 324
36 85 216
270 69 54
6 79 186
6 79 78
6 79 60
66 81 216
24 78 216
60 73 48
60 73 138
60 73 30
60 73 30
210 76 6
210 76 150
210 76 30
210 76 30
54 73 456
24 74 216
24 74 216
24 76 216
24 78 216
24 74 324
36 81 216
24 86 108
24 86 168
24 86 78
24 86 60
66 86 324
36 83 216
36 83 582
36 83 45
117 74 108
12 76 108
12 78 216
24 81 216
24 81 216
24 78 216
24 76 324
36 74 324
36 73 216
24 64 324
36 66 1416
144 60 432
48 62 432
48 64 108
12 66 108
12 67 108
12 69 108
12 71 81
9 72 81
9 74 54
6 76 54
6 78 54
6 79 54
6 81 54
6 83 324
36 83 216
24 83 216
24 78 108
12 76 216
24 76 324
36 78 216
90 81 18
90 81 138
90 81 30
90 81 30
54 81 216
24 81 162
18 73 162
18 76 108
12 74 432
48 73 108
12 74 108
12 78 108
12 81 108
12 81 138
12 81 45
69 79 108
12 79 216
24 74 324
36 72 216
24 73 216
24 73 150
24 73 30
24 73 138
66 81 108
66 81 138
66 81 138
66 81 30
66 62 432
48 81 216
24 88 108
12 93 108
12 90 108
12 86 432
18 83 264
18 83 30
18 83 30
66 83 216
24 83 216
24 83 108
12 83 216
24 85 324
36 85 216
24 83 108
12 81 216
24 81 216
24 73 162
18 78 162
18 88 108
18 88 30
12 78 33
12 86 63
12 86 45
57 85 108
12 86 216
24 78 216
24 81 108
24 81 138
24 81 30
24 81 30
54 83 108
12 74 324
36 71 216
36 71 150
36 71 30
36 71 30
54 76 216
24 78 216
24 79 216
6 81 252
6 81 18
6 81 18
6 81 18
6 81 18
54 76 462
48 93 27
3 88 27
3 86 27
3 81 432
48 74 432
48 73 432
48 62 696
24 69 216
24 74 216
24 81 216
24 81 648
72 81 216
24 81 324
36 83 216
24 79 216
24 78 108
12 79 1176
24 76 216
24 76 216
24 78 216
24 79 324
36 85 324
36 76 216
36 76 258
36 76 30
36 76 30
66 81 216
24 78 216
24 76 108
24 76 138
24 76 30
24 76 30
210 76 6
210 76 150
210 76 30
210 76 30
54 73 456
24 74 216
24 74 216
24 76 216
24 78 324
36 74 324
36 81 108
12 86 108
12 86 138
12 86 45
69 86 432
48 83 216
48 83 582
48 83 45
117 74 108
12 76 108
12 78 216
24 81 216
24 81 216
24 74 216
24 76 378
42 74 27
3 76 27
3 74 216
24 73 216
24 65 324
36 65 552
48 64 324
36 72 216
24 67 54
6 72 162
18 67 54
6 72 54
6 64 324
36 64 216
36 64 108
36 81 324
36 93 756
84 65 324
36 65 216
24 70 108
12 74 108
12 77 108
12 76 324
36 79 324
36 79 216
24 79 324
36 81 432
48 81 216
24 86 108
12 86 216
24 86 108
12 90 108
12 93 216
24 81 324
36 81 324
36 81 216
24 79 324
36 88 324
36 84 216
24 79 324
36 81 324
36 81 216
24 78 864
96 57 432
48 62 432
48 64 108
12 60 108
12 62 108
12 64 108
12 69 54
6 71 54
6 72 54
6 74 54
6 76 54
6 78 54
6 79 54
6 81 54
6 83 324
36 83 216
24 83 216
24 78 108
12 76 324
36 76 216
24 78 216
24 79 108
24 79 138
24 79 30
24 79 30
54 81 216
24 81 108
24 81 54
18 73 108
18 73 54
18 76 108
12 74 432
48 73 108
12 74 108
12 78 108
12 81 108
12 81 138
12 81 30
12 81 30
54 79 108
12 79 216
24 74 324
36 72 216
24 73 216
24 73 258
24 73 30
24 73 30
66 81 108
66 81 246
66 81 30
66 81 30
66 69 216
24 81 216
24 93 216
24 100 108
12 105 108
12 102 108
12 100 432
18 83 156
18 83 30
18 83 138
66 83 216
24 83 216
24 83 108
12 83 216
24 85 324
36 85 216
24 83 108
24 83 138
24 83 30
24 83 30
54 81 216
24 73 162
18 78 162
18 88 108
18 88 30
18 88 30
18 88 30
42 86 108
12 85 108
12 86 216
24 78 216
90 81 18
90 81 138
90 81 30
90 81 30
54 83 108
12 74 324
210 74 6
210 74 150
210 74 30
210 74 30
54 76 216
54 76 150
54 76 45
69 79 216
1 81 257
1 81 22
1 81 23
1 81 22
59 81 216
24 81 108
12 86 108
12 88 108
12 93 108
12 95 108
12 98 108
12 100 108
12 105 432
288 69 216
24 74 216
24 81 216
24 81 648
72 81 216
24 81 324
36 83 216
24 79 216
24 78 108
12 79 1176
24 76 216
24 76 216
24 78 216
24 79 324
36 85 324
36 76 216
36 76 258
36 76 30
36 76 30
66 81 216
24 78 216
24 76 108
24 76 138
24 76 30
24 76 30
54 69 216
54 69 150
54 69 30
54 69 30
54 73 456
24 74 216
24 74 216
24 76 216
24 78 324
36 74 216
24 81 216
24 86 108
12 85 216
24 86 432
48 83 216
48 83 582
48 83 45
117 74 108
12 76 108
12 78 216
24 81 216
24 81 216
24 74 216
24 74 258
24 74 30
24 74 30
66 74 324
36 73 216
24 74 864
42 73 27
0 74 27
0 73 432
48 78 432
48 76 864
60 95 588
60 95 30
60 95 30
102 86 108
12 88 108
12 88 138
12 88 30
12 88 30
54 93 216
24 93 216
24 86 216
426 86 6
426 86 21
0 88 27
0 86 216
24 85 216
24 86 864
96 85 648
72 74 108
90 78 18
90 78 138
90 78 30
90 78 30
54 81 216
24 81 216
24 74 216
24 76 432
24 76 21
0 76 27
0 74 216
24 73 216
24 62 216
24 66 216
24 69 216
24 74 216
24 81 162
18 78 162
18 81 162
18 86 162
18 93 216
24 90 216
24 100 216
24 98 432
48 61 864
6 73 1728
6 73 30
6 73 30
