0 70 432
48 77 432
48 75 432
48 80 432
48 77 432
48 70 216
24 75 432
48 70 216
24 73 108
12 72 108
12 75 216
24 77 432
48 77 426
0 77 6
0 77 48
0 75 432
48 80 324
36 82 984
36 82 15
0 89 27
0 85 27
27 80 426
0 89 6
0 89 21
0 85 27
0 80 426
0 89 6
0 89 21
0 85 27
0 80 1800
0 73 108
12 72 1728
192 61 432
48 77 216
24 77 216
24 75 27
3 77 27
3 75 378
42 73 216
24 72 216
24 77 216
24 73 216
24 75 27
3 73 27
3 72 162
18 68 216
24 60 432
48 65 216
24 68 216
24 73 351
24 73 189
24 73 81
24 73 27
72 73 216
24 75 216
24 75 27
3 77 27
3 75 162
18 73 216
24 75 216
24 77 378
24 77 54
24 77 135
24 77 54
99 75 147
3 77 27
3 75 27
3 73 27
3 77 432
48 77 432
48 77 432
48 77 216
24 77 216
24 75 27
3 77 27
3 75 378
42 73 216
24 80 216
24 70 216
24 73 216
24 73 27
3 75 27
3 73 162
18 75 216
24 77 432
48 65 216
24 68 216
24 70 27
3 72 27
3 70 27
3 68 27
3 70 552
48 77 108
12 73 108
12 75 216
24 73 108
12 72 108
12 72 54
6 73 108
6 73 54
18 72 216
24 70 216
24 80 216
24 77 108
12 68 108
12 75 108
12 77 108
12 73 108
12 75 108
12 72 108
12 73 108
12 77 216
24 77 216
24 77 366
24 77 30
24 77 30
78 70 108
12 73 108
12 75 108
12 77 108
12 78 216
24 94 216
24 92 27
3 82 27
3 80 162
18 75 216
24 77 108
12 75 108
12 77 336
24 72 108
12 73 108
12 75 108
12 77 216
24 92 216
24 90 27
3 80 27
3 78 162
18 77 216
24 75 108
12 77 27
3 75 27
3 73 27
3 75 462
48 71 108
12 73 108
12 75 216
24 78 216
24 77 27
3 78 27
3 77 162
18 75 216
24 75 324
36 77 108
12 63 108
12 65 108
12 69 108
12 72 108
12 84 108
12 77 108
12 81 108
12 84 108
12 77 216
24 80 216
24 80 150
24 80 30
24 80 30
54 77 216
24 77 108
24 77 54
18 80 108
18 80 54
18 75 108
12 72 432
48 75 216
24 77 216
24 80 216
24 75 216
24 75 108
24 75 54
18 77 108
18 77 54
18 70 336
24 82 216
24 75 108
12 77 108
12 80 108
12 82 108
12 77 216
24 77 216
24 77 108
24 77 54
18 85 162
18 84 108
12 75 108
12 80 324
12 80 162
12 80 45
69 73 216
69 73 150
69 73 30
69 73 30
54 73 108
12 73 108
12 73 162
18 75 162
18 77 108
12 77 108
12 81 108
12 84 108
12 89 228
12 87 108
12 85 108
12 84 108
12 82 216
24 77 216
24 77 108
24 77 54
18 80 108
18 80 54
18 75 108
12 72 432
48 75 216
24 77 216
24 80 108
12 75 108
12 77 108
12 80 108
12 82 54
6 84 108
12 85 162
18 80 216
24 82 216
24 82 108
36 82 216
24 80 216
24 78 216
24 80 108
12 82 216
24 85 324
24 85 9
0 82 27
0 85 432
48 84 27
3 85 27
3 84 378
42 82 432
48 72 432
48 74 432
48 77 216
24 78 216
24 80 216
24 78 108
12 78 216
24 77 216
24 77 216
24 68 360
0 73 216
24 80 216
24 80 216
24 78 108
12 78 216
24 77 216
24 73 216
24 68 108
12 66 108
12 73 108
12 73 54
6 80 108
12 78 162
18 73 108
12 78 216
24 76 108
12 76 216
24 75 216
24 75 216
24 73 324
36 73 162
18 75 162
18 75 108
12 75 432
48 75 108
12 80 108
12 84 108
12 87 108
12 92 108
12 80 108
12 84 108
12 75 108
12 73 108
12 75 324
36 82 108
12 77 108
12 82 108
12 77 108
12 82 108
12 77 108
12 89 216
24 89 432
48 89 216
24 92 216
24 94 162
24 94 27
24 94 27
24 89 216
24 89 162
18 92 162
18 87 552
48 87 216
24 89 216
24 92 216
24 87 216
24 87 162
18 89 162
18 82 552
48 89 216
24 92 216
24 94 162
24 94 27
24 94 27
24 89 108
12 82 108
12 89 162
18 97 162
18 96 324
36 92 216
24 87 216
24 85 216
24 87 216
24 85 108
12 85 216
24 87 216
24 89 108
12 89 108
12 81 108
12 84 108
12 89 108
12 77 108
12 87 108
12 85 108
12 84 108
12 82 216
24 77 216
24 77 162
18 80 162
18 75 108
12 72 432
48 75 216
24 77 216
24 80 27
24 80 27
24 80 27
24 80 27
12 75 108
12 77 108
12 80 108
12 84 162
18 85 162
18 80 216
24 82 216
24 82 108
36 82 216
24 80 216
24 78 216
24 80 108
12 82 216
24 85 324
24 85 9
0 82 27
0 85 432
48 84 432
48 82 432
48 77 108
12 80 108
12 85 108
12 82 324
36 80 216
24 77 216
24 75 216
24 82 216
24 66 108
12 80 360
0 77 27
3 78 27
3 77 108
3 77 54
18 75 324
36 77 324
36 82 27
3 83 27
3 82 108
3 82 54
18 80 360
0 84 360
0 75 108
12 77 108
12 73 108
12 85 216
24 84 216
24 80 108
12 104 108
12 92 336
24 75 108
12 73 324
36 80 108
12 80 324
36 75 108
12 73 324
36 80 186
0 75 27
0 80 3
0 80 24
0 75 108
12 73 108
12 75 108
12 75 216
12 75 108
36 80 108
12 80 216
24 84 216
24 92 360
0 92 108
12 92 108
12 92 324
36 94 432
48 92 108
12 92 324
36 90 324
36 89 108
12 87 108
12 87 108
12 85 108
12 84 108
12 85 216
24 80 216
24 77 216
24 75 216
24 80 216
24 77 324
24 77 9
0 75 27
0 73 648
72 66 108
12 73 216
24 85 216
24 85 108
12 97 912
48 63 72
8 68 72
8 73 72
8 80 72
8 85 72
8 87 72
8 92 864
15 75 432
15 75 27
15 75 27
15 75 243
72 68 27
3 69 27
3 68 378
42 65 648
72 68 54
6 68 27
3 69 27
3 68 1572
