960 84 86
9 86 86
9 88 172
19 81 172
19 88 172
19 86 259
28 83 86
9 79 172
19 84 1094
57 91 921
38 72 86
9 74 86
9 76 172
19 69 172
19 76 172
19 74 259
28 71 86
9 67 172
19 60 2073
38 84 86
9 86 38
9 86 48
9 88 172
19 81 172
19 88 172
19 86 259
28 79 86
9 86 172
19 84 259
28 77 86
9 81 86
9 84 86
9 83 172
19 76 172
19 79 172
19 81 259
28 82 32
0 81 32
0 79 32
0 81 537
38 72 172
19 81 345
38 84 172
19 93 518
57 58 259
28 55 86
9 58 86
9 65 86
9 60 172
19 60 172
19 55 172
19 62 1094
57 53 345
38 64 172
19 65 171
19 67 303
19 67 21
19 67 20
38 69 172
19 70 171
19 72 303
19 72 21
19 72 20
38 72 172
19 70 171
19 69 476
19 69 21
19 69 20
57 72 172
19 65 345
38 70 172
19 69 172
19 64 172
19 60 172
19 72 172
19 70 171
19 69 130
19 69 21
19 69 20
19 70 172
19 69 172
19 64 172
19 62 518
57 65 86
9 67 86
9 62 345
38 62 172
19 69 172
19 69 345
38 67 172
19 65 171
19 67 130
19 67 21
19 67 20
19 59 172
19 62 172
19 67 172
19 61 691
76 53 345
38 55 172
19 57 171
19 67 303
19 67 21
19 67 20
38 69 172
19 70 171
19 72 216
19 72 21
19 72 20
28 74 86
9 72 172
19 70 171
19 69 44
19 69 21
19 69 20
9 60 86
9 62 86
9 69 268
19 72 171
19 70 216
19 70 21
19 70 20
28 72 86
9 70 20
0 72 20
0 70 128
20 69 172
19 64 172
19 60 172
19 74 172
19 72 171
19 72 130
19 72 21
19 72 20
19 70 20
0 72 20
0 70 128
20 69 172
19 67 171
19 66 476
19 66 21
19 66 20
57 62 86
9 60 86
9 58 172
19 57 172
19 58 172
19 62 172
19 69 172
19 67 172
19 62 172
19 65 172
19 62 344
38 62 171
19 62 86
9 61 440
38 81 172
19 82 172
19 84 86
9 62 86
9 65 86
9 72 86
9 62 86
9 65 86
9 72 86
9 62 86
9 61 172
19 70 171
19 69 130
19 69 21
19 69 20
19 64 172
19 60 172
19 65 86
9 69 441
38 60 345
38 81 172
19 82 172
19 84 86
9 62 86
9 65 86
9 72 86
9 62 86
9 65 86
9 72 86
9 62 86
9 61 172
19 70 172
19 64 172
19 76 170
19 76 128
19 76 20
19 76 21
40 74 86
9 77 1036
19 74 86
9 76 84
9 76 464
9 76 20
9 76 21
78 74 86
9 76 86
9 77 172
19 76 172
19 76 172
19 74 170
19 74 128
19 74 20
19 74 21
40 72 86
9 72 268
19 72 86
9 74 84
9 74 119
9 74 20
9 74 21
40 74 172
19 78 172
19 81 172
19 60 172
19 70 86
9 69 57
9 69 28
9 60 345
38 77 172
19 82 86
9 81 86
9 82 345
38 65 172
19 70 86
9 69 57
9 69 28
9 70 344
9 70 210
19 58 172
19 62 172
19 65 172
19 81 518
57 79 172
19 79 691
76 58 345
38 55 345
38 65 172
19 72 172
19 84 172
19 82 172
19 69 604
67 69 57
67 69 28
9 61 172
19 70 172
3 64 141
3 64 16
3 64 15
3 64 16
19 64 172
19 62 345
38 65 172
19 64 86
9 65 268
19 65 172
19 69 172
19 70 171
19 72 562
19 72 21
19 72 20
67 72 57
67 72 28
9 61 172
19 69 172
19 59 172
19 65 86
9 69 86
9 64 345
38 64 345
38 63 172
19 65 172
19 69 172
19 70 171
19 72 562
19 72 21
19 72 20
67 72 57
67 72 28
9 61 172
19 69 172
19 64 172
19 69 172
19 64 172
19 65 172
19 64 172
19 65 171
19 74 476
19 74 21
19 74 20
57 62 86
9 64 86
9 58 518
57 62 86
9 64 86
9 58 172
19 58 172
19 62 172
19 69 172
19 59 345
38 59 172
19 69 172
19 69 172
19 60 172
19 84 172
19 82 172
19 69 604
67 69 57
67 69 28
9 61 172
19 70 171
19 69 130
19 69 21
19 69 20
19 64 171
19 67 303
19 67 21
19 67 20
38 65 172
19 64 86
9 65 268
19 65 172
19 69 172
19 70 171
19 72 562
19 72 21
19 72 20
67 72 57
67 72 28
9 61 172
19 69 172
19 61 172
19 70 172
19 64 345
38 64 345
38 63 172
19 65 172
19 69 172
19 70 171
19 72 562
19 72 21
19 72 20
67 72 86
9 61 172
19 69 172
19 61 172
19 70 172
19 69 172
19 72 172
19 76 172
192 65 518
57 65 86
9 67 86
9 62 172
19 70 172
19 62 172
19 65 171
19 69 303
19 69 21
19 69 20
38 67 345
38 55 345
38 55 345
38 57 259
28 58 86
105 60 259
28 60 172
19 64 172
19 65 172
19 67 171
19 69 303
19 69 21
19 69 20
38 55 344
7 62 156
7 62 16
7 62 15
7 62 16
19 67 172
3 65 141
3 65 16
3 65 15
3 65 16
19 70 172
19 65 345
38 60 259
28 72 86
9 73 172
19 74 172
19 76 171
128 69 42
128 69 300
128 69 20
128 69 21
59 77 172
19 76 172
19 74 172
19 76 172
19 77 172
19 74 170
19 74 128
19 74 20
19 74 21
39 81 172
19 81 171
19 79 172
19 65 172
19 64 172
19 65 172
19 72 172
19 72 691
19 72 38
38 77 172
19 76 172
19 77 128
0 86 128
0 88 128
0 84 604
67 84 86
9 85 172
19 86 172
19 88 172
19 81 172
19 91 172
19 89 172
19 89 127
0 91 127
0 93 128
0 98 1036
691 86 86
9 88 86
317 81 172
317 81 19
317 81 18
317 81 19
38 88 172
19 86 172
19 84 172
19 84 86
9 81 86
9 79 86
9 77 268
19 74 86
9 76 86
9 77 172
19 76 172
19 77 172
19 79 172
19 81 86
9 82 86
9 81 86
9 77 440
17 77 130
17 77 20
17 77 21
40 76 172
19 74 172
19 72 172
19 65 86
9 69 86
9 67 86
9 65 86
9 60 86
9 57 86
9 55 86
9 53 86
9 58 172
19 62 86
9 64 86
9 57 172
19 62 86
9 64 86
9 58 172
19 70 172
19 60 172
19 64 172
19 62 345
38 62 172
19 64 172
19 76 128
0 80 128
0 81 128
0 88 128
0 92 128
0 93 128
0 97 172
19 100 748
19 107 518
