168 64 302
33 64 302
33 64 302
33 64 151
184 68 302
33 68 302
33 68 302
33 68 151
184 69 302
33 69 302
33 69 302
33 69 151
184 71 302
33 71 772
235 64 302
33 64 302
33 64 151
16 69 151
16 64 151
184 68 302
33 68 302
33 68 151
16 76 151
16 68 151
184 69 302
33 69 302
33 69 151
16 76 151
16 69 151
184 71 151
16 76 151
16 81 151
16 80 604
403 69 151
16 69 151
16 69 151
16 64 151
16 68 151
16 69 470
33 69 151
16 69 151
16 69 151
16 64 151
16 71 151
16 69 470
33 69 151
16 69 151
16 69 151
16 64 151
16 69 151
16 71 470
33 76 151
16 74 302
33 73 302
33 69 470
33 73 151
16 73 151
16 73 151
16 69 151
16 71 151
16 76 470
33 76 151
16 76 151
16 76 151
16 68 151
16 69 151
16 71 470
33 69 151
16 69 151
16 69 151
16 64 151
16 71 151
16 73 151
16 74 302
33 73 151
16 71 151
16 71 151
16 76 151
16 74 151
16 73 470
33 81 151
16 81 151
16 81 151
16 80 151
16 76 151
16 74 319
16 81 151
16 81 151
16 81 151
16 81 151
16 80 151
16 76 151
16 76 319
16 81 151
16 81 151
16 81 151
16 81 151
16 80 151
16 76 151
16 81 319
16 80 151
16 81 151
16 83 151
16 86 151
16 85 151
16 83 151
16 81 319
16 81 151
16 80 151
16 81 151
16 76 151
16 81 151
16 80 75
8 81 75
8 76 319
16 81 151
16 80 151
16 81 151
16 76 151
16 81 151
16 80 75
8 81 75
8 88 319
1360 71 151
16 76 151
16 80 151
16 81 151
16 83 151
16 85 151
16 86 319
16 81 151
16 81 151
16 81 75
8 81 75
8 81 151
16 80 151
16 76 151
16 81 319
16 80 151
16 80 151
16 81 75
8 88 235
16 86 151
16 85 151
16 83 319
16 81 151
16 80 151
16 81 75
8 76 235
16 80 151
16 81 151
16 83 151
16 86 151
16 76 151
16 85 151
16 76 151
16 83 151
16 76 151
16 81 151
16 76 319
16 81 151
16 81 151
16 81 75
8 81 235
16 80 151
16 76 151
16 81 319
16 80 151
16 80 151
16 81 75
8 88 235
16 86 151
16 85 151
16 83 319
16 81 151
16 80 151
16 81 75
8 83 235
16 86 151
16 85 151
16 81 319
16 64 302
33 64 302
33 64 302
33 64 151
184 68 302
33 68 302
33 68 302
33 68 151
184 69 302
33 69 302
33 69 302
33 69 151
184 71 302
33 71 302
33 71 453
218 64 302
33 64 302
33 64 151
16 69 151
16 64 151
184 68 302
33 68 302
33 68 151
16 76 151
16 68 151
184 69 302
33 69 302
33 69 151
16 76 151
16 69 151
184 71 151
16 76 151
16 81 151
16 80 604
403 69 151
16 69 151
16 69 151
16 64 151
16 68 151
16 69 470
33 69 151
16 69 151
16 69 151
16 64 151
16 71 151
16 69 470
33 69 151
16 69 151
16 69 151
16 64 151
16 69 151
16 71 470
33 76 151
16 74 302
33 73 302
33 69 470
33 73 151
16 73 151
16 73 151
16 69 151
16 71 151
16 76 470
33 76 151
16 76 151
16 76 151
16 68 151
16 69 151
16 71 470
33 69 151
16 69 151
16 69 151
16 64 151
16 71 151
16 73 151
16 74 302
33 73 151
16 71 319
16 76 151
16 74 151
16 73 151
352 81 151
16 81 151
16 81 151
16 80 151
16 76 151
16 74 470
33 81 151
16 81 151
16 81 151
16 80 151
16 76 151
16 76 470
33 81 151
16 81 151
16 81 151
16 80 151
16 76 151
16 81 319
16 80 151
16 81 151
16 83 151
16 86 151
16 85 151
16 83 151
16 85 151
16 69 75
8 69 75
8 73 151
16 80 151
16 81 75
8 69 159
8 69 75
8 73 151
16 80 151
16 81 151
16 69 75
8 69 75
8 73 151
16 80 151
16 81 75
8 88 75
8 88 168
8 81 151
16 80 151
16 81 151
16 64 75
8 69 75
8 71 75
8 76 75
8 81 75
8 83 75
8 88 75
8 83 75
8 81 75
8 76 75
8 71 75
8 69 75
8 64 75
8 69 75
8 71 75
8 76 75
8 60 75
8 61 75
8 65 75
8 68 75
8 72 75
8 73 75
8 77 75
8 80 75
8 60 75
8 64 75
8 67 75
8 70 75
8 72 75
8 76 75
8 79 75
8 82 75
176 80 151
16 80 151
16 80 75
8 80 235
16 79 151
16 75 151
16 80 319
16 79 151
16 79 151
16 80 75
8 87 235
16 85 151
16 84 151
16 82 319
16 80 151
16 79 151
16 80 75
8 75 235
16 79 151
16 80 151
16 82 151
16 85 75
8 75 75
8 80 75
8 85 75
8 84 75
8 75 75
8 80 75
8 84 75
8 82 75
8 75 75
8 79 75
8 82 75
8 80 75
8 75 75
8 79 75
8 80 75
176 80 151
16 80 151
16 80 75
8 80 235
16 79 151
16 75 151
16 80 319
16 80 151
16 79 151
16 80 75
8 87 235
16 85 151
16 84 151
16 82 319
16 80 151
16 79 151
16 80 75
8 82 235
16 85 151
16 84 151
16 80 151
16 80 252
16 80 21
16 80 20
53 66 148
16 69 151
16 64 604
235 81 151
16 80 151
16 81 75
8 76 235
16 81 151
16 80 151
16 81 151
184 93 151
16 92 151
16 93 75
8 88 235
16 93 151
16 92 151
16 93 151
184 81 151
16 80 151
16 81 75
8 76 235
16 81 151
16 80 151
16 81 151
184 93 151
16 92 151
16 93 75
8 88 235
16 97 151
16 95 151
16 97 151
184 82 151
16 81 151
16 82 75
8 77 235
16 82 151
16 81 151
16 82 151
184 82 151
16 81 151
16 82 75
8 89 75
8 89 159
16 87 151
16 86 151
16 84 151
184 82 151
16 81 151
16 82 75
8 77 235
16 82 151
16 84 151
16 82 151
16 87 302
33 86 302
33 84 302
33 82 302
201 82 151
16 81 151
16 82 75
8 77 235
16 82 151
16 81 151
16 82 151
184 82 151
16 81 151
16 82 75
8 89 75
8 89 159
16 87 151
16 86 151
16 84 151
184 82 151
16 81 151
16 82 75
8 84 235
16 87 151
16 86 151
16 82 1363
301 82 75
8 74 75
8 81 75
8 74 75
8 82 75
8 74 75
8 77 75
8 72 75
8 82 75
8 72 75
8 81 75
8 72 75
8 82 75
8 72 159
8 74 75
8 82 75
8 74 75
8 81 75
8 74 75
8 82 75
8 74 75
8 89 75
8 72 75
8 87 75
8 72 75
8 86 75
8 72 75
8 84 75
8 72 159
8 70 75
8 82 75
8 70 75
8 81 75
8 70 75
8 82 75
8 70 75
8 77 75
8 72 75
8 82 75
8 72 75
8 84 75
8 72 75
8 82 75
8 72 75
8 87 75
8 77 75
8 82 75
8 87 75
8 86 75
8 77 75
8 82 75
8 86 75
8 84 75
8 77 75
8 81 75
8 84 74
8 82 36
4 81 37
3 79 37
4 77 37
4 75 36
4 74 37
4 72 73
92 65 226
25 65 151
16 65 151
16 60 151
16 65 151
16 65 151
16 65 151
100 65 226
25 65 151
16 65 151
16 77 151
16 75 151
16 74 151
16 72 151
100 65 226
25 65 151
16 65 151
16 65 151
16 65 151
16 65 151
16 65 319
16 65 75
8 69 75
8 70 75
8 65 75
8 69 75
8 70 75
8 74 75
8 70 75
8 72 75
8 74 75
8 77 75
8 70 75
8 74 75
8 77 75
92 82 226
25 81 151
16 82 151
16 77 151
16 82 151
16 81 151
16 82 151
100 82 226
25 81 151
16 82 151
16 89 151
16 87 151
16 86 151
16 84 151
100 82 226
25 81 151
16 82 151
16 77 151
16 82 151
16 84 151
16 82 151
16 87 75
8 77 75
8 82 75
8 87 75
8 86 75
8 77 75
8 82 75
8 86 75
8 84 75
8 77 75
8 81 75
8 84 75
8 82 75
8 74 75
8 77 75
8 82 75
92 65 226
25 65 151
16 65 151
16 60 151
16 65 151
16 65 151
16 65 151
100 65 226
25 65 151
16 65 151
16 77 151
16 75 151
16 74 151
16 72 151
100 65 226
25 65 151
16 65 151
16 72 151
16 75 151
16 74 151
16 72 151
16 62 1209
302 65 302
33 65 302
33 65 302
33 65 319
16 65 302
33 65 302
33 65 302
33 65 319
16 67 302
33 67 302
33 67 302
33 67 319
16 65 302
33 65 302
33 65 302
33 65 319
16 65 1327
16 65 1075
53 69 1208
53 69 15
53 69 16
53 69 15
