11 57 204
24 68 216
24 64 216
24 66 432
48 66 216
24 61 216
24 62 216
24 64 216
24 59 648
49 64 238
24 68 216
24 64 216
24 61 432
48 61 216
24 57 648
72 56 648
42 61 246
24 68 216
24 61 216
24 61 432
48 61 216
24 56 432
48 62 216
24 57 432
48 56 216
24 57 216
24 56 216
24 57 216
24 54 432
48 57 216
24 52 648
72 69 648
27 69 260
24 80 216
24 76 216
1 76 346
36 69 108
12 78 216
24 64 216
24 74 216
24 76 216
24 71 648
72 61 216
24 61 216
24 61 216
24 61 324
36 59 360
0 64 648
72 57 216
24 59 216
24 59 216
24 61 216
24 68 216
24 57 216
24 57 432
48 57 216
24 57 648
72 56 648
72 57 324
36 57 216
24 61 108
12 61 216
24 59 216
24 61 215
1 69 670
27 76 692
27 86 1484
0 81 72
8 69 72
8 73 72
8 81 72
8 69 72
8 73 72
8 80 72
8 69 72
8 73 72
8 78 72
8 66 72
8 69 72
8 78 72
8 66 72
8 69 72
8 76 72
8 64 72
8 69 72
8 73 72
8 64 72
8 69 72
8 76 72
8 64 72
8 69 72
8 73 72
8 64 72
8 69 72
8 71 72
8 64 72
8 66 72
8 68 72
8 69 72
8 71 72
8 73 72
8 74 72
8 76 72
8 81 72
8 69 72
8 73 72
8 81 72
8 69 72
8 73 72
8 80 72
8 69 72
8 73 72
8 78 72
8 66 72
8 69 72
8 78 72
8 66 72
8 69 72
8 76 72
8 64 72
8 69 72
8 73 72
8 64 72
8 69 72
8 76 72
8 64 72
8 69 72
8 73 72
8 64 72
8 69 72
8 71 72
8 64 72
8 68 72
8 71 72
8 68 72
8 76 72
8 71 72
8 80 72
8 76 72
8 81 72
8 69 72
8 73 72
8 81 72
8 69 72
8 73 72
8 80 72
8 69 72
8 73 72
8 78 72
8 66 72
8 69 72
8 78 72
8 66 72
8 69 72
8 76 72
8 64 72
8 69 72
8 73 72
8 64 72
8 69 72
8 76 72
8 64 72
8 69 72
8 73 72
8 64 72
8 69 72
8 71 72
8 64 72
8 68 72
8 74 72
8 64 72
8 68 72
8 73 72
8 61 72
8 68 72
8 71 72
8 61 72
8 66 72
8 69 72
8 61 72
8 66 72
8 68 72
8 61 72
8 66 72
8 69 72
8 63 72
8 66 72
8 73 72
8 63 72
8 66 72
8 78 72
8 69 72
8 73 72
8 81 72
8 72 72
8 75 72
8 80 72
8 72 72
8 75 72
8 78 72
8 72 72
8 75 72
8 78 72
8 68 72
8 73 72
8 78 72
8 68 72
8 73 72
8 77 72
8 68 72
8 73 72
8 80 72
8 73 72
8 77 72
8 80 72
8 77 72
8 80 72
8 85 72
8 80 72
8 85 72
8 89 72
8 85 72
8 89 72
8 92 72
8 89 72
8 92 72
8 97 960
0 81 72
8 69 72
8 73 72
8 81 72
8 69 72
8 73 72
8 80 72
8 69 72
8 73 72
8 78 72
8 66 72
8 69 72
8 78 72
8 66 72
8 69 72
8 76 72
8 64 72
8 69 72
8 73 72
8 64 72
8 69 72
8 76 72
8 64 72
8 69 72
8 73 72
8 64 72
8 69 72
8 71 72
8 64 72
8 66 72
8 68 72
8 69 72
8 71 72
8 73 72
8 74 72
8 76 72
8 81 72
8 69 72
8 73 72
8 81 72
8 69 72
8 73 72
8 80 72
8 69 72
8 73 72
8 78 72
8 66 72
8 69 72
8 78 72
8 66 72
8 69 72
8 76 72
8 64 72
8 69 72
8 73 72
8 64 72
8 69 72
8 76 72
8 64 72
8 69 72
8 73 72
8 64 72
8 69 72
8 71 72
8 64 72
8 68 72
8 71 72
8 68 72
8 76 72
8 71 72
8 80 72
8 76 72
8 81 72
8 69 72
8 73 72
8 81 72
8 69 72
8 73 72
8 80 72
8 69 72
8 73 72
8 81 72
8 71 72
8 76 72
8 83 72
8 76 72
8 71 72
8 76 72
8 71 72
8 83 72
8 86 72
8 76 72
8 81 72
8 85 72
8 76 72
8 81 72
8 83 72
8 81 72
8 76 72
8 85 72
8 80 72
8 78 72
8 73 72
8 80 72
8 78 72
8 73 72
8 78 72
8 80 72
8 81 72
8 69 72
8 73 72
8 81 72
8 69 72
8 73 72
8 80 72
8 69 72
8 73 72
8 81 72
8 71 72
8 73 72
8 80 72
8 71 72
8 73 72
8 76 72
8 71 72
8 73 72
8 78 72
8 71 72
8 73 72
8 78 72
8 71 72
8 73 72
8 78 72
8 71 72
8 73 72
8 78 72
8 70 72
8 73 72
8 78 72
8 70 72
8 73 72
8 78 108
12 76 108
12 74 324
36 73 108
12 74 108
12 78 108
12 78 444
48 74 108
12 71 108
12 73 324
36 71 108
12 73 108
12 80 108
12 80 732
0 71 216
24 73 216
24 74 108
12 78 108
12 78 228
24 78 216
24 80 108
12 73 108
12 73 228
24 81 216
24 80 108
12 78 108
12 77 108
12 73 108
12 86 216
24 85 216
24 81 216
24 81 216
24 80 108
12 78 108
12 80 108
12 81 108
12 83 432
3 71 261
24 80 216
24 85 108
12 76 108
12 78 108
12 80 108
12 78 432
48 83 108
12 81 108
12 79 432
48 74 108
12 73 108
12 67 216
24 74 216
24 66 108
12 73 108
12 78 108
12 73 108
12 78 108
12 83 108
12 73 108
12 83 108
12 85 108
12 90 108
12 95 108
12 97 107
0 102 659
27 71 153
12 76 108
12 78 108
12 83 216
24 78 240
0 76 108
12 78 108
12 85 216
24 78 240
0 76 108
12 78 108
12 86 108
12 85 27
3 86 27
3 85 54
6 81 108
12 78 108
12 76 108
12 81 108
12 78 216
24 74 108
12 66 108
12 66 12
0 66 108
12 66 108
12 78 216
24 66 108
24 66 132
0 73 108
12 66 108
12 81 216
24 74 108
12 73 216
24 69 108
12 66 216
24 78 108
12 76 27
3 78 27
3 76 54
6 74 108
12 73 108
12 74 108
12 76 108
12 78 108
12 78 108
12 76 108
12 78 108
12 83 216
24 78 240
0 76 108
12 78 108
12 85 216
24 78 240
0 76 108
12 78 108
12 86 108
12 85 27
3 86 27
3 85 54
6 81 108
12 78 108
12 76 108
12 81 108
12 78 36
4 81 36
4 78 36
4 76 108
12 74 108
12 73 108
12 74 108
12 71 216
24 78 108
12 71 108
12 73 108
12 74 108
12 71 216
24 78 108
12 73 216
24 69 108
12 73 108
12 64 108
12 73 108
12 62 108
12 66 108
12 73 108
12 71 324
36 65 324
6 61 246
24 68 216
24 64 216
9 61 447
48 61 216
24 57 216
24 62 216
24 64 216
24 56 648
42 61 246
24 68 216
24 64 216
9 61 447
48 61 216
24 57 432
48 61 216
24 56 648
42 61 246
24 68 216
24 64 215
1 61 454
48 61 216
24 56 432
48 62 216
24 57 324
36 61 108
12 62 108
12 64 108
12 57 216
24 56 216
24 57 216
9 57 447
48 57 216
24 57 108
12 56 108
12 57 108
12 64 108
12 68 108
12 71 108
12 76 108
12 80 108
12 81 108
12 88 108
12 92 108
12 93 108
12 100 648
27 69 260
24 80 216
24 76 216
1 76 454
48 78 216
24 73 432
48 76 216
24 68 648
42 61 246
24 68 216
24 64 215
1 61 454
48 61 216
24 57 216
24 59 216
24 61 216
24 56 648
72 57 216
24 56 324
36 57 108
12 57 324
36 59 240
0 69 108
12 76 648
72 76 324
36 71 324
36 100 1200
0 73 216
24 81 72
8 69 72
8 73 72
8 81 72
8 69 72
8 73 72
8 80 72
8 69 72
8 73 72
8 78 72
8 66 72
8 69 72
8 78 72
8 66 72
8 69 72
8 76 72
8 64 72
8 69 72
8 73 72
8 64 72
8 69 72
8 76 72
8 64 72
8 69 72
8 73 72
8 64 72
8 69 72
8 71 72
8 64 72
8 66 72
8 68 72
8 69 72
8 71 72
8 73 72
8 74 72
8 76 72
8 81 72
8 69 72
8 73 72
8 81 72
8 69 72
8 73 72
8 80 72
8 69 72
8 73 72
8 78 72
8 66 72
8 69 72
8 78 72
8 66 72
8 69 72
8 76 72
8 64 72
8 69 72
8 73 72
8 64 72
8 69 72
8 76 72
8 64 72
8 69 72
8 73 72
8 64 72
8 69 72
8 71 72
8 64 72
8 68 72
8 71 72
8 68 72
8 76 72
8 71 72
8 80 72
8 76 72
8 81 72
8 69 72
8 73 72
8 81 72
8 69 72
8 73 72
8 80 72
8 69 72
8 73 72
8 81 72
8 71 72
8 76 72
8 83 72
8 76 72
8 71 72
8 76 72
8 71 72
8 83 72
8 86 72
8 76 72
8 81 72
8 85 72
8 76 72
8 81 72
8 83 72
8 81 72
8 76 72
8 85 72
8 80 72
8 78 72
8 73 72
8 80 72
8 78 72
8 73 72
8 78 72
8 80 72
8 81 72
8 69 72
8 73 72
8 81 72
8 69 72
8 73 72
8 80 72
8 69 72
8 73 72
8 81 72
8 71 72
8 73 72
8 80 72
8 71 72
8 73 72
8 76 72
8 71 72
8 73 72
8 78 72
8 71 72
8 73 72
8 78 72
8 71 72
8 73 72
8 78 72
8 71 72
8 73 72
8 78 432
48 78 108
12 76 108
12 66 216
24 74 216
24 76 108
12 78 108
12 78 228
24 86 216
24 83 216
24 85 216
24 73 216
24 74 108
12 76 108
12 76 228
24 85 216
24 81 216
24 83 216
24 73 216
24 74 108
12 78 108
12 78 228
24 85 216
24 80 108
12 73 108
12 83 216
24 85 216
24 69 108
12 71 108
12 73 216
24 86 216
24 85 216
1 78 238
24 81 216
24 80 108
12 78 108
12 78 120
12 81 108
12 83 216
24 88 216
1 80 238
24 80 216
24 85 108
12 76 108
12 85 108
12 80 108
12 78 27
3 80 27
3 78 27
3 80 27
3 78 360
0 83 108
12 81 108
12 79 432
48 81 108
12 79 108
12 77 324
36 77 108
36 77 120
12 77 108
12 75 108
12 75 108
24 79 216
24 67 108
12 55 162
18 55 54
6 55 108
12 55 162
18 55 54
6 54 108
12 69 162
18 69 54
6 81 108
12 78 108
132 71 108
12 59 162
18 59 54
6 59 108
12 59 108
12 57 108
12 59 108
11 64 36
4 68 35
4 71 36
4 76 35
4 80 36
4 83 35
4 88 322
36 76 108
12 74 108
12 76 108
12 81 216
24 76 240
0 74 108
12 76 108
12 83 216
24 76 240
0 74 108
12 76 108
12 84 108
12 83 27
3 84 27
3 83 54
6 79 108
12 76 108
12 74 108
12 79 108
12 76 27
3 79 27
3 76 180
0 72 240
0 71 108
12 72 108
12 79 216
24 72 28
1 72 13
1 74 13
1 72 54
1 72 126
0 71 108
12 72 108
12 79 216
24 72 13
1 74 13
1 72 13
1 74 13
1 72 54
6 72 108
12 71 108
12 67 108
12 64 216
24 76 108
12 74 27
3 76 27
3 74 54
6 72 108
12 71 108
12 72 108
12 74 108
12 76 108
12 76 108
12 74 108
12 76 108
12 81 216
24 76 240
0 74 108
12 76 108
12 83 216
24 76 240
0 74 108
12 76 108
12 84 108
12 83 27
3 84 27
3 83 54
6 79 108
12 76 108
12 74 108
12 79 108
12 76 27
3 79 27
3 76 162
18 72 240
0 71 108
12 72 108
12 79 216
24 72 28
1 72 13
1 74 13
1 72 54
1 72 126
0 71 108
12 72 108
12 79 216
24 67 108
12 67 108
12 62 108
12 67 108
12 71 108
12 62 108
12 67 108
12 61 648
27 77 153
12 86 108
12 88 108
12 93 216
24 88 840
0 67 108
12 69 108
12 67 108
12 72 108
12 74 108
12 76 108
12 83 324
36 79 324
0 81 144
12 86 108
12 88 108
12 93 216
24 88 840
0 95 27
3 96 27
3 95 54
6 91 108
12 86 108
12 84 108
12 83 108
12 79 108
12 74 108
12 72 108
12 71 108
12 41 13
0 42 13
1 43 13
0 44 13
0 45 13
0 46 13
1 47 13
0 48 13
0 49 13
0 50 13
1 51 13
0 52 13
0 53 13
1 54 13
0 55 13
0 56 13
0 57 13
1 58 13
0 59 13
0 60 13
0 61 13
1 62 13
0 63 13
0 64 13
1 65 13
0 66 13
0 67 13
0 68 13
1 69 13
0 70 13
0 71 13
0 72 13
1 73 13
0 74 27
3 77 108
12 75 108
12 77 108
12 82 216
24 77 240
0 75 108
12 77 108
12 84 216
24 77 108
12 77 108
12 75 108
12 77 108
12 85 108
12 84 27
3 85 27
3 84 54
6 80 108
12 77 108
12 75 108
12 80 108
12 77 216
24 73 240
0 72 108
12 73 108
12 80 216
24 73 240
0 72 54
6 73 54
6 80 108
12 80 108
12 73 108
12 72 108
12 72 108
12 68 108
12 65 108
12 65 108
12 77 108
12 75 108
12 75 27
3 77 27
3 75 54
6 73 108
12 72 108
12 70 54
6 72 54
6 73 54
6 75 54
6 77 108
12 77 108
12 75 108
12 77 108
12 82 216
24 77 240
0 75 108
12 77 108
12 84 216
24 77 240
0 75 108
12 77 108
12 85 108
12 84 108
12 80 108
12 77 108
12 75 108
12 80 108
12 77 108
12 77 108
24 73 108
12 77 54
6 75 54
6 73 54
6 72 54
6 70 240
0 77 108
12 70 108
12 77 54
6 75 54
6 73 54
6 72 54
6 70 240
0 72 108
12 73 108
12 72 108
12 63 108
12 70 108
12 60 108
12 65 108
12 68 240
0 70 108
12 65 240
0 72 108
12 70 108
12 70 216
24 77 216
24 75 108
12 73 108
12 75 216
24 80 216
24 75 108
12 77 108
12 85 216
24 84 216
24 80 108
12 75 108
12 77 54
12 77 546
0 80 360
0 73 216
24 72 108
12 73 108
12 80 216
24 73 216
24 72 108
12 73 108
12 72 216
24 68 108
12 65 108
12 77 108
12 75 108
12 75 216
24 73 216
24 72 108
12 73 108
12 70 216
24 77 216
24 75 108
12 73 108
12 75 108
12 80 108
12 80 216
24 75 108
12 77 108
12 85 216
24 84 216
24 80 108
12 75 108
12 77 54
12 77 378
48 80 108
12 73 108
12 82 216
24 82 216
24 80 108
12 78 107
0 80 335
2 85 249
24 70 108
24 70 444
48 73 108
12 70 108
12 78 324
36 77 324
13 66 130
12 65 108
12 66 108
12 77 108
12 72 108
12 82 108
12 73 108
12 80 108
12 72 108
12 78 108
12 70 108
12 77 108
12 75 108
12 73 108
12 72 108
12 63 108
12 65 108
12 68 108
12 58 27
3 60 27
3 63 27
3 68 27
3 65 720
0 68 900
