0 57 600
0 57 337
23 57 600
0 57 337
23 59 600
0 59 337
23 59 324
36 68 240
0 59 324
36 61 217
23 61 108
12 61 240
0 61 324
36 61 217
23 61 108
12 61 240
0 61 324
36 61 217
23 61 108
12 61 240
0 61 228
12 61 84
12 61 156
0 61 108
12 61 120
0 61 240
0 61 216
24 61 108
12 57 600
0 57 337
23 57 600
0 57 337
23 59 600
0 59 337
23 59 324
36 68 240
0 59 324
36 61 217
23 61 108
12 61 240
0 61 324
36 61 217
23 61 108
12 61 240
0 61 324
36 61 217
23 68 217
23 57 433
47 59 433
47 64 433
47 80 648
72 78 108
12 78 108
12 78 12
0 78 864
0 78 2
94 80 648
72 81 108
12 81 108
12 81 12
0 81 864
0 81 2
94 80 324
36 81 360
0 83 216
0 83 1
23 80 324
36 81 360
0 76 216
0 76 1
23 80 324
36 81 108
12 73 216
12 73 24
0 76 216
0 76 1
23 83 433
47 85 433
47 81 360
0 88 1320
0 80 217
23 81 216
23 81 108
36 88 1320
0 92 217
23 93 324
36 100 1560
0 66 866
574 85 108
12 83 108
12 81 108
12 80 108
12 81 108
12 80 108
12 76 108
12 81 240
0 80 108
12 76 108
12 81 240
0 80 108
12 76 108
12 81 240
0 80 108
12 76 108
12 81 108
12 81 108
12 80 108
12 76 108
12 81 240
0 80 108
12 76 108
12 81 240
0 80 108
12 76 108
12 81 240
0 80 108
12 76 108
12 74 108
12 73 217
23 80 108
12 80 240
0 80 217
23 80 108
12 80 217
23 81 108
12 80 240
0 81 324
36 88 216
36 88 1
23 81 108
12 80 240
0 81 324
156 78 108
12 80 108
12 81 108
12 83 108
12 85 108
12 81 108
12 76 108
132 81 108
12 80 108
12 76 108
12 81 217
23 80 108
12 76 240
0 81 108
12 80 108
12 76 108
12 81 217
23 80 108
12 76 240
0 81 108
12 80 108
12 76 108
12 81 217
23 80 108
12 76 240
0 81 108
12 80 108
12 76 108
12 80 108
12 81 108
12 88 108
12 80 240
0 81 216
0 81 1
23 76 108
12 80 217
23 76 108
12 81 240
0 80 108
12 76 108
12 81 108
12 80 108
12 76 108
12 74 108
12 81 240
0 80 217
23 76 108
12 76 217
23 73 108
12 76 108
132 78 108
12 80 108
12 81 108
12 83 108
12 85 108
12 81 108
12 76 108
12 81 324
36 80 360
0 81 217
23 88 866
94 81 324
36 80 360
0 81 217
23 92 433
47 88 433
47 93 108
12 93 108
132 92 108
12 92 108
132 88 108
12 88 108
132 85 108
12 85 108
132 83 108
12 83 108
132 81 108
12 81 108
132 80 108
12 80 108
132 64 108
132 64 108
12 76 108
12 74 108
12 73 108
12 71 240
0 74 360
0 81 324
36 80 360
0 81 217
23 88 866
94 81 324
36 80 360
0 81 217
23 92 360
0 88 600
0 86 80
0 95 80
0 86 80
0 85 80
0 93 80
0 85 80
0 83 53
27 92 53
27 83 53
27 81 80
0 90 80
0 81 80
0 80 80
0 88 80
0 80 80
0 78 80
0 86 80
0 78 80
0 76 80
0 85 80
0 76 80
0 74 80
0 83 80
0 74 80
0 73 217
23 81 108
12 81 600
240 78 217
23 81 217
23 83 217
23 88 433
47 93 433
47 95 866
94 83 108
12 75 108
12 82 108
12 83 240
0 75 108
12 82 108
12 83 240
0 76 108
12 82 108
12 83 240
0 78 108
12 82 108
12 83 108
12 85 108
12 78 108
12 82 108
12 85 240
0 78 108
12 83 108
12 85 108
12 87 217
23 88 217
23 87 27
3 88 27
3 87 54
6 85 108
12 83 108
12 82 108
12 83 108
12 75 108
12 82 108
12 83 240
0 75 108
12 82 108
12 83 240
0 76 108
12 82 108
12 83 240
0 78 108
12 82 108
12 83 108
12 85 108
12 78 108
12 82 108
12 85 240
0 78 108
12 83 108
12 85 108
12 88 217
12 88 11
12 85 217
12 85 143
0 85 108
12 83 108
12 82 108
12 83 108
12 75 108
12 82 108
12 83 240
0 75 108
12 82 108
12 83 240
0 76 108
12 82 108
12 83 240
0 78 108
12 82 108
12 83 108
12 82 108
12 78 108
12 83 108
12 78 108
12 85 108
12 78 108
12 83 217
143 78 108
12 83 108
12 87 108
12 85 108
12 78 108
12 82 108
12 85 108
12 83 108
12 75 108
12 82 108
12 83 240
0 75 108
12 82 108
12 83 240
0 76 108
12 82 108
12 83 240
0 78 108
12 82 108
12 83 108
12 85 108
12 78 108
12 83 108
12 85 240
0 78 108
12 83 108
12 85 108
12 88 216
24 87 216
24 83 108
12 85 108
12 83 108
12 82 108
12 83 216
24 82 216
24 83 216
24 90 480
0 83 108
12 83 240
0 83 108
12 83 216
24 85 216
24 83 108
12 82 240
0 83 108
12 83 720
0 82 432
18 66 138
12 63 108
12 63 108
12 63 240
0 63 108
12 63 108
12 63 240
0 64 108
12 64 108
12 64 240
0 66 108
12 66 108
12 66 108
12 73 108
12 66 108
12 70 108
12 73 240
0 66 108
12 71 108
12 73 108
12 75 216
24 75 108
12 76 108
12 75 108
12 73 108
12 71 108
12 70 108
12 63 108
12 63 108
12 63 108
12 63 240
0 63 108
12 63 108
12 63 240
0 64 108
12 64 108
12 64 240
0 66 108
12 66 108
12 66 108
12 73 108
12 66 108
12 70 108
12 73 240
0 66 108
12 71 108
12 73 108
12 66 108
12 66 108
12 68 108
12 66 108
12 66 108
12 66 108
12 66 108
12 66 108
12 71 108
12 63 108
12 70 108
12 71 240
0 63 108
12 70 108
12 71 240
0 64 108
12 70 108
12 71 240
0 66 108
12 70 108
12 71 108
12 66 108
12 66 108
12 71 108
12 66 108
12 73 108
12 66 108
12 71 108
12 70 108
12 71 108
12 66 108
12 71 108
12 78 108
12 76 108
12 75 108
12 73 108
12 75 108
12 63 217
23 63 108
12 70 108
12 63 217
23 66 217
23 64 217
23 64 108
12 70 108
12 64 217
23 66 217
23 66 217
23 66 108
12 70 108
12 71 108
12 66 108
12 71 108
12 73 108
12 75 216
24 75 108
12 76 108
12 75 27
3 76 27
3 75 54
6 73 108
12 71 108
12 70 108
12 63 217
23 63 108
12 70 108
12 63 217
23 66 217
23 64 217
23 64 108
12 70 108
12 64 217
23 66 217
23 66 216
24 68 216
24 70 216
24 66 216
144 66 108
12 71 108
12 75 108
12 73 108
12 66 108
12 70 108
12 73 108
12 63 217
23 63 108
12 70 108
12 63 217
23 66 217
23 64 217
23 64 108
12 70 108
12 64 217
23 66 217
23 66 217
23 66 108
12 70 108
12 71 108
12 66 108
12 71 108
12 75 108
12 76 217
23 75 217
23 71 217
23 73 217
23 63 217
23 83 457
23 82 480
0 78 217
143 76 108
12 75 108
12 73 108
12 71 217
23 73 108
12 75 240
0 76 108
12 75 720
0 65 433
47 84 217
23 84 108
12 83 108
12 84 217
23 91 217
23 84 217
23 84 108
12 83 108
12 84 217
23 79 217
23 84 217
23 84 108
12 83 108
12 84 108
12 79 108
12 84 108
12 86 108
12 88 217
23 88 108
12 89 108
12 88 108
12 86 108
12 84 108
12 83 108
12 84 217
23 84 108
12 83 108
12 84 217
23 91 217
23 84 217
23 84 108
12 83 108
12 84 217
23 79 217
23 83 217
23 84 217
23 86 217
23 88 360
0 79 108
12 84 108
12 88 108
12 86 108
12 79 108
12 83 108
12 86 108
12 84 217
23 84 108
12 83 108
12 84 217
23 91 217
23 84 217
23 84 108
12 83 108
12 84 217
23 79 217
23 84 217
23 84 108
12 83 108
12 84 108
12 79 108
12 84 108
12 88 108
12 89 217
23 88 217
23 84 217
23 86 217
23 88 216
24 96 108
12 96 240
0 96 108
12 95 216
24 95 216
24 91 108
12 91 240
0 89 108
12 88 108
12 86 108
12 84 216
24 86 108
12 88 240
0 89 108
12 88 720
0 86 432
48 84 217
23 84 108
12 83 108
12 84 217
23 91 217
23 84 217
23 84 108
12 83 108
12 84 217
23 79 217
23 84 217
23 84 108
12 83 108
12 84 108
12 79 108
12 84 108
12 86 108
12 88 217
23 88 108
12 89 108
12 88 108
12 86 108
12 84 108
12 83 108
12 84 217
23 84 108
12 83 108
12 84 217
23 91 217
23 84 217
23 84 108
12 83 108
12 84 217
23 79 217
23 83 216
24 84 216
24 86 216
24 88 216
144 79 108
12 84 108
12 88 108
12 86 108
12 79 108
12 83 108
12 86 108
12 84 217
23 84 108
12 83 108
12 84 217
23 91 217
23 84 217
23 84 108
12 83 108
12 84 217
23 79 217
23 84 217
23 84 108
12 83 108
12 84 108
12 79 108
12 84 108
12 88 108
12 89 217
23 88 216
24 84 216
24 86 216
24 88 216
24 96 108
12 96 240
0 95 108
12 95 216
24 95 216
24 91 108
12 91 240
0 89 108
12 88 108
12 86 108
12 84 216
24 86 108
12 88 240
0 89 108
12 88 480
0 67 108
12 72 108
12 76 108
12 74 108
12 67 108
12 74 108
12 79 108
12 74 108
12 79 108
12 86 108
12 86 108
12 79 108
12 86 108
12 91 108
12 84 54
6 89 54
6 91 54
6 96 780
0 68 80
0 72 80
0 75 80
0 79 80
0 82 80
0 84 80
0 87 108
12 89 108
12 91 108
12 94 108
12 86 432
48 98 13
1 96 13
2 95 13
1 93 13
2 91 13
1 89 13
2 88 13
1 86 13
2 84 13
1 83 13
2 81 13
1 79 13
2 77 13
1 76 13
2 74 13
1 72 13
2 71 13
1 69 13
2 67 13
1 65 13
2 64 13
1 62 13
2 60 13
1 59 13
2 57 13
1 55 13
2 53 13
1 52 13
2 50 13
61 48 324
36 52 360
0 57 360
0 60 324
36 64 217
23 69 217
23 81 324
36 84 360
0 88 360
0 93 324
36 96 217
23 92 216
24 93 433
527 81 160
0 83 160
0 84 160
0 86 108
12 89 108
12 88 108
12 92 108
402 83 42
18 92 462
3 88 909
