0 79 345
38 79 345
38 77 172
19 79 172
19 80 345
38 79 345
38 79 691
76 77 172
19 75 172
19 84 345
38 84 172
19 82 172
19 80 345
38 75 345
38 79 1036
115 79 345
38 77 345
38 79 345
38 77 345
38 77 172
19 75 172
19 75 345
38 75 172
19 74 172
19 75 345
38 75 172
19 74 172
19 72 345
38 75 518
57 70 172
19 75 172
19 74 172
19 75 345
38 77 345
38 79 345
38 77 345
38 79 345
38 79 345
38 77 172
19 79 172
19 80 345
38 79 345
38 79 691
76 77 172
19 75 172
19 84 345
38 84 172
19 82 172
19 80 345
38 75 345
38 79 1036
115 79 345
38 77 172
19 79 172
19 80 691
76 79 172
19 77 172
19 77 345
38 75 172
19 74 172
19 75 345
38 75 172
19 74 172
19 75 345
38 77 518
57 72 172
19 75 172
19 74 172
19 75 345
38 77 345
38 79 345
38 80 345
38 82 345
38 82 345
38 80 172
19 82 172
19 80 345
38 79 345
38 79 518
57 75 172
19 77 172
19 75 172
19 84 345
38 84 172
19 82 172
19 80 345
38 75 345
38 79 1036
115 79 345
38 77 172
19 79 172
19 80 307
19 80 211
57 79 364
19 77 172
19 77 345
38 75 172
19 74 172
19 75 345
38 75 172
19 74 172
19 75 345
38 77 518
57 70 172
19 75 172
19 74 172
19 75 345
38 77 345
38 79 345
38 77 345
38 75 345
38 75 345
38 75 345
38 75 172
19 74 172
19 75 1324
19 75 172
19 87 172
19 79 172
19 87 172
19 79 172
19 87 172
19 79 172
19 87 172
19 86 172
19 87 1382
729 75 172
19 70 518
57 74 172
19 75 1324
19 75 172
19 68 345
38 87 172
19 75 172
19 87 172
19 75 172
19 87 172
19 86 172
19 87 1382
153 79 172
19 72 172
19 72 172
19 84 172
19 79 172
19 72 172
19 72 172
19 84 172
19 79 172
19 72 172
19 72 172
19 77 172
19 79 691
76 79 172
19 72 172
19 72 172
19 84 172
19 79 172
19 72 172
19 72 172
19 84 172
19 79 172
19 72 172
19 72 172
19 77 172
19 75 691
76 79 172
19 72 172
19 72 172
19 84 172
19 79 172
19 72 172
19 72 172
19 84 172
19 79 172
19 72 172
19 72 172
19 77 172
19 79 691
76 91 172
19 84 172
19 84 172
19 96 172
19 91 172
19 84 172
19 84 172
19 96 172
19 91 172
19 84 172
19 84 172
19 89 172
19 87 691
76 75 172
19 75 86
9 74 86
9 75 172
19 77 172
19 79 172
19 79 86
9 77 86
9 79 172
19 80 172
19 82 172
19 80 172
19 79 172
19 80 172
19 79 691
76 75 172
19 75 86
9 74 86
9 75 172
19 77 172
19 79 172
19 79 86
9 77 86
9 79 172
19 80 172
19 79 172
19 77 172
19 77 172
19 75 172
19 75 691
76 75 172
19 74 172
19 75 172
19 77 172
19 79 172
19 77 172
19 79 172
19 80 172
19 82 172
19 80 172
19 79 172
19 80 115
19 80 57
19 79 691
76 87 172
19 86 172
19 87 172
19 89 172
19 91 172
19 91 86
9 89 86
9 91 172
19 92 172
19 91 172
19 89 172
19 89 172
19 87 172
19 87 691
76 79 172
19 72 172
19 72 172
19 84 172
19 79 172
19 72 172
19 72 172
19 84 172
19 79 172
19 72 172
19 72 172
19 77 172
19 79 691
76 79 172
19 72 172
19 72 172
19 84 172
19 79 172
19 72 172
19 72 172
19 84 172
19 79 172
19 72 172
19 72 172
19 77 172
19 75 691
76 79 172
19 72 172
19 72 172
19 84 172
19 79 172
19 72 172
19 72 172
19 84 172
19 79 172
19 72 172
19 72 172
19 77 172
19 79 691
76 91 172
19 84 172
19 84 172
19 96 172
19 91 172
19 84 172
19 84 172
19 96 172
19 91 172
19 84 172
19 84 172
19 89 172
19 87 691
460 75 345
38 75 345
38 75 172
19 74 172
19 75 1382
153 87 172
19 75 172
19 87 172
19 75 172
19 87 172
19 75 172
19 87 172
19 86 172
19 87 1382
153 79 345
38 79 345
38 77 172
19 79 172
19 80 345
38 79 345
38 79 691
76 77 172
19 75 172
19 84 345
38 84 172
19 82 172
19 80 345
38 75 345
38 79 1036
115 79 345
38 77 172
19 79 172
19 80 691
76 79 172
19 77 172
19 77 345
38 75 172
19 74 172
19 75 345
38 75 172
19 74 172
19 72 345
38 75 518
57 70 172
19 75 172
19 74 172
19 75 345
38 77 345
38 79 345
38 80 345
38 82 345
38 82 345
38 80 172
19 82 172
19 80 345
38 79 345
38 79 691
76 77 172
19 75 172
19 84 345
38 84 172
19 82 172
19 80 345
38 75 345
38 79 1036
115 79 345
38 77 172
19 79 172
19 80 691
76 79 172
19 77 172
19 77 345
38 75 172
19 74 172
19 75 345
38 75 172
19 74 172
19 75 345
38 77 518
57 70 172
19 75 172
19 74 172
19 75 345
38 77 345
38 79 345
38 77 345
38 75 345
38 75 345
38 75 345
38 75 345
38 75 1382
153 87 345
38 87 345
38 87 345
38 87 345
38 87 1382
153 75 345
38 75 345
38 75 345
38 75 172
19 74 172
19 75 1382
153 87 172
19 75 172
19 87 172
19 75 172
19 87 172
19 75 172
19 87 86
9 77 86
9 86 172
19 87 691
19 87 691
