576 74 172
19 73 172
19 74 172
19 77 172
19 74 172
19 72 1036
115 67 172
19 72 710
57 74 172
19 72 172
19 74 172
19 77 172
19 74 172
19 72 1036
115 67 172
19 62 537
19 62 172
57 74 172
19 72 345
38 74 172
19 77 537
38 79 172
19 77 518
57 74 172
19 72 537
38 74 172
19 72 518
57 67 172
19 70 883
268 53 172
19 58 172
19 60 172
19 53 1036
115 74 345
38 74 345
38 72 172
19 72 345
38 70 345
38 70 364
19 72 691
268 67 172
19 74 172
19 74 345
38 72 172
19 72 345
38 70 345
38 67 364
19 65 691
76 65 172
19 67 172
19 74 172
19 72 345
38 70 172
19 67 518
57 65 172
19 67 537
38 70 172
19 72 345
38 77 345
38 74 883
76 69 518
57 65 1228
115 74 345
14 79 643
14 79 24
14 79 24
28 67 518
28 67 24
28 67 24
33 65 883
33 65 24
33 65 24
268 65 172
19 69 172
19 70 172
19 72 345
38 74 172
19 72 345
38 69 345
38 69 364
19 67 691
268 65 345
38 67 345
38 70 172
19 74 345
38 65 518
57 74 345
38 72 172
19 72 518
57 70 172
19 70 883
268 65 518
57 62 691
460 74 345
38 67 345
38 67 172
19 72 345
38 70 345
38 70 364
19 72 691
76 65 172
19 67 172
19 74 172
19 74 345
38 72 172
19 72 345
38 70 345
38 65 883
268 65 172
19 67 172
19 74 172
19 72 345
38 70 172
19 72 518
57 65 172
19 67 537
38 70 172
19 72 345
38 79 345
38 74 883
76 69 518
57 65 883
460 74 345
14 79 643
14 79 24
14 79 24
28 67 518
28 67 24
28 67 24
33 65 883
33 65 24
33 65 24
268 65 172
19 69 172
19 70 172
19 72 345
38 77 172
19 77 345
38 69 345
38 62 364
19 70 691
268 65 345
38 67 345
38 74 172
19 77 691
76 65 172
19 67 345
38 72 172
19 74 345
38 65 172
19 70 172
19 70 883
268 70 345
38 72 172
19 65 518
57 74 172
19 73 172
19 74 172
19 77 172
19 74 172
19 72 1036
115 67 172
19 65 537
19 65 172
57 74 172
19 72 172
19 74 172
19 77 172
19 74 172
19 65 691
268 62 172
19 67 172
19 62 710
57 74 172
19 72 345
38 70 172
19 67 537
38 65 172
19 67 345
38 65 172
19 70 172
19 65 537
38 77 172
19 77 345
38 77 518
57 79 345
38 77 172
19 70 345
38 65 172
19 67 172
19 65 710
57 74 172
19 73 172
19 74 172
19 77 172
19 74 172
19 72 1036
115 67 172
19 65 537
19 65 172
57 74 172
19 72 172
19 74 172
19 77 172
19 74 172
19 65 691
268 62 172
19 67 172
19 62 710
57 74 172
19 72 345
38 74 172
19 77 537
38 79 172
19 77 345
38 65 172
19 67 172
19 65 537
38 67 172
19 72 345
38 65 172
19 67 172
19 62 883
268 53 172
19 58 172
19 60 172
19 58 691
460 86 345
38 86 518
57 84 518
57 82 345
38 82 518
57 79 518
57 89 345
38 89 1036
115 86 172
19 89 883
76 74 345
38 74 345
38 74 345
38 72 172
19 72 518
57 70 345
38 70 345
38 67 172
19 67 518
57 79 345
38 79 345
38 77 172
19 77 518
57 74 172
19 72 1228
115 74 345
38 67 345
38 67 172
19 72 345
38 70 345
38 70 364
19 72 691
76 65 172
19 67 172
19 74 172
19 74 345
38 72 172
19 72 345
38 70 345
38 65 883
268 65 172
19 67 172
19 74 172
19 72 345
38 70 172
19 72 518
57 65 172
19 67 537
38 70 172
19 72 345
38 79 345
38 74 883
76 69 518
57 65 883
460 74 345
14 79 643
14 79 24
14 79 24
28 67 518
28 67 24
28 67 24
33 65 883
33 65 24
33 65 24
268 65 172
19 69 172
19 70 172
19 72 345
38 77 172
19 77 345
38 69 345
38 62 364
19 70 172
19 67 691
76 65 345
38 67 345
38 74 172
19 77 691
76 65 172
19 67 345
38 72 172
19 74 345
38 65 172
19 70 172
19 70 883
268 70 345
38 72 172
19 65 518
57 74 172
19 73 172
19 74 172
19 77 172
19 74 172
19 72 1036
115 67 172
19 65 537
19 65 172
57 74 172
19 72 172
19 74 172
19 77 172
19 74 172
19 65 691
268 62 172
19 67 172
19 62 710
57 74 172
19 72 345
38 70 172
19 67 537
38 65 172
19 67 345
38 65 172
19 70 172
19 65 537
38 77 172
19 77 345
38 77 518
57 79 345
38 77 172
19 70 345
38 65 172
19 67 172
19 65 710
57 74 172
19 73 172
19 74 172
19 77 172
19 74 172
19 72 345
38 72 172
19 72 345
19 72 172
57 67 172
19 65 537
19 65 172
57 74 172
19 72 172
19 74 172
19 77 172
19 74 172
19 72 345
38 72 172
19 72 345
38 62 172
19 67 172
19 62 710
57 74 172
19 72 345
38 74 172
19 77 537
38 79 172
19 77 345
38 65 172
19 67 172
19 65 537
38 67 172
19 72 345
38 65 172
19 67 172
19 62 883
268 53 172
19 58 172
19 60 172
19 58 518
57 87 172
19 86 172
19 87 172
19 90 172
19 87 172
19 85 1036
115 80 172
19 85 710
57 87 172
19 85 172
19 87 172
19 90 172
19 87 172
19 85 1036
115 87 172
19 83 172
19 75 345
38 73 345
38 71 345
38 70 345
38 68 345
38 66 172
19 68 345
38 66 172
19 71 172
19 66 537
38 78 172
19 78 345
38 78 518
57 80 345
38 78 172
19 71 345
38 75 345
38 75 172
57 68 259
28 66 268
19 75 172
19 74 172
19 75 172
19 78 172
19 75 172
19 73 345
38 73 172
19 73 518
57 68 172
19 66 172
19 66 537
57 75 172
19 73 172
19 75 172
19 78 172
19 80 172
19 73 345
38 73 172
19 73 345
38 63 172
19 68 172
19 63 710
57 75 172
19 73 345
38 75 172
19 78 537
38 80 172
19 78 345
38 66 172
19 75 172
19 73 537
38 68 172
19 73 345
38 66 172
19 68 172
19 63 883
268 54 172
19 59 172
19 61 172
19 63 345
38 61 345
38 63 172
19 66 172
19 75 345
38 73 1036
115 68 172
19 73 537
38 68 172
19 73 518
57 75 172
19 71 883
76 68 172
19 71 172
19 80 172
19 78 172
19 73 518
57 75 172
19 73 345
38 68 172
19 66 1228
115 80 172
19 78 710
57 75 172
19 73 345
38 68 345
38 71 691
76 75 172
19 73 172
19 80 172
19 75 171
0 94 119
0 94 17
0 94 18
0 94 17
37 94 172
19 94 172
19 94 172
19 94 172
19 94 518
