1440 79 108
12 78 108
12 76 108
12 74 108
12 71 648
72 69 108
12 71 336
24 69 108
12 71 336
24 74 108
12 71 1416
144 79 108
12 78 108
12 76 108
12 74 108
12 71 648
72 69 108
12 71 336
24 69 108
12 71 336
24 74 108
12 74 1776
24 69 108
12 71 768
72 69 108
12 71 336
24 69 108
12 71 336
24 74 108
12 71 1776
24 69 108
12 71 768
72 69 108
12 71 336
24 69 108
12 71 336
24 74 108
12 74 1776
24 69 108
12 67 768
72 69 108
12 67 336
24 69 108
12 67 336
24 69 108
12 67 1416
144 67 108
12 69 108
12 71 108
12 74 108
12 67 648
72 69 108
12 67 336
24 69 108
12 67 336
24 69 108
12 71 1416
144 79 108
12 78 108
12 76 108
12 74 108
12 71 648
72 69 108
12 71 336
24 69 108
12 71 336
24 74 108
12 71 1416
144 79 108
12 78 108
12 76 108
12 74 108
12 71 648
72 69 108
12 71 336
24 69 108
12 71 336
24 74 108
12 74 1848
192 67 648
72 67 216
24 67 324
36 69 108
12 67 324
36 69 108
12 67 1296
384 74 216
24 72 432
48 79 1296
384 78 216
24 74 216
24 71 108
12 71 984
336 76 216
24 76 216
24 74 108
12 74 552
48 71 108
12 69 108
12 71 108
12 74 108
12 71 1728
432 78 216
24 74 216
24 74 108
12 71 336
24 71 216
24 69 216
24 71 108
12 78 336
24 74 216
24 74 216
24 71 216
24 71 756
84 74 108
12 74 216
24 71 108
12 71 336
24 74 108
12 71 336
24 74 672
48 76 216
24 74 1104
336 81 108
12 83 768
72 81 108
12 83 336
24 81 108
12 83 336
24 86 108
12 83 984
336 62 216
24 67 216
24 81 216
24 83 216
24 72 216
24 76 216
24 81 108
12 83 336
24 74 216
24 83 216
24 86 108
12 83 552
48 72 216
24 76 216
24 81 216
24 74 456
24 81 108
12 79 336
24 71 216
24 74 216
24 81 108
12 79 336
24 81 108
12 79 336
24 81 108
12 79 552
48 74 216
24 71 216
24 67 216
24 69 216
24 71 216
24 81 108
12 79 336
24 72 216
24 74 216
24 81 108
12 79 336
24 81 108
12 79 336
24 81 108
12 79 1416
144 79 108
12 78 108
12 76 108
12 74 108
12 71 648
72 69 108
12 71 336
24 69 108
12 71 336
24 74 108
12 71 1416
144 79 108
12 78 108
12 76 108
12 74 108
12 71 648
72 69 108
12 71 336
24 69 108
12 71 336
24 74 108
12 74 1776
24 69 108
12 67 768
72 69 108
12 67 336
24 69 108
12 67 336
24 69 108
12 67 1416
144 71 216
24 69 108
12 67 768
72 69 108
12 67 336
24 69 108
12 67 336
24 69 216
24 67 1296
