0 65 151
16 55 151
16 58 151
16 65 319
16 55 151
16 58 151
16 65 319
16 55 151
16 58 151
16 65 319
16 55 302
33 58 151
184 58 302
33 58 302
33 58 302
33 58 151
184 60 302
33 62 302
33 63 302
33 67 151
16 77 151
16 67 151
16 70 151
16 77 319
16 67 151
16 70 151
16 77 319
16 67 151
16 70 151
16 77 319
16 67 151
16 74 151
16 75 151
184 77 604
67 58 151
16 55 151
16 58 151
856 62 151
16 55 302
201 58 151
16 58 151
16 58 151
16 58 151
16 60 151
16 60 151
16 60 151
184 58 151
16 58 151
16 58 151
16 58 151
16 60 151
16 62 151
16 63 151
184 62 604
67 62 302
33 57 151
688 58 151
16 62 302
33 55 151
184 55 151
16 55 151
16 55 151
16 55 151
16 60 151
16 60 151
16 60 151
184 58 151
16 58 151
16 58 151
16 58 151
16 60 151
16 62 151
16 63 151
184 65 453
50 58 151
16 60 151
16 62 151
16 63 151
688 55 151
16 57 151
16 58 151
16 65 151
856 55 151
16 62 151
16 60 1377
134 54 302
33 63 151
16 62 302
33 60 302
33 58 1377
302 58 151
16 58 151
16 58 151
16 58 151
16 60 151
16 60 151
16 60 151
184 57 151
16 57 151
16 57 151
16 57 151
16 60 151
16 62 151
16 63 151
184 62 453
50 58 151
16 62 151
16 67 151
16 69 151
16 70 1209
302 77 151
16 77 151
16 77 151
16 77 151
16 72 151
16 72 151
16 72 151
184 77 151
16 77 151
16 77 151
16 77 151
16 72 151
16 74 151
16 75 151
184 74 453
50 58 151
16 62 151
16 67 151
16 67 151
16 69 151
16 70 151
16 69 151
16 67 151
16 62 151
16 58 151
16 60 302
201 77 151
16 77 151
16 77 151
16 77 151
16 72 151
16 72 151
16 72 151
184 77 151
16 77 151
16 77 151
16 77 151
16 72 151
16 74 151
16 75 151
184 77 907
100 74 151
184 75 302
33 74 151
16 67 151
16 69 151
16 70 151
16 67 772
235 75 151
16 74 151
16 72 1377
134 81 302
33 74 151
16 72 302
33 74 302
33 72 621
50 62 604
403 77 151
16 77 151
16 77 151
16 77 151
16 72 151
16 72 151
16 72 151
184 77 151
16 77 151
16 77 151
16 77 151
16 72 151
16 74 151
16 77 151
184 79 453
50 59 151
16 62 151
16 67 151
16 71 151
16 71 861
16 71 21
16 71 21
121 77 151
16 77 151
352 63 151
16 63 151
352 77 151
16 77 151
352 65 151
16 65 151
352 70 151
16 72 151
16 74 302
33 74 151
16 74 302
33 72 302
33 70 151
16 74 302
33 77 151
16 77 302
201 77 151
16 77 151
352 67 151
16 67 151
184 67 151
16 77 151
16 77 151
352 72 151
16 72 151
184 74 151
16 75 151
16 74 1075
268 62 151
16 62 453
50 62 151
16 62 302
33 77 151
16 77 151
352 67 151
16 67 151
184 67 151
16 77 151
16 77 151
352 72 151
16 72 151
184 69 151
16 70 151
16 72 151
16 74 302
33 74 151
16 74 302
33 82 302
33 74 151
16 81 453
50 77 302
33 67 151
16 77 151
16 77 151
352 67 151
16 67 151
184 67 151
16 77 151
16 77 151
352 72 151
16 72 151
184 70 151
16 72 151
16 62 1377
806 74 151
16 72 151
16 70 151
16 69 151
16 70 823
16 70 302
33 65 151
16 72 604
67 65 151
16 72 151
16 70 151
16 69 151
16 63 823
16 63 302
33 62 151
16 60 604
67 65 151
16 72 151
16 70 151
16 69 151
16 62 823
16 62 302
33 67 151
16 72 453
50 79 302
33 77 302
33 67 151
16 74 1209
806 74 151
16 72 151
16 70 151
16 69 151
16 63 823
16 63 302
33 65 151
16 72 604
67 65 151
16 72 151
16 70 151
16 69 151
16 63 823
16 63 302
33 62 151
16 62 604
67 65 151
16 72 151
16 70 151
16 69 151
16 63 823
16 63 302
33 65 151
16 72 453
50 79 302
33 77 302
33 72 151
16 79 604
67 59 151
16 62 151
16 67 151
16 71 151
16 71 861
16 71 21
16 71 21
121 77 151
16 77 151
352 63 151
16 63 151
352 77 151
16 77 151
352 65 151
16 65 151
352 70 151
16 72 151
16 74 302
33 74 151
16 74 302
33 72 302
33 70 151
16 74 302
33 77 151
16 77 302
201 77 151
16 77 151
352 67 151
16 67 151
184 67 151
16 77 151
16 77 151
352 72 151
16 72 151
184 74 151
16 75 151
16 74 1075
268 62 151
16 62 453
50 62 151
16 62 302
33 77 151
16 77 151
352 67 151
16 67 151
184 67 151
16 77 151
16 77 151
352 72 151
16 72 151
184 69 151
16 70 151
16 72 151
16 74 302
33 74 151
16 74 302
33 82 302
33 74 151
16 81 453
50 77 302
33 67 151
16 77 151
16 77 151
352 67 151
16 67 151
184 67 151
16 77 151
16 77 151
352 72 151
16 72 151
184 70 151
16 72 151
16 62 1377
1141 91 151
16 91 151
352 84 151
16 84 151
352 91 151
16 91 151
352 74 151
16 74 151
184 67 151
16 72 151
16 74 151
16 76 302
33 76 151
16 76 302
33 74 302
33 67 151
16 76 302
33 79 151
16 79 302
201 91 151
16 91 151
352 84 151
16 84 151
352 91 151
16 91 151
352 74 151
16 74 151
184 76 151
16 77 151
16 76 772
235 60 302
33 55 151
16 64 453
50 64 151
16 68 302
33 79 151
16 79 151
352 72 151
16 72 151
184 67 151
16 79 151
16 79 151
352 74 151
16 74 151
184 67 151
16 72 151
16 74 151
16 76 302
33 76 151
16 76 302
33 84 302
33 76 151
16 83 453
50 79 302
33 71 151
16 79 151
16 79 151
352 72 151
16 72 151
184 69 151
16 79 151
16 79 151
352 74 151
16 74 151
184 72 151
16 74 151
16 72 772
235 60 151
184 64 151
16 64 604
67 64 151
16 69 151
16 67 151
16 67 151
352 72 151
16 72 151
184 67 151
16 79 151
16 79 151
352 74 151
16 74 151
184 72 151
16 74 151
16 72 1075
100 60 151
16 62 151
16 55 1209
134 79 151
16 67 151
16 72 151
16 79 319
16 67 151
16 72 151
16 79 319
16 67 151
16 72 151
16 79 319
16 67 302
33 72 151
184 72 302
33 72 302
33 72 302
33 72 151
352 74 302
33 76 302
33 74 302
33 79 151
16 67 151
16 72 151
16 79 319
16 67 151
16 72 151
16 79 319
16 67 151
16 72 151
16 79 151
16 89 151
16 88 151
16 86 302
33 76 75
8 81 75
8 83 75
8 84 75
8 86 75
8 88 75
8 93 151
16 95 302
33 96 302
