0 49 954
0 49 954
0 49 1431
0 58 477
0 49 954
0 56 954
0 49 1908
0 61 954
0 54 954
0 56 1431
0 52 477
0 54 954
0 51 954
0 49 1431
477 49 954
0 49 954
0 49 1431
0 49 477
0 49 954
0 48 954
0 49 1908
0 53 954
0 54 954
0 53 1431
0 52 477
0 51 954
0 51 954
0 49 1431
477 48 954
0 48 834
0 48 119
0 49 715
0 53 238
0 56 477
0 53 477
0 48 954
0 48 834
0 48 119
0 49 715
0 53 238
0 56 238
0 63 238
0 53 477
0 48 954
0 48 834
0 48 119
0 56 715
0 61 238
0 63 238
0 66 238
0 56 477
0 54 954
0 48 954
0 49 1431
477 48 954
0 48 834
0 48 119
0 49 715
0 53 238
0 56 477
0 53 477
0 48 954
0 48 834
0 48 119
0 49 715
0 53 238
0 56 238
0 63 238
0 53 477
0 48 954
0 48 834
0 48 119
0 56 715
0 61 238
0 63 238
0 66 238
0 56 477
0 54 954
0 48 954
0 49 1431
477 49 477
477 49 477
477 49 477
477 49 477
477 49 477
477 48 477
477 54 238
238 53 238
238 51 238
238 49 238
238 53 477
477 54 477
477 53 477
477 52 477
477 51 477
477 51 477
477 49 238
238 56 238
238 53 238
238 51 238
238 49 477
477 49 477
477 49 477
477 49 477
477 49 477
477 48 477
477 54 238
238 53 238
238 51 238
238 49 238
238 53 477
477 54 477
477 53 477
477 52 477
477 51 477
477 51 477
477 49 238
238 56 238
238 53 238
238 49 238
238 48 477
477 48 477
477 49 477
0 53 238
238 54 238
238 56 238
238 48 477
477 51 477
477 53 477
0 56 238
238 60 238
238 61 238
238 48 477
477 54 477
477 53 477
0 65 238
238 66 238
238 68 238
238 58 477
477 48 477
477 54 238
238 53 238
238 51 238
238 49 238
238 48 477
477 48 477
477 49 477
0 53 238
238 54 238
238 56 238
238 48 477
477 51 477
477 53 477
0 56 238
238 60 238
238 61 238
238 48 477
477 54 477
477 53 477
0 65 238
238 66 238
238 68 238
238 58 477
477 48 477
477 53 238
238 51 238
238 49 238
715 68 238
0 65 238
0 61 238
0 68 238
0 61 238
0 70 238
0 66 238
0 61 238
0 68 238
0 65 238
0 61 238
0 68 238
0 61 238
0 68 238
0 61 238
0 70 238
0 68 238
0 63 238
0 61 238
0 68 238
0 60 238
0 68 238
0 63 238
0 60 238
0 68 238
0 65 238
0 61 238
0 68 238
0 65 238
0 73 238
0 68 238
0 65 238
0 73 238
0 68 238
0 65 238
0 73 238
0 66 238
0 73 238
0 70 238
0 66 238
0 73 238
0 68 238
0 65 238
0 73 238
0 65 238
0 73 238
0 64 238
0 73 238
0 63 238
0 73 238
0 66 238
0 63 238
0 72 238
0 66 238
0 63 238
0 72 238
0 73 238
0 68 238
0 65 238
0 73 238
0 68 238
0 65 238
0 61 238
0 68 238
0 68 238
0 65 238
0 61 238
0 68 238
0 61 238
0 70 238
0 66 238
0 61 238
0 68 238
0 65 238
0 61 238
0 68 238
0 61 238
0 68 238
0 61 238
0 70 238
0 68 238
0 63 238
0 61 238
0 68 238
0 60 238
0 68 238
0 63 238
0 60 238
0 68 238
0 65 238
0 61 238
0 68 238
0 65 238
0 73 238
0 68 238
0 65 238
0 73 238
0 68 238
0 65 238
0 73 238
0 66 238
0 73 238
0 70 238
0 66 238
0 73 238
0 68 238
0 65 238
0 73 238
0 65 238
0 73 238
0 64 238
0 73 238
0 63 238
0 73 238
0 66 238
0 63 238
0 72 238
0 66 238
0 63 238
0 72 238
0 73 238
0 68 238
0 65 238
0 73 238
0 68 238
0 65 238
0 61 238
0 68 238
0 68 238
0 63 238
0 60 238
0 68 238
0 60 238
0 68 238
0 66 238
0 60 238
0 61 238
0 65 238
0 68 238
0 73 238
0 72 238
0 66 238
0 73 238
0 65 238
0 68 238
0 63 238
0 60 238
0 68 238
0 60 238
0 68 238
0 66 238
0 60 238
0 61 238
0 65 238
0 68 238
0 77 238
0 75 238
0 66 238
0 73 238
0 65 238
0 68 238
0 63 238
0 60 238
0 68 238
0 60 238
0 68 238
0 66 238
0 60 238
238 80 238
0 68 238
0 80 238
0 78 238
0 68 238
0 77 238
0 68 238
0 75 238
0 70 238
0 66 238
0 75 238
0 68 238
0 66 238
0 63 238
0 68 238
0 65 238
0 73 238
0 68 238
0 65 238
0 61 238
715 68 238
0 63 238
0 60 238
0 68 238
0 60 238
0 68 238
0 66 238
0 60 238
0 61 238
0 65 238
0 68 238
0 73 238
0 72 238
0 66 238
0 73 238
0 65 238
0 68 238
0 63 238
0 60 238
0 68 238
0 60 238
0 68 238
0 66 238
0 60 238
0 61 238
0 65 238
0 68 238
0 77 238
0 75 238
0 66 238
0 73 238
0 65 238
0 68 238
0 63 238
0 60 238
0 68 238
0 60 238
0 68 238
0 66 238
0 60 238
238 80 238
0 68 238
0 80 238
0 78 238
0 68 238
0 77 238
0 68 238
0 75 238
0 70 238
0 66 238
0 75 238
0 68 238
0 66 238
0 63 238
0 68 238
0 65 238
0 73 238
0 68 238
0 65 238
0 61 238
1192 80 954
0 82 954
0 80 954
0 73 477
0 73 477
0 73 477
0 72 477
0 72 477
0 73 477
1908 85 954
0 85 954
0 85 954
0 73 477
0 73 477
0 73 477
0 72 477
0 72 477
0 85 119
0 87 119
0 89 119
0 84 119
0 85 119
0 80 119
0 82 119
0 78 119
0 77 119
0 80 119
0 78 119
0 75 119
0 73 119
0 77 119
0 75 119
0 72 119
0 73 119
0 75 119
0 73 119
0 72 119
0 73 119
0 80 119
0 79 119
0 80 119
0 73 119
0 75 119
0 73 119
0 72 119
0 73 119
0 82 119
0 81 119
0 82 119
0 73 119
0 75 119
0 73 119
0 72 119
0 73 119
0 80 119
0 79 119
0 80 119
0 73 119
0 80 119
0 79 119
0 80 119
0 73 119
0 82 119
0 81 119
0 82 119
0 73 119
0 80 119
0 79 119
0 80 119
0 73 119
0 80 119
0 79 119
0 80 119
0 72 119
0 80 119
0 79 119
0 80 119
0 72 119
0 80 119
0 79 119
0 80 119
0 80 119
0 78 119
0 77 119
0 75 119
0 73 119
0 75 119
0 77 119
0 78 119
0 80 119
0 78 119
0 77 119
0 78 119
0 80 119
0 82 119
0 84 119
0 85 119
0 77 119
0 78 119
0 77 119
0 76 119
0 77 119
0 85 119
0 84 119
0 85 119
0 78 119
0 80 119
0 78 119
0 77 119
0 78 119
0 85 119
0 84 119
0 85 119
0 77 119
0 78 119
0 77 119
0 76 119
0 77 119
0 85 119
0 84 119
0 85 119
0 77 119
0 85 119
0 84 119
0 85 119
0 79 119
0 85 119
0 84 119
0 85 119
0 78 119
0 85 119
0 84 119
0 85 119
0 78 119
0 85 119
0 84 119
0 85 119
0 78 119
0 84 119
0 83 119
0 84 119
0 78 119
0 84 119
0 83 119
0 84 119
0 73 477
1908 80 954
0 80 477
0 80 477
0 80 477
0 80 477
0 80 477
477 80 954
0 80 477
0 80 477
0 80 477
0 80 477
0 80 477
477 84 477
0 83 477
0 84 477
0 85 477
0 89 477
0 87 477
0 85 477
0 90 954
0 75 954
0 77 119
0 82 119
0 80 119
0 78 119
0 77 119
0 78 119
0 80 119
0 82 119
0 84 119
0 85 119
0 80 119
0 78 119
0 77 119
0 80 119
0 77 119
0 73 119
0 72 119
0 80 119
0 82 119
0 80 119
0 84 119
0 80 119
0 82 119
0 80 119
0 87 119
0 80 119
0 82 119
0 80 119
0 84 119
0 80 119
0 82 119
0 80 119
0 85 119
0 80 119
0 82 119
0 80 119
0 85 119
0 80 119
0 82 119
0 80 119
0 78 119
0 80 119
0 82 119
0 80 119
0 77 119
0 80 119
0 82 119
0 80 119
0 72 119
0 80 119
0 82 119
0 80 119
0 84 119
0 80 119
0 82 119
0 80 119
0 87 119
0 80 119
0 82 119
0 80 119
0 82 119
0 80 119
0 82 119
0 80 119
0 82 119
0 80 119
0 82 119
0 80 119
0 85 119
0 80 119
0 82 119
0 80 119
0 87 119
0 80 119
0 82 119
0 80 119
0 89 119
0 80 119
0 82 119
0 80 119
0 87 119
0 84 119
0 85 119
0 84 119
0 87 119
0 84 119
0 85 119
0 84 119
0 92 119
0 84 119
0 85 119
0 84 119
0 92 119
0 84 119
0 85 119
0 84 119
0 92 119
0 84 119
0 85 119
0 84 119
0 92 119
0 85 119
0 87 119
0 85 119
0 92 119
0 87 119
0 89 119
0 87 119
0 92 119
0 89 119
0 90 119
0 89 119
0 94 119
0 90 119
0 94 119
0 92 119
0 90 119
0 89 119
0 87 119
0 85 119
0 84 119
0 82 119
0 80 119
0 78 119
0 77 119
0 75 119
0 73 119
0 72 119
0 73 119
0 70 119
0 68 119
0 66 119
0 65 119
0 63 119
0 61 119
0 60 119
954 49 954
0 49 954
0 49 1431
0 61 477
0 61 954
0 60 954
0 61 477
1431 53 954
0 54 954
0 53 1431
0 64 477
0 63 954
0 63 954
0 61 477
1431 48 954
0 48 834
0 48 119
0 49 715
0 65 238
0 68 477
0 65 477
0 48 954
0 48 834
0 48 119
0 49 715
0 65 238
0 68 238
0 75 238
0 65 477
0 48 954
0 48 834
0 48 119
0 68 715
0 73 238
0 75 238
0 78 238
0 73 477
0 66 954
0 63 954
596 61 1311
477 85 1431
