1094 60 303
0 56 60
0 53 1094
0 56 303
0 60 60
0 65 364
0 68 303
0 72 60
0 77 359
5 65 364
0 72 607
0 74 91
0 72 30
0 74 40
0 76 40
0 74 40
0 76 40
0 74 40
0 76 40
0 74 40
0 76 40
0 74 40
0 76 40
0 74 40
0 76 40
0 74 60
0 72 60
0 76 60
0 74 60
0 72 243
850 61 303
0 58 60
0 54 1094
0 58 303
0 61 60
0 66 364
0 70 303
0 73 60
0 78 364
0 66 364
0 73 607
0 75 91
0 73 30
0 75 40
0 77 40
0 75 40
0 77 40
0 75 40
0 77 40
0 75 40
0 77 40
0 75 40
0 77 40
0 75 40
0 77 40
0 75 60
0 73 60
0 77 60
0 75 60
0 73 243
1215 72 607
0 74 91
0 72 30
0 74 40
0 76 40
0 74 40
0 76 40
0 74 40
0 76 40
0 74 40
0 76 40
0 74 40
0 76 40
0 74 40
0 76 40
0 74 60
0 72 60
0 76 60
0 74 60
0 72 243
1215 76 607
0 77 121
0 77 40
0 79 40
0 77 40
0 79 40
0 77 40
0 79 40
0 77 40
0 79 40
0 77 40
0 79 40
0 77 40
0 79 40
0 77 60
0 76 60
0 79 60
0 77 60
0 76 243
850 76 121
0 79 121
0 76 121
0 79 243
850 82 121
0 82 121
0 79 121
0 88 60
0 82 60
0 91 60
0 88 60
0 94 60
0 91 60
0 88 60
0 91 60
0 82 60
0 88 60
0 79 60
0 82 60
0 76 60
0 79 60
0 70 60
0 76 60
0 67 60
0 70 60
0 64 60
0 67 60
0 58 60
0 64 60
2674 60 303
0 56 60
0 53 121
0 60 240
2 60 240
2 60 240
2 72 240
2 77 240
2 77 120
1 89 1094
0 56 303
0 60 60
0 65 364
0 68 303
0 72 60
0 77 362
2 65 364
0 60 121
0 60 240
2 64 240
2 72 240
2 76 240
2 79 240
2 84 120
1 72 607
0 74 121
0 74 40
0 76 60
0 76 20
0 76 40
0 74 40
0 76 40
0 74 40
0 76 40
0 74 40
0 76 40
0 74 40
0 76 40
0 74 60
0 72 60
0 76 60
0 74 60
0 60 120
1 60 240
2 60 240
2 64 240
2 67 240
2 72 240
2 76 120
1 72 607
0 73 91
0 72 30
0 73 40
0 75 40
0 73 40
0 75 40
0 73 40
0 75 40
0 73 40
0 75 40
0 73 40
0 75 60
0 73 60
0 75 60
0 73 60
0 72 60
0 73 60
0 79 364
1094 83 364
1094 88 1458
0 82 243
850 79 303
0 82 60
0 83 243
0 79 121
243 70 121
243 58 121
303 79 60
0 85 243
0 83 121
243 71 121
243 59 119
306 80 60
0 80 1458
0 79 243
486 75 729
0 74 243
486 73 243
486 73 364
3647 60 303
0 63 60
0 56 364
0 72 303
0 56 60
0 67 364
0 58 303
0 55 60
0 68 364
0 63 729
0 65 303
0 61 60
0 60 364
0 63 303
0 60 60
0 58 364
0 63 303
0 61 60
0 60 364
0 63 729
0 72 303
0 75 60
0 80 364
0 72 303
0 80 60
0 67 364
0 70 303
0 79 60
0 68 364
0 63 1094
0 76 364
0 61 1094
0 71 1094
0 70 243
0 68 91
0 69 30
0 70 60
0 71 60
0 70 60
0 71 60
0 70 60
0 71 60
0 70 60
0 71 60
0 70 60
0 71 60
0 70 60
0 71 60
0 70 60
0 71 60
0 70 60
0 71 60
0 70 60
0 71 60
0 70 60
0 71 60
0 70 60
0 71 60
0 70 60
0 71 60
0 76 60
0 75 60
0 76 60
0 75 60
0 76 60
0 75 60
0 76 60
0 75 60
0 76 60
0 75 60
0 76 60
0 75 60
0 76 60
0 75 60
0 76 60
0 75 60
0 76 60
0 75 60
0 76 60
0 75 60
0 76 60
0 75 60
0 74 60
0 75 60
0 88 60
0 87 60
0 88 60
0 87 60
0 88 60
0 87 60
0 88 60
0 87 60
0 88 60
0 87 60
0 88 60
0 87 60
0 88 60
0 87 60
0 88 60
0 87 60
0 88 60
0 87 60
0 88 60
0 87 60
0 88 60
0 87 60
0 86 60
0 87 60
0 88 121
0 87 121
0 85 121
0 83 121
0 82 121
0 80 121
0 79 121
0 78 121
0 76 121
0 75 121
0 73 121
0 71 121
0 70 121
0 68 121
0 67 121
0 66 121
0 64 121
0 63 121
0 61 121
3525 56 60
0 51 60
0 47 60
0 51 60
0 56 60
0 51 60
0 59 60
0 51 60
0 58 60
0 51 60
0 56 60
0 51 60
0 56 60
0 51 60
0 47 60
0 51 60
0 56 60
0 51 60
0 59 60
0 51 60
0 58 60
0 51 60
0 56 60
0 51 60
0 64 60
0 59 60
0 56 60
0 59 60
0 64 60
0 59 60
0 68 60
0 59 60
0 66 60
0 59 60
0 64 60
0 59 60
0 64 60
0 59 60
0 56 60
0 59 60
0 64 60
0 59 60
0 68 60
0 59 60
0 66 60
0 59 60
0 64 60
0 59 60
0 73 60
0 76 60
0 73 60
0 76 60
0 73 60
0 76 60
0 73 60
0 76 60
0 73 60
0 76 60
0 73 60
0 76 60
0 73 60
0 76 60
0 73 60
0 76 60
0 73 60
0 76 60
0 73 60
0 76 60
0 70 60
0 73 60
0 67 60
0 70 60
0 64 60
0 67 60
0 61 60
0 64 60
0 58 60
0 61 60
0 56 60
0 58 60
0 61 60
0 58 60
0 56 60
0 58 60
60 56 60
0 61 60
0 58 60
0 56 60
0 61 60
60 55 60
0 61 60
0 58 60
0 55 60
0 61 60
0 68 60
0 63 60
0 59 60
0 63 60
0 68 60
0 63 60
0 71 60
0 63 60
0 70 60
0 63 60
0 68 60
0 63 60
0 68 60
0 63 60
0 59 60
0 63 60
0 68 60
0 63 60
0 71 60
0 63 60
0 70 60
0 63 60
0 68 60
0 63 60
0 76 60
0 71 60
0 68 60
0 71 60
0 76 60
0 71 60
0 80 60
0 71 60
0 78 60
0 71 60
0 76 60
0 71 60
0 76 60
0 71 60
0 68 60
0 71 60
0 76 60
0 71 60
0 80 60
0 71 60
0 78 60
0 71 60
0 76 60
0 71 60
0 85 60
0 88 60
0 85 60
0 88 60
0 85 60
0 88 60
0 85 60
0 88 60
0 85 60
0 88 60
0 85 60
0 88 60
0 85 60
0 88 60
0 85 60
0 88 60
0 85 60
0 88 60
0 85 60
0 88 60
0 85 60
0 88 60
0 85 60
0 88 60
0 85 60
0 88 60
0 82 60
0 85 60
0 80 60
0 82 60
0 80 60
0 82 60
0 85 60
0 82 60
0 80 60
0 82 60
60 80 60
0 85 60
0 82 60
0 80 60
0 85 60
60 79 60
0 85 60
0 82 60
0 79 60
0 85 60
60 76 60
0 85 60
0 82 60
0 76 60
0 85 60
60 75 60
0 85 60
0 82 60
0 75 60
0 85 60
60 80 60
0 85 60
0 82 60
0 80 60
0 85 60
60 79 60
0 85 60
0 82 60
0 79 60
0 85 60
182 83 60
0 86 60
0 89 60
0 92 60
0 89 60
0 86 60
0 95 60
0 94 60
0 92 60
0 91 60
0 94 60
0 92 60
0 91 60
0 88 60
0 87 60
0 85 60
0 88 60
0 87 60
0 85 60
0 83 60
0 82 60
60 80 60
0 83 60
0 87 60
0 92 60
0 80 60
182 92 60
0 80 60
0 92 60
182 92 60
0 80 60
0 92 60
182 91 60
0 79 60
0 91 60
60 80 60
0 83 60
0 87 60
0 92 60
0 80 60
182 80 60
0 68 60
0 80 60
182 80 60
0 68 60
0 80 60
182 79 60
0 67 60
0 79 60
60 80 60
0 83 60
0 87 60
0 92 60
0 80 60
182 92 60
0 80 60
0 92 60
182 92 60
0 80 60
0 92 60
182 91 60
0 79 60
0 91 60
0 92 60
0 87 60
0 83 60
0 87 60
0 92 60
0 87 60
0 83 60
0 87 60
0 92 60
0 87 60
0 83 60
0 87 60
0 92 60
0 87 60
0 83 60
0 87 60
0 92 60
0 87 60
0 92 60
0 87 60
0 92 60
0 87 60
0 92 60
0 87 60
0 92 1094
0 59 303
0 56 60
0 51 1094
0 59 303
0 56 60
0 52 1094
0 56 303
0 59 60
0 64 364
0 68 303
0 71 60
0 76 362
2 64 364
0 71 607
0 73 91
0 71 30
0 73 40
0 75 40
0 73 40
0 75 40
0 73 40
0 75 40
0 73 40
0 75 40
0 73 40
0 75 40
0 73 40
0 75 40
0 73 60
0 71 60
0 75 60
0 73 60
0 71 243
1215 78 607
0 80 121
0 77 40
0 81 40
0 80 40
0 81 40
0 80 40
0 81 40
0 80 40
0 81 40
0 80 40
0 81 40
0 80 40
0 81 40
0 80 60
0 78 60
0 81 60
0 80 60
0 78 243
1215 64 607
0 66 121
0 63 40
0 68 40
0 66 40
0 68 40
0 66 40
0 68 40
0 66 40
0 68 40
0 66 40
0 68 40
0 66 40
0 68 40
0 66 60
0 64 60
0 68 60
0 66 60
0 64 364
0 57 729
0 57 303
0 68 60
0 64 729
0 63 729
0 76 607
0 78 121
0 78 40
0 80 40
0 78 40
0 80 40
0 78 40
0 80 40
0 78 40
0 80 40
0 78 40
0 80 40
0 78 40
0 80 40
0 78 60
0 76 60
0 80 60
0 78 60
0 76 364
0 69 729
0 69 303
0 80 60
0 68 729
0 75 243
486 71 60
0 67 60
0 71 60
0 67 60
0 71 60
0 67 60
0 71 60
0 67 60
0 71 60
0 67 60
0 71 60
0 67 60
0 71 60
0 67 60
0 71 60
0 67 60
0 71 60
0 67 60
0 71 60
0 67 60
0 71 60
0 67 60
0 71 60
0 67 60
0 71 60
0 67 60
0 71 60
0 67 60
0 71 60
0 67 60
0 71 60
0 67 60
0 71 60
0 67 60
0 71 60
0 67 60
0 71 60
0 67 60
0 71 60
0 67 60
0 71 60
0 67 60
0 71 60
0 67 60
0 71 60
0 67 60
0 71 60
0 67 60
0 65 72
0 67 72
0 71 72
0 67 72
0 65 72
0 62 72
0 65 72
0 67 72
0 65 72
0 62 72
0 59 72
0 62 72
0 65 72
0 62 72
0 59 72
0 71 303
0 74 60
0 79 364
0 83 303
0 86 60
0 79 364
0 91 364
0 79 72
0 87 72
0 91 72
0 87 72
0 84 72
0 79 72
0 84 72
0 87 72
0 84 72
0 79 72
0 75 72
0 79 72
0 84 72
0 79 72
0 75 72
0 72 72
0 75 72
0 79 72
0 75 72
0 72 72
0 67 72
0 72 72
0 75 72
0 72 72
0 67 72
0 63 72
0 67 72
0 72 72
0 67 72
0 63 72
0 63 72
0 67 72
0 72 72
0 67 72
0 63 72
0 63 72
0 67 72
0 72 72
0 67 72
0 63 72
0 61 72
0 63 72
0 67 72
0 63 72
0 61 72
0 58 72
0 61 72
0 63 72
0 61 72
0 58 72
0 55 72
0 58 72
0 61 72
0 58 72
0 55 72
0 67 303
0 70 60
0 75 364
0 79 303
0 82 60
0 75 364
0 75 364
0 87 72
0 92 72
0 96 72
0 92 72
0 87 72
0 84 72
0 87 72
0 92 72
0 87 72
0 84 72
0 80 72
0 84 72
0 87 72
0 84 72
0 80 72
0 75 72
0 80 72
0 84 72
0 80 72
0 75 72
0 72 72
0 75 72
0 80 72
0 75 72
0 72 72
0 68 72
0 72 72
0 75 72
0 72 72
0 68 72
0 63 72
0 68 72
0 72 72
0 68 72
0 63 72
0 60 72
0 63 72
0 68 72
0 63 72
0 60 72
0 66 1094
0 72 303
0 75 60
0 78 364
0 84 303
0 87 60
0 90 364
0 90 364
0 90 486
0 90 60
0 87 60
0 84 60
0 78 60
0 90 486
0 78 60
0 75 60
0 72 60
0 66 60
0 78 486
0 66 60
0 63 60
0 60 60
0 54 60
0 66 121
0 66 60
0 63 60
0 60 60
0 54 60
0 66 121
0 66 60
0 63 60
0 60 60
0 54 60
0 66 364
1094 63 364
364 72 364
364 65 364
364 73 364
364 61 1458
0 60 243
850 60 303
0 60 60
0 61 243
0 60 121
243 72 121
243 87 121
303 60 60
0 63 243
0 65 121
243 73 121
243 89 119
306 65 60
0 61 1458
0 60 243
486 61 729
0 60 243
486 73 729
0 75 243
486 62 243
486 61 243
486 57 243
486 66 243
486 75 121
0 77 121
0 75 121
0 73 121
0 75 121
0 73 121
0 72 121
0 78 121
486 78 121
0 80 121
0 78 121
0 77 121
0 78 121
0 77 121
0 75 121
0 87 121
486 87 121
0 89 121
0 87 121
0 85 121
0 87 121
0 85 121
0 84 121
0 85 121
0 84 121
0 82 121
0 84 121
0 82 121
0 80 121
0 82 121
0 80 121
0 78 121
0 80 121
0 78 121
0 77 243
850 65 303
0 68 60
0 73 364
0 77 303
0 73 60
0 72 364
0 63 303
0 60 60
0 73 364
0 56 729
0 58 303
0 66 60
0 65 364
0 68 303
0 65 60
0 63 364
0 66 303
0 63 60
0 60 364
0 65 729
0 73 303
0 77 60
0 82 364
0 85 303
0 70 60
0 81 364
0 72 303
0 69 60
0 70 364
0 77 729
0 78 303
0 75 60
0 73 364
0 77 303
0 73 60
0 72 364
0 75 303
0 72 60
0 70 364
0 73 729
0 70 303
0 85 60
0 78 364
0 82 303
0 90 60
0 77 364
0 80 303
0 77 60
0 78 364
0 73 1094
0 90 364
0 86 1094
0 79 364
0 74 1094
0 79 364
0 88 1094
364 79 180
0 88 60
0 91 60
0 79 60
364 79 180
0 88 60
0 91 60
0 79 60
364 79 180
0 88 60
0 91 60
0 79 60
364 79 180
0 88 60
0 91 60
0 79 60
121 82 180
0 91 60
121 85 180
0 94 60
182 88 64
0 91 64
0 94 64
193 88 64
0 91 64
0 94 64
128 88 64
0 91 64
0 94 128
128 85 64
0 88 64
0 91 128
128 82 64
0 85 64
0 88 128
128 79 64
0 82 64
0 85 128
128 76 64
0 79 64
0 82 128
128 73 64
0 76 64
0 79 128
128 70 64
0 73 64
0 76 128
128 67 64
0 70 64
0 73 128
128 64 64
0 67 64
0 70 128
128 61 64
0 64 64
0 67 128
128 58 64
0 61 64
0 64 128
128 55 64
0 58 64
0 61 128
128 52 64
0 55 64
0 58 128
128 49 64
0 52 64
0 55 128
128 46 64
0 49 64
0 52 128
128 43 64
0 46 64
0 49 128
0 46 64
0 52 64
0 46 64
0 52 64
0 46 64
0 52 64
0 46 64
0 52 64
0 46 64
0 52 64
0 43 64
0 52 64
0 46 64
0 52 64
0 43 64
0 52 64
0 46 64
0 52 64
0 46 64
0 52 64
0 46 64
0 52 64
0 43 64
0 52 64
0 43 64
0 52 64
0 46 64
0 52 64
0 43 64
0 52 64
0 43 64
0 52 64
0 46 64
0 52 64
0 43 64
0 52 64
0 43 64
0 52 64
0 43 64
0 52 64
0 43 64
0 52 64
0 46 64
0 52 64
0 43 64
0 52 64
0 46 64
0 52 64
0 46 64
0 52 64
0 43 64
0 52 64
0 43 64
0 52 64
0 46 64
0 52 64
0 43 64
0 52 64
0 46 64
0 52 64
0 46 64
0 52 64
0 43 64
0 52 64
0 43 64
0 52 64
0 46 64
0 52 64
0 43 64
0 52 64
0 43 64
0 52 64
0 43 64
0 52 64
0 43 64
0 52 64
0 43 64
0 52 64
0 46 64
0 52 64
0 43 64
0 52 64
0 46 64
0 52 64
0 46 64
0 52 64
0 43 64
0 52 64
0 43 64
0 52 64
0 43 64
0 52 64
0 46 64
0 52 64
0 43 64
0 52 64
0 43 257
2450 48 322
0 56 64
0 41 1160
0 56 322
0 48 64
0 65 386
0 68 322
0 72 64
0 77 384
2 65 386
0 67 644
0 74 128
0 65 42
0 76 42
0 74 42
0 76 42
0 74 42
0 76 42
0 74 42
0 76 42
0 74 42
0 76 42
0 74 42
0 76 42
0 74 64
0 72 64
0 76 64
0 74 64
0 72 257
902 61 322
0 58 64
0 54 1160
0 46 322
0 61 64
0 54 386
0 70 322
0 61 64
0 78 386
0 54 386
0 65 644
0 75 128
0 75 42
0 77 42
0 75 42
0 77 42
0 75 42
0 77 42
0 75 42
0 77 42
0 75 42
0 77 42
0 75 42
0 77 42
0 75 64
0 73 64
0 77 64
0 75 64
0 73 257
1289 72 644
0 74 96
0 72 32
0 74 42
0 76 42
0 74 42
0 76 42
0 74 42
0 76 42
0 74 42
0 76 42
0 74 42
0 76 42
0 74 42
0 76 42
0 74 64
0 72 64
0 76 64
0 74 64
0 72 257
1289 76 644
0 77 96
0 76 32
0 77 42
0 79 42
0 77 42
0 79 42
0 77 42
0 79 42
0 77 42
0 79 42
0 77 42
0 79 42
0 77 42
0 79 42
0 77 64
0 76 64
0 79 64
0 77 64
0 76 257
902 76 128
0 76 128
0 79 128
0 82 257
902 79 128
0 79 128
0 82 128
0 88 64
0 82 64
0 91 64
0 88 64
0 94 64
0 91 64
0 88 64
0 91 64
0 82 64
0 88 64
0 79 64
0 82 64
0 76 64
0 79 64
0 70 64
0 76 64
0 67 64
0 70 64
0 64 64
0 67 64
0 58 64
0 64 64
2836 60 322
0 57 64
0 53 127
1 57 255
2 60 255
2 60 255
2 69 255
2 77 255
2 77 127
1 81 1160
0 57 322
0 60 64
0 65 386
0 69 322
0 72 64
0 77 384
2 65 386
0 60 127
1 60 255
2 60 255
2 67 255
2 76 255
2 79 255
2 84 127
1 72 644
0 74 128
0 74 42
0 76 63
0 76 21
0 76 42
0 74 42
0 76 42
0 74 42
0 76 42
0 74 42
0 76 42
0 74 42
0 76 42
0 74 64
0 72 64
0 76 64
0 74 64
0 60 127
1 64 255
2 64 255
2 72 255
2 76 255
2 79 255
2 76 127
1 72 644
0 74 128
0 74 42
0 76 42
0 74 42
0 76 42
0 74 42
0 76 42
0 74 42
0 76 42
0 74 42
0 76 64
0 74 64
0 76 64
0 74 64
0 72 64
0 74 64
0 55 127
1 64 255
2 67 255
2 70 255
2 70 255
2 76 255
2 79 127
1 76 644
0 77 128
0 77 42
0 79 42
0 77 42
0 79 42
0 77 42
0 79 42
0 77 42
0 79 42
0 77 42
0 79 64
0 77 64
0 79 64
0 77 64
0 76 64
0 77 64
0 67 127
1 76 255
2 76 255
2 82 255
2 82 255
2 85 255
2 88 127
1 79 644
0 80 128
0 77 64
0 82 64
0 80 64
0 82 64
0 80 64
0 82 64
0 80 64
0 82 64
0 80 64
0 79 64
0 82 64
0 80 64
0 76 386
1160 77 386
1160 80 1547
0 79 257
902 76 322
0 79 64
0 80 257
0 79 128
257 67 128
257 55 128
322 79 64
0 82 257
0 77 128
257 65 128
257 53 126
325 77 64
0 80 1547
0 79 257
515 66 773
0 65 257
515 61 257
515 60 386
3868 57 322
0 60 64
0 53 386
0 57 322
0 65 64
0 64 386
0 67 322
0 64 64
0 53 386
0 60 773
0 62 322
0 58 64
0 57 386
0 60 322
0 57 64
0 55 386
0 60 322
0 58 64
0 57 386
0 60 773
0 69 322
0 72 64
0 65 386
0 81 322
0 77 64
0 76 386
0 79 322
0 76 64
0 77 386
0 60 1160
0 61 386
0 58 1160
0 68 1160
0 67 257
0 65 128
0 67 64
0 68 64
0 67 64
0 68 64
0 67 64
0 68 64
0 67 64
0 68 64
0 67 64
0 68 64
0 67 64
0 68 64
0 67 64
0 68 64
0 67 64
0 68 64
0 67 64
0 68 64
0 67 64
0 68 64
0 67 64
0 68 64
0 67 64
0 68 64
0 73 64
0 72 64
0 73 64
0 72 64
0 73 64
0 72 64
0 73 64
0 72 64
0 73 64
0 72 64
0 73 64
0 72 64
0 73 64
0 72 64
0 73 64
0 72 64
0 73 64
0 72 64
0 73 64
0 72 64
0 73 64
0 72 64
0 71 64
0 72 64
0 85 64
0 84 64
0 85 64
0 84 64
0 85 64
0 84 64
0 85 64
0 84 64
0 85 64
0 84 64
0 85 64
0 84 64
0 85 64
0 84 64
0 85 64
0 84 64
0 85 64
0 84 64
0 85 64
0 84 64
0 85 64
0 84 64
0 83 64
0 84 64
0 85 128
0 84 128
0 82 128
0 80 128
0 79 128
0 78 128
0 77 128
0 76 128
0 75 128
0 73 128
0 72 128
0 70 128
0 68 128
0 67 128
0 66 128
0 65 128
0 64 128
0 63 128
0 61 128
0 60 128
0 58 128
3481 53 64
0 48 64
0 44 64
0 48 64
0 53 64
0 48 64
0 56 64
0 48 64
0 55 64
0 48 64
0 53 64
0 48 64
0 53 64
0 48 64
0 44 64
0 48 64
0 53 64
0 48 64
0 56 64
0 48 64
0 55 64
0 48 64
0 53 64
0 48 64
0 61 64
0 56 64
0 53 64
0 56 64
0 61 64
0 56 64
0 65 64
0 56 64
0 63 64
0 56 64
0 61 64
0 56 64
0 61 64
0 56 64
0 53 64
0 56 64
0 61 64
0 56 64
0 65 64
0 56 64
0 63 64
0 56 64
0 61 64
0 56 64
0 70 64
0 73 64
0 70 64
0 73 64
0 70 64
0 73 64
0 70 64
0 73 64
0 70 64
0 73 64
0 70 64
0 73 64
0 70 64
0 73 64
0 70 64
0 73 64
0 70 64
0 73 64
0 70 64
0 73 64
0 67 64
0 70 64
0 64 64
0 67 64
0 61 64
0 64 64
0 58 64
0 61 64
0 55 64
0 58 64
0 53 64
0 55 64
0 58 64
0 55 64
0 53 64
0 55 64
64 53 64
0 58 64
0 55 64
0 53 64
0 58 64
64 52 64
0 58 64
0 55 64
0 52 64
0 58 64
0 65 64
0 60 64
0 56 64
0 60 64
0 65 64
0 60 64
0 68 64
0 60 64
0 67 64
0 60 64
0 65 64
0 60 64
0 65 64
0 60 64
0 56 64
0 60 64
0 65 64
0 60 64
0 68 64
0 60 64
0 67 64
0 60 64
0 65 64
0 60 64
0 73 64
0 68 64
0 65 64
0 68 64
0 73 64
0 68 64
0 77 64
0 68 64
0 75 64
0 68 64
0 73 64
0 68 64
0 73 64
0 68 64
0 65 64
0 68 64
0 73 64
0 68 64
0 77 64
0 68 64
0 75 64
0 68 64
0 73 64
0 68 64
0 82 64
0 85 64
0 82 64
0 85 64
0 82 64
0 85 64
0 82 64
0 85 64
0 82 64
0 85 64
0 82 64
0 85 64
0 82 64
0 85 64
0 82 64
0 85 64
0 82 64
0 85 64
0 82 64
0 85 64
0 82 64
0 85 64
0 82 64
0 85 64
0 82 64
0 85 64
0 79 64
0 82 64
0 77 64
0 79 64
0 77 64
0 79 64
0 82 64
0 79 64
0 77 64
0 79 64
64 77 64
0 82 64
0 79 64
0 77 64
0 82 64
64 76 64
0 82 64
0 79 64
0 76 64
0 82 64
64 73 64
0 82 64
0 79 64
0 73 64
0 82 64
64 72 64
0 82 64
0 79 64
0 72 64
0 82 64
64 77 64
0 82 64
0 79 64
0 77 64
0 82 64
64 76 64
0 82 64
0 79 64
0 76 64
0 82 64
257 83 64
0 86 64
0 89 64
0 86 64
0 83 64
0 92 64
0 91 64
0 89 64
0 88 64
0 91 64
0 89 64
0 88 64
0 85 64
0 84 64
0 82 64
0 85 64
0 84 64
0 82 64
0 80 64
0 79 64
64 77 64
0 80 64
0 84 64
0 89 64
0 77 64
193 89 64
0 77 64
0 89 64
193 89 64
0 77 64
0 89 64
193 88 64
0 76 64
0 88 64
64 77 64
0 80 64
0 84 64
0 89 64
0 77 64
193 77 64
0 65 64
0 77 64
193 77 64
0 65 64
0 77 64
193 76 64
0 64 64
0 76 64
64 77 64
0 80 64
0 84 64
0 89 64
0 77 64
193 89 64
0 77 64
0 89 64
193 89 64
0 77 64
0 89 64
193 88 64
0 76 64
0 88 64
0 89 64
0 84 64
0 80 64
0 84 64
0 89 64
0 84 64
0 80 64
0 84 64
0 89 64
0 84 64
0 80 64
0 84 64
0 89 64
0 84 64
0 80 64
0 84 64
0 89 64
0 84 64
0 89 64
0 84 64
0 89 64
0 84 64
0 89 64
0 84 64
0 89 64
0 84 64
0 80 64
0 84 64
0 89 64
0 84 64
0 80 64
0 84 64
0 89 64
0 84 64
0 80 64
0 84 64
0 89 64
0 84 64
0 80 64
0 84 64
0 89 64
0 84 64
0 89 64
0 84 64
0 80 64
0 84 64
0 89 64
0 84 64
0 89 64
0 84 64
0 80 64
0 84 64
0 89 64
0 84 64
0 89 64
0 84 64
0 80 64
0 84 64
0 89 64
0 84 64
0 89 64
0 84 64
0 80 64
0 84 64
0 89 64
0 84 64
0 89 64
0 84 64
0 80 64
0 84 64
0 89 64
0 84 64
0 87 64
0 84 64
0 80 64
0 84 64
0 87 64
0 84 64
0 80 64
0 84 64
0 87 64
0 84 64
0 80 64
0 84 64
0 87 64
0 84 64
0 80 64
0 84 64
0 87 64
0 84 64
0 87 64
0 84 64
0 80 64
0 84 64
0 87 64
0 84 64
0 87 64
0 84 64
0 80 64
0 84 64
0 87 64
0 84 64
0 87 64
0 84 64
0 80 64
0 84 64
0 87 64
0 84 64
0 87 64
0 84 64
0 80 64
0 84 64
0 87 64
0 84 64
0 87 64
0 84 64
0 80 64
0 84 64
0 87 64
0 84 64
0 89 64
0 85 64
0 80 64
0 85 64
0 89 64
0 85 64
0 89 64
0 85 64
0 80 64
0 85 64
0 89 64
0 85 64
0 89 64
0 85 64
0 80 64
0 85 64
0 89 64
0 85 64
0 89 64
0 85 64
0 80 64
0 85 64
0 89 64
0 85 64
0 90 64
0 84 64
0 80 64
0 84 64
0 90 64
0 84 64
0 90 64
0 84 64
0 80 64
0 84 64
0 90 64
0 84 64
0 90 64
0 84 64
0 80 64
0 84 64
0 90 64
0 84 64
0 90 64
0 87 64
0 80 64
0 87 64
0 90 64
0 87 64
0 89 257
902 77 322
0 80 64
0 85 386
0 89 322
0 85 64
0 84 386
0 87 322
0 84 64
0 85 386
0 80 773
0 77 322
0 80 64
0 85 386
0 89 322
0 85 64
0 84 386
0 87 322
0 84 64
0 83 386
0 86 773
0 86 322
0 83 64
0 84 386
0 88 773
0 91 322
0 77 64
0 88 386
0 79 773
0 79 322
0 76 64
0 89 386
0 92 773
0 92 322
0 89 64
64 61 64
0 58 64
0 66 64
193 66 64
0 61 64
0 70 64
193 70 64
0 66 64
0 73 64
193 73 64
0 70 64
0 78 64
193 78 64
0 73 64
0 82 64
193 82 64
0 78 64
0 85 64
193 85 64
0 82 64
0 90 64
257 90 64
0 85 64
0 94 128
64 63 64
0 60 64
0 69 64
193 69 64
0 63 64
0 72 64
193 72 64
0 69 64
0 75 64
193 75 64
0 72 64
0 81 64
193 81 64
0 75 64
0 84 64
193 84 64
0 81 64
0 87 64
193 87 64
0 84 64
0 93 64
257 93 64
0 87 64
0 96 128
64 65 64
0 61 64
0 70 64
257 70 64
0 65 64
0 73 128
64 67 64
0 64 64
0 72 64
257 72 64
0 67 64
0 76 128
64 68 64
0 65 64
0 73 64
257 73 64
0 68 64
0 77 128
64 70 64
0 67 64
0 76 64
257 76 64
0 70 64
0 79 128
64 72 64
0 68 64
0 77 64
193 73 64
0 70 64
0 79 64
193 75 64
0 72 64
0 81 64
193 77 64
0 73 64
0 82 64
193 79 64
0 76 64
0 84 64
193 80 64
0 77 64
0 85 64
193 82 64
0 79 64
0 88 64
193 84 64
0 80 64
0 89 64
193 85 64
0 82 64
0 91 64
193 87 64
0 84 64
0 93 64
193 89 64
0 85 64
0 94 64
193 89 64
0 85 64
0 94 64
322 89 64
0 85 64
0 94 64
0 89 64
0 85 64
0 82 64
0 77 64
0 73 64
0 82 64
0 77 64
0 73 64
0 70 64
0 65 64
0 61 64
0 70 64
0 65 64
0 61 64
644 61 64
0 65 64
0 70 64
0 73 64
0 77 64
0 73 64
0 70 64
0 73 64
0 77 64
0 82 64
0 85 64
0 82 64
0 89 64
0 85 64
0 94 64
0 89 64
0 85 64
0 82 64
193 92 64
0 89 64
0 95 64
0 92 64
0 89 64
0 86 64
0 83 64
0 80 64
0 77 64
0 83 64
0 80 64
0 77 64
0 74 64
0 71 64
0 68 64
0 74 64
0 71 64
0 68 64
0 65 64
0 62 64
0 59 64
0 68 64
0 65 64
0 62 64
580 62 64
0 65 64
0 68 64
0 71 64
0 74 64
0 77 64
0 80 64
0 83 64
0 86 64
0 89 64
0 92 64
0 95 64
193 92 64
0 89 64
0 96 64
0 92 64
0 89 64
0 84 64
0 80 64
0 77 64
0 84 64
0 80 64
0 77 64
0 72 64
0 68 64
0 65 64
0 72 64
0 68 64
0 65 64
1031 65 64
0 68 64
0 72 64
0 77 64
0 80 64
0 84 64
0 89 64
0 92 64
0 96 64
0 92 64
0 89 64
0 84 64
193 91 64
0 88 64
0 94 64
0 91 64
0 88 64
0 84 64
0 82 64
0 79 64
0 76 64
0 72 64
0 70 64
0 67 64
0 64 64
1031 60 64
0 64 64
0 67 64
0 70 64
0 72 64
0 76 64
0 79 64
0 76 64
0 72 64
0 76 64
0 79 64
0 76 64
0 82 64
0 79 64
0 76 64
0 79 64
0 82 257
902 79 128
0 76 128
0 76 128
0 82 257
902 64 128
0 64 128
0 67 128
0 67 257
1676 70 128
0 76 128
0 76 128
0 76 386
0 84 128
0 76 128
0 79 128
0 84 257
902 68 322
0 72 64
0 77 386
0 80 322
0 77 64
0 76 386
0 79 322
0 76 64
0 77 386
0 72 773
0 80 322
0 84 64
0 77 386
0 92 322
0 89 64
0 88 386
0 91 322
0 88 64
0 90 386
0 72 773
0 75 322
0 72 64
0 89 386
0 70 773
0 73 322
0 82 64
0 68 386
0 84 322
0 80 64
0 79 386
0 79 322
0 76 63
0 76 376
10 72 773
0 87 322
0 72 64
0 89 386
0 82 773
0 73 322
0 70 64
0 68 386
0 84 322
0 80 64
0 79 386
0 84 257
0 84 128
0 84 128
0 65 118
10 68 118
10 68 386
128 60 118
10 72 118
10 72 386
128 68 118
10 68 118
10 60 386
128 64 118
10 64 118
10 72 386
128 65 118
139 65 118
139 61 118
139 60 118
139 60 118
139 64 118
10 65 128
0 53 118
10 48 118
10 48 386
128 48 118
10 55 118
10 55 386
128 48 118
10 48 118
10 53 386
128 52 118
10 55 118
10 58 386
128 53 118
139 49 118
139 49 118
139 56 118
139 55 118
139 52 118
139 68 118
139 65 118
139 65 118
139 72 118
139 60 118
139 64 118
139 80 118
139 79 118
139 85 118
139 84 118
139 84 118
139 84 118
10 60 64
0 56 64
0 60 64
0 56 64
0 60 64
0 56 64
0 60 64
0 56 64
0 60 64
0 56 64
0 60 64
0 56 64
0 60 64
0 56 64
0 60 64
0 56 64
0 60 64
0 56 64
0 60 64
0 56 64
0 60 64
0 56 64
0 60 64
0 56 64
0 60 64
0 56 64
0 60 64
0 56 64
0 60 64
0 56 64
0 60 64
0 56 64
0 60 64
0 56 64
0 60 64
0 56 64
0 60 64
0 56 64
0 60 64
0 56 64
0 60 64
0 56 64
0 60 64
0 56 64
0 60 64
0 56 73
0 60 73
0 56 73
0 60 73
0 56 73
0 60 73
0 56 73
0 60 73
0 56 73
0 72 73
0 68 73
0 72 73
0 68 73
0 72 73
0 68 73
0 72 73
0 68 73
0 72 73
0 68 73
0 72 73
0 68 73
0 72 73
0 68 73
0 72 73
0 68 73
0 72 73
0 68 73
0 72 73
0 68 73
0 72 73
0 68 73
0 72 73
0 68 73
0 72 73
0 68 73
0 72 73
0 68 73
0 72 73
0 68 73
0 72 73
0 68 73
0 72 73
0 68 73
0 72 73
0 68 73
0 72 73
0 68 73
0 72 73
0 68 73
0 72 73
0 68 73
0 72 73
0 68 73
0 72 73
0 68 73
0 72 73
0 68 73
0 72 73
0 68 73
0 72 73
0 68 73
0 72 73
0 68 73
0 72 73
0 68 73
0 72 73
0 68 73
0 72 73
0 68 73
0 72 73
0 68 73
0 72 73
0 68 73
0 72 73
0 68 73
0 72 1756
