0 64 429
4 64 143
1 73 429
4 64 143
1 64 215
1 73 71
0 64 215
1 64 71
0 73 215
1 64 71
0 73 215
1 64 71
0 64 289
144 85 72
0 84 72
0 82 72
0 84 72
0 82 72
0 80 72
0 79 72
0 80 72
0 79 72
0 77 72
0 76 289
144 73 72
0 72 72
0 70 72
0 72 72
0 70 72
0 68 72
0 67 72
0 68 72
0 67 72
0 65 72
0 64 289
144 73 72
0 72 72
0 70 72
0 72 72
0 70 72
0 68 72
0 67 72
0 68 72
0 67 72
0 65 72
0 64 72
0 65 72
0 64 72
0 61 72
0 60 72
0 61 72
0 60 72
0 59 72
0 58 72
0 60 72
0 58 72
0 56 72
0 55 72
0 56 72
0 55 72
0 53 72
0 52 72
0 53 72
0 52 72
0 49 72
0 48 78
66 48 6
66 47 6
66 48 6
66 49 6
66 48 6
66 47 6
66 48 6
66 49 6
66 48 6
66 47 6
66 48 6
66 49 6
66 48 6
66 47 6
66 48 6
66 49 6
66 48 6
66 47 6
66 46 6
66 48 6
66 46 6
66 45 6
66 46 6
66 48 6
66 46 6
66 45 6
66 46 6
66 48 6
66 46 6
66 45 6
66 46 6
66 48 6
66 46 6
66 45 6
66 46 6
66 48 6
66 46 6
66 45 6
66 46 6
66 48 6
66 46 6
66 45 6
66 46 6
66 43 6
66 44 6
66 46 6
66 48 6
66 46 6
66 44 6
66 43 6
66 43 72
66 48 72
0 53 72
0 56 72
0 60 72
0 61 72
0 60 72
0 58 72
0 56 72
0 58 72
0 56 72
0 55 72
0 53 72
0 55 72
0 56 72
0 53 72
72 48 72
0 53 72
0 56 72
0 60 72
0 61 72
0 60 72
0 58 72
0 56 72
0 58 72
0 56 72
0 55 72
0 53 72
0 55 72
0 56 72
0 53 72
72 49 72
0 54 72
0 58 72
0 61 72
0 63 72
0 61 72
0 60 72
0 58 72
0 60 72
0 58 72
0 56 72
0 54 72
0 56 72
0 54 72
0 53 72
0 52 72
0 53 72
0 55 72
0 52 72
0 53 72
0 55 72
0 56 72
0 53 72
0 55 72
0 56 72
0 58 72
0 55 72
0 52 72
0 53 72
0 55 72
0 52 72
0 53 72
0 48 72
0 53 72
0 56 72
0 60 72
0 61 72
0 60 72
0 58 72
0 56 72
0 58 72
0 56 72
0 55 72
0 53 72
0 55 72
0 56 72
0 53 72
72 48 72
0 53 72
0 56 72
0 60 72
0 61 72
0 60 72
0 58 72
0 56 72
0 58 72
0 56 72
0 55 72
0 53 72
0 55 72
0 56 72
0 53 72
72 49 72
0 54 72
0 58 72
0 61 72
0 63 72
0 61 72
0 60 72
0 58 72
0 60 72
0 58 72
0 56 72
0 54 72
0 56 72
0 54 72
0 53 72
0 52 72
0 53 72
0 55 72
0 52 72
0 53 72
0 55 72
0 56 72
0 53 72
0 55 72
0 56 72
0 58 72
0 55 72
0 52 72
0 53 72
0 55 72
0 52 72
0 53 72
0 60 72
0 65 72
0 68 72
0 72 72
0 60 72
0 65 72
0 68 72
72 60 72
0 65 72
0 68 72
0 72 72
0 60 72
0 65 72
0 68 72
72 59 72
0 62 72
0 68 72
0 71 144
0 62 72
0 68 72
0 71 144
0 64 72
0 67 72
0 72 144
0 64 72
0 67 72
72 60 72
0 64 72
0 67 72
0 72 72
0 60 72
0 64 72
0 67 72
72 60 72
0 64 72
0 67 72
0 72 72
0 60 72
0 64 72
0 67 72
72 60 72
0 64 72
0 67 72
0 72 144
0 64 72
0 67 72
0 72 144
0 64 72
0 67 72
0 72 144
0 65 72
0 68 72
72 65 72
0 69 72
0 72 72
0 77 72
0 65 72
0 69 72
0 72 72
72 65 72
0 69 72
0 72 72
0 77 72
0 65 72
0 69 72
0 72 72
72 65 72
0 69 72
0 72 72
0 77 144
0 69 72
0 72 72
0 65 72
0 77 72
0 70 72
0 77 72
0 72 72
0 77 72
0 65 72
0 77 72
72 60 72
0 65 72
0 68 72
0 72 144
0 65 72
0 68 72
0 72 144
0 67 72
0 70 72
0 72 144
0 64 72
0 67 72
0 60 289
217 80 72
0 80 289
217 77 72
0 77 578
0 76 144
940 82 72
0 82 289
217 79 72
0 82 578
0 80 144
940 84 72
0 87 289
217 84 72
0 87 723
0 85 144
0 80 144
0 79 144
0 77 289
217 77 72
0 79 289
217 76 72
0 77 72
0 72 72
0 77 72
0 80 72
0 84 72
0 85 72
0 84 72
0 82 72
0 80 72
0 82 72
0 80 72
0 79 72
0 77 72
0 79 72
0 80 72
0 77 72
72 72 72
0 77 72
0 80 72
0 84 72
0 85 72
0 84 72
0 82 72
0 80 72
0 82 72
0 80 72
0 79 72
0 77 72
0 79 72
0 80 72
0 77 72
72 77 72
0 83 72
0 86 72
0 89 72
0 91 72
0 89 72
0 87 72
0 86 72
0 87 72
0 86 72
0 84 72
0 83 72
0 84 72
0 86 72
0 83 72
72 77 72
0 83 72
0 86 72
0 89 72
0 91 72
0 89 72
0 87 72
0 86 72
0 87 72
0 86 72
0 84 72
0 83 72
0 84 72
0 86 72
0 83 72
72 79 72
0 84 72
0 87 72
0 91 72
0 92 72
0 91 72
0 89 72
0 87 72
0 89 72
0 87 72
0 86 72
0 84 72
0 86 72
0 87 72
0 84 72
72 79 72
0 84 72
0 87 72
0 91 72
0 92 72
0 91 72
0 89 72
0 87 72
0 89 72
0 87 72
0 86 72
0 84 72
0 86 72
0 87 72
0 84 72
72 85 72
0 87 72
0 85 72
0 87 72
0 85 72
0 84 72
0 85 72
72 83 72
0 84 72
0 83 72
72 84 72
0 86 72
0 84 72
72 85 72
0 87 72
0 85 72
0 87 72
0 85 72
0 84 72
0 85 72
72 83 72
0 84 72
0 83 72
72 84 72
0 86 72
0 84 72
72 85 72
0 87 72
0 85 72
0 87 72
0 85 72
0 84 72
0 86 72
72 83 72
0 84 72
0 83 72
72 80 72
0 82 72
0 80 72
72 79 72
0 80 72
0 79 72
72 78 72
0 79 72
0 78 72
72 77 72
0 79 72
0 77 72
72 75 72
0 77 72
0 75 72
72 75 72
0 77 72
0 75 72
72 74 72
0 75 72
0 74 72
72 72 72
0 74 72
0 72 72
72 71 72
0 72 72
0 71 72
72 68 72
0 80 72
0 68 72
0 80 72
0 68 72
0 80 72
0 68 72
72 68 72
0 80 72
0 79 72
0 77 72
0 75 72
0 74 72
0 72 72
72 80 72
0 92 72
0 80 72
0 92 72
0 80 72
0 92 72
0 80 72
72 80 72
0 92 72
0 91 72
0 89 72
0 87 72
0 86 72
0 84 72
72 68 72
0 80 72
0 68 72
0 80 72
0 68 72
0 80 72
0 68 72
72 80 72
0 68 72
0 80 72
72 92 72
0 80 72
0 92 72
72 91 72
0 79 72
0 91 72
72 90 72
0 78 72
0 90 72
72 89 72
0 77 72
0 89 72
72 87 72
0 79 72
0 87 72
72 87 72
0 81 72
0 87 72
72 86 72
0 81 72
0 86 72
72 84 72
0 75 72
0 84 72
72 83 72
0 71 72
0 83 72
0 79 72
0 67 72
0 72 72
0 75 72
0 79 72
0 80 72
0 79 72
0 77 72
0 75 72
0 77 72
0 75 72
0 74 72
0 72 72
0 70 72
0 68 72
0 67 72
0 65 72
0 63 72
0 62 72
0 60 72
0 59 144
0 62 108
36 59 108
36 59 108
36 55 108
36 65 108
36 63 72
0 79 72
0 84 72
0 87 72
0 91 72
0 92 72
0 91 72
0 89 72
0 87 72
0 89 72
0 87 72
0 86 72
0 84 72
0 82 72
0 80 72
0 79 72
0 77 72
0 75 72
0 74 72
0 72 72
0 71 144
0 71 108
36 67 108
36 77 108
36 71 108
36 71 108
36 67 144
289 87 108
36 89 108
36 83 108
36 79 108
36 83 108
36 79 108
325 75 108
36 71 108
36 71 108
36 67 108
36 77 108
36 75 108
325 75 108
36 72 108
36 72 108
36 79 108
36 76 108
36 77 108
325 60 144
0 70 144
0 64 144
0 64 144
0 60 144
0 69 72
0 57 72
0 60 72
0 63 72
0 66 72
0 69 72
0 72 72
0 75 72
0 78 72
0 81 72
0 84 72
0 87 72
0 90 72
0 87 72
0 84 72
0 81 72
0 78 72
0 75 72
0 72 72
0 69 72
0 66 72
0 63 72
0 60 72
1881 57 72
0 60 72
0 63 72
0 66 72
0 68 72
0 66 72
0 65 72
0 63 72
0 65 72
0 63 72
0 61 72
0 60 72
0 61 72
0 63 72
0 60 72
72 57 72
0 60 72
0 63 72
0 66 72
0 68 72
0 66 72
0 65 72
0 63 72
0 65 72
0 63 72
0 61 72
0 60 72
0 61 72
0 63 72
0 60 72
72 57 72
0 60 72
0 63 72
0 66 72
0 68 72
0 66 72
0 65 72
0 63 144
0 63 72
0 65 72
0 66 72
0 68 72
0 66 72
0 65 72
0 63 144
0 63 72
0 65 72
0 66 72
0 68 72
0 66 72
0 65 72
0 63 144
0 66 144
0 65 144
0 69 144
0 82 72
0 65 72
0 70 72
0 73 72
0 77 72
0 78 72
0 77 72
0 75 72
0 73 72
0 75 72
0 73 72
0 72 72
0 70 72
0 72 72
0 73 72
0 70 72
72 65 72
0 70 72
0 73 72
0 77 72
0 78 72
0 77 72
0 75 72
0 73 72
0 75 72
0 73 72
0 72 72
0 70 72
0 72 72
0 73 72
0 70 72
72 66 72
0 71 72
0 75 72
0 78 72
0 80 72
0 78 72
0 77 72
0 75 72
0 77 72
0 75 72
0 73 72
0 71 72
0 73 72
0 75 72
0 71 72
0 70 72
0 72 72
0 70 72
0 69 72
0 70 72
0 72 72
0 73 72
0 70 72
0 69 72
0 70 72
0 69 72
0 67 72
0 69 72
0 70 72
0 72 72
0 69 72
0 70 144
0 70 72
0 73 72
0 77 72
0 78 72
0 77 72
0 75 72
0 73 72
0 75 72
0 73 72
0 72 72
0 82 72
0 72 72
0 73 72
0 70 72
0 81 144
0 70 72
0 73 72
0 82 72
0 78 72
0 77 72
0 75 72
0 73 72
0 75 72
0 73 72
0 72 72
0 82 72
0 72 72
0 73 72
0 70 72
0 71 72
0 78 72
0 83 72
0 87 72
0 90 72
0 92 72
0 90 72
0 89 72
0 87 72
0 89 72
0 87 72
0 85 72
0 83 72
0 85 72
0 83 72
0 82 72
0 81 72
0 84 72
0 87 72
0 85 72
0 84 72
0 85 72
0 84 72
0 82 72
0 81 72
0 82 72
0 81 72
0 78 72
0 77 72
0 75 72
0 73 72
0 72 72
0 70 72
72 77 289
0 77 72
72 77 72
72 78 289
0 78 72
72 78 72
72 77 289
0 77 72
72 77 72
72 72 72
72 73 72
72 75 72
72 73 72
72 89 289
0 89 72
72 89 72
72 90 289
0 90 72
72 90 72
72 89 289
0 89 72
72 89 72
72 84 72
72 85 72
72 87 72
72 85 72
72 72 289
0 72 72
72 72 72
72 71 289
0 71 72
72 71 72
72 72 289
0 72 72
72 72 72
72 67 72
72 68 72
72 70 72
72 68 72
72 84 289
0 84 72
72 84 72
72 83 289
0 83 72
72 83 72
72 84 289
0 84 72
72 84 72
72 79 72
72 80 72
72 82 72
72 80 72
0 60 72
0 65 72
0 68 72
0 72 72
0 73 72
0 72 72
0 70 72
0 68 72
0 70 72
0 68 72
0 67 72
0 65 72
0 67 72
0 68 72
0 65 72
0 66 72
0 61 72
0 66 72
0 70 72
0 73 72
0 75 72
0 73 72
0 72 72
0 70 72
0 72 72
0 70 72
0 68 72
0 66 72
0 68 72
0 70 72
0 66 72
0 69 72
0 63 72
0 69 72
0 72 72
0 75 72
0 77 72
0 75 72
0 73 72
0 72 72
0 73 72
0 72 72
0 70 72
0 69 72
0 70 72
0 72 72
0 69 72
0 70 72
0 65 72
0 70 72
0 73 72
0 77 72
0 78 72
0 77 72
0 75 72
0 73 72
0 72 72
0 70 72
0 68 72
0 66 72
0 65 72
0 63 72
0 61 72
0 60 72
0 58 72
0 56 72
0 54 72
0 53 72
0 51 72
0 49 72
0 48 72
0 46 72
0 48 72
0 49 72
0 46 72
0 46 144
0 47 144
0 48 72
0 48 72
72 60 72
72 60 72
72 60 72
72 60 72
72 60 72
72 60 72
72 60 72
72 60 72
72 60 72
72 60 72
72 60 72
72 60 72
72 60 72
72 60 72
72 60 72
72 72 72
72 72 72
72 72 72
72 72 72
72 72 72
72 72 72
72 72 72
72 72 72
72 84 72
72 84 72
72 84 72
72 84 72
72 84 72
72 84 72
72 84 72
72 84 72
651 61 72
0 66 72
0 70 72
0 73 72
289 73 72
0 78 72
0 82 72
0 85 144
1013 64 72
289 64 72
0 67 72
0 70 72
0 76 72
289 76 72
0 79 72
0 82 72
0 88 144
1157 61 72
0 64 72
0 67 144
723 58 72
0 61 72
0 64 72
0 67 72
0 70 144
723 61 72
0 64 72
0 67 72
0 70 72
0 73 144
723 64 72
0 67 72
0 70 72
0 73 72
0 76 144
1013 61 144
0 64 144
0 67 144
0 70 144
0 73 144
0 76 144
0 79 144
0 82 144
0 85 144
0 88 144
0 91 144
0 94 144
0 91 144
0 88 144
0 85 144
0 82 144
0 79 144
0 76 144
0 73 144
0 70 144
0 67 144
0 64 144
0 61 144
5355 55 434
144 67 434
144 88 434
796 48 72
0 53 72
0 56 72
0 60 72
0 61 72
0 60 72
0 58 72
0 56 72
0 58 72
0 56 72
0 55 72
0 53 72
0 55 72
0 56 72
0 53 72
72 48 72
0 53 72
0 56 72
0 60 72
0 61 72
0 60 72
0 58 72
0 56 72
0 58 72
0 56 72
0 55 72
0 53 72
0 55 72
0 56 72
0 53 72
72 49 72
0 54 72
0 58 72
0 61 72
0 63 72
0 61 72
0 60 72
0 58 72
0 60 72
0 58 72
0 56 72
0 54 72
0 56 72
0 54 72
0 53 72
0 52 72
0 53 72
0 55 72
0 52 72
0 53 72
0 55 72
0 56 72
0 53 72
0 55 72
0 56 72
0 58 72
0 55 72
0 52 72
0 53 72
0 55 72
0 52 72
0 53 289
144 64 72
72 65 72
72 67 72
72 68 72
72 65 72
506 76 72
72 77 72
72 67 72
72 68 72
72 65 72
506 65 144
0 66 144
0 70 144
0 73 72
72 73 72
72 73 289
0 84 578
0 64 289
0 77 72
0 60 72
0 65 72
0 68 72
0 72 72
0 60 72
0 65 72
0 68 72
72 60 72
0 65 72
0 68 72
0 72 72
0 60 72
0 65 72
0 68 72
72 59 72
0 62 72
0 68 72
0 71 144
0 62 72
0 68 72
0 71 144
0 64 72
0 67 72
0 72 144
0 64 72
0 67 72
72 60 72
0 64 72
0 67 72
0 72 72
0 60 72
0 64 72
0 67 72
72 60 72
0 64 72
0 67 72
0 72 72
0 60 72
0 64 72
0 67 72
72 60 72
0 64 72
0 67 72
0 72 144
0 64 72
0 67 72
0 72 144
0 64 72
0 67 72
0 72 144
0 65 72
0 68 72
72 65 72
0 69 72
0 72 72
0 77 72
0 65 72
0 69 72
0 72 72
72 65 72
0 69 72
0 72 72
0 77 72
0 65 72
0 69 72
0 72 72
72 65 72
0 69 72
0 72 72
0 77 144
0 69 72
0 72 72
0 69 72
0 77 72
0 65 72
0 77 72
0 65 72
0 77 72
0 73 72
0 77 72
72 60 72
0 65 72
0 68 72
0 72 144
0 65 72
0 68 72
0 72 144
0 67 72
0 70 72
0 72 144
0 64 72
0 67 72
0 60 289
217 80 72
0 80 289
217 80 72
0 80 578
0 79 144
940 82 72
0 82 289
217 82 72
0 82 578
0 80 144
940 87 72
0 87 289
217 87 72
0 87 723
0 85 144
0 84 144
0 82 144
0 80 289
217 89 72
0 91 289
217 88 72
0 89 72
0 72 72
0 77 72
0 80 72
0 84 72
0 85 72
0 84 72
0 82 72
0 80 72
0 82 72
0 80 72
0 79 72
0 77 72
0 79 72
0 80 72
0 77 72
72 72 72
0 77 72
0 80 72
0 84 72
0 85 72
0 84 72
0 82 72
0 80 72
0 82 72
0 80 72
0 79 72
0 77 72
0 79 72
0 80 72
0 77 72
72 78 72
0 84 72
0 87 72
0 90 72
0 92 72
0 90 72
0 89 72
0 87 72
0 89 72
0 87 72
0 85 72
0 84 72
0 85 72
0 87 72
0 84 72
72 78 72
0 84 72
0 87 72
0 90 72
0 92 72
0 90 72
0 89 72
0 87 72
0 89 72
0 87 72
0 85 72
0 84 72
0 82 72
0 80 72
0 78 72
0 77 72
0 80 72
0 85 72
0 89 72
0 92 72
0 94 72
0 92 72
0 90 72
0 89 72
0 90 72
0 89 72
0 87 72
0 85 72
0 87 72
0 89 72
0 85 72
72 80 72
0 85 72
0 89 72
0 92 72
0 94 72
0 92 72
0 90 72
0 89 72
0 90 72
0 92 72
0 90 72
0 89 72
0 90 72
0 92 72
0 89 72
72 90 72
0 92 72
0 90 72
0 92 72
0 90 72
0 89 72
0 90 72
72 88 72
0 89 72
0 88 72
72 89 72
0 91 72
0 89 72
72 90 72
0 92 72
0 90 72
0 92 72
0 90 72
0 89 72
0 90 72
72 88 72
0 89 72
0 88 72
72 89 72
0 91 72
0 89 72
72 90 72
0 92 72
0 90 72
0 92 72
0 90 72
0 89 72
0 91 72
72 88 72
0 89 72
0 88 72
72 85 72
0 87 72
0 85 72
72 84 72
0 85 72
0 84 72
72 83 72
0 84 72
0 83 72
72 82 72
0 84 72
0 82 72
72 80 72
0 82 72
0 80 72
72 80 72
0 82 72
0 80 72
72 79 72
0 80 72
0 79 72
72 77 72
0 79 72
0 77 72
72 76 72
0 77 72
0 76 72
72 61 72
0 73 72
0 61 72
0 73 72
0 61 72
0 73 72
0 61 72
72 61 72
0 73 72
0 72 72
0 70 72
0 68 72
0 67 72
0 65 72
72 73 72
0 85 72
0 73 72
0 85 72
0 73 72
0 85 72
0 73 72
72 73 72
0 85 72
0 84 72
0 82 72
0 80 72
0 79 72
0 77 72
72 61 72
0 73 72
0 61 72
0 73 72
0 61 72
0 73 72
0 61 72
72 73 72
0 61 72
0 73 72
72 85 72
0 73 72
0 85 72
72 84 72
0 72 72
0 84 72
72 83 72
0 71 72
0 83 72
72 82 72
0 70 72
0 82 72
72 80 72
0 68 72
0 80 72
72 80 72
0 74 72
0 80 72
72 79 72
0 74 72
0 79 72
72 77 72
0 68 72
0 77 72
72 76 72
0 67 72
0 76 72
0 65 72
0 60 72
0 65 72
0 68 72
0 72 72
0 73 72
0 72 72
0 70 72
0 68 72
0 70 72
0 68 72
0 67 72
0 65 72
0 63 72
0 61 72
0 60 72
0 58 72
0 56 72
0 54 72
0 53 72
0 52 144
0 48 108
36 48 108
36 48 108
36 48 108
36 48 108
36 48 72
0 72 72
0 77 72
0 80 72
0 84 72
0 85 72
0 84 72
0 82 72
0 80 72
0 82 72
0 80 72
0 79 72
0 77 72
0 75 72
0 73 72
0 72 72
0 70 72
0 68 72
0 67 72
0 65 72
0 64 144
0 60 108
36 60 108
36 60 108
36 60 108
36 60 108
36 60 144
289 72 108
36 72 108
36 72 108
36 72 108
36 72 108
36 72 108
325 60 108
36 60 108
36 60 108
36 60 108
36 60 108
36 60 108
36 72 108
36 72 108
36 72 108
36 72 108
36 72 108
36 72 108
36 72 108
36 72 72
0 57 72
0 60 72
0 63 72
0 66 72
0 69 72
0 72 72
0 75 72
0 78 72
0 81 72
0 84 72
0 87 72
0 90 72
0 87 72
0 84 72
0 81 72
0 78 72
0 75 72
0 72 72
0 69 72
0 66 72
0 63 72
0 60 72
1881 57 72
0 60 72
0 63 72
0 66 72
0 68 72
0 66 72
0 65 72
0 63 72
0 65 72
0 63 72
0 61 72
0 60 72
0 61 72
0 63 72
0 60 72
72 57 72
0 60 72
0 63 72
0 66 72
0 68 72
0 66 72
0 65 72
0 63 72
0 65 72
0 63 72
0 61 72
0 60 72
0 61 72
0 63 72
0 60 72
72 57 72
0 60 72
0 63 72
0 66 72
0 68 72
0 66 72
0 65 72
0 63 144
0 63 72
0 65 72
0 66 72
0 68 72
0 66 72
0 65 72
0 63 144
0 63 72
0 65 72
0 66 72
0 68 72
0 66 72
0 65 72
0 63 144
0 66 144
0 65 144
0 69 144
0 82 72
0 65 72
0 70 72
0 73 72
0 77 72
0 78 72
0 77 72
0 75 72
0 73 72
0 75 72
0 73 72
0 72 72
0 70 72
0 72 72
0 73 72
0 70 72
72 65 72
0 70 72
0 73 72
0 77 72
0 78 72
0 77 72
0 75 72
0 73 72
0 75 72
0 73 72
0 72 72
0 70 72
0 72 72
0 73 72
0 70 72
72 66 72
0 71 72
0 75 72
0 78 72
0 80 72
0 78 72
0 77 72
0 75 72
0 77 72
0 75 72
0 73 72
0 71 72
0 73 72
0 75 72
0 71 72
0 70 72
0 72 72
0 70 72
0 69 72
0 70 72
0 72 72
0 73 72
0 70 72
0 69 72
0 70 72
0 69 72
0 67 72
0 69 72
0 70 72
0 72 72
0 69 72
0 70 144
0 70 72
0 73 72
0 77 72
0 78 72
0 77 72
0 75 72
0 73 72
0 75 72
0 73 72
0 72 72
0 82 72
0 72 72
0 73 72
0 70 72
0 81 144
0 70 72
0 73 72
0 82 72
0 78 72
0 77 72
0 75 72
0 73 72
0 75 72
0 73 72
0 72 72
0 82 72
0 72 72
0 73 72
0 70 72
0 71 72
0 78 72
0 83 72
0 87 72
0 90 72
0 92 72
0 90 72
0 89 72
0 87 72
0 89 72
0 87 72
0 85 72
0 83 72
0 85 72
0 83 72
0 82 72
0 81 72
0 84 72
0 87 72
0 85 72
0 84 72
0 85 72
0 84 72
0 82 72
0 81 72
0 82 72
0 81 72
0 78 72
0 77 72
0 75 72
0 73 72
0 72 72
0 70 72
72 77 289
0 77 72
72 77 72
72 78 289
0 78 72
72 78 72
72 77 289
0 77 72
72 77 72
72 72 72
72 73 72
72 75 72
72 73 72
72 89 289
0 89 72
72 89 72
72 90 289
0 90 72
72 90 72
72 89 289
0 89 72
72 89 72
72 84 72
72 85 72
72 87 72
72 85 72
72 72 289
0 72 72
72 72 72
72 71 289
0 71 72
72 71 72
72 72 289
0 72 72
72 72 72
72 67 72
72 68 72
72 70 72
72 68 72
72 84 289
0 84 72
72 84 72
72 83 289
0 83 72
72 83 72
72 84 289
0 84 72
72 84 72
72 79 72
72 80 72
72 82 72
72 80 72
0 60 72
0 65 72
0 68 72
0 72 72
0 73 72
0 72 72
0 70 72
0 68 72
0 70 72
0 68 72
0 67 72
0 65 72
0 67 72
0 68 72
0 65 72
0 66 72
0 61 72
0 66 72
0 70 72
0 73 72
0 75 72
0 73 72
0 72 72
0 70 72
0 72 72
0 70 72
0 68 72
0 66 72
0 68 72
0 70 72
0 66 72
0 69 72
0 63 72
0 69 72
0 72 72
0 75 72
0 77 72
0 75 72
0 73 72
0 72 72
0 73 72
0 72 72
0 70 72
0 69 72
0 70 72
0 72 72
0 69 72
0 70 72
0 65 72
0 70 72
0 73 72
0 77 72
0 78 72
0 77 72
0 75 72
0 73 72
0 72 72
0 70 72
0 68 72
0 66 72
0 65 72
0 63 72
0 61 72
0 60 72
0 58 72
0 56 72
0 54 72
0 53 72
0 51 72
0 49 72
0 48 72
0 46 72
0 48 72
0 49 72
0 46 72
0 46 144
0 47 144
0 48 72
0 48 72
72 60 72
72 60 72
72 60 72
72 60 72
72 60 72
72 60 72
72 60 72
72 60 72
72 60 72
72 60 72
72 60 72
72 60 72
72 60 72
72 60 72
72 60 72
72 72 72
72 72 72
72 72 72
72 72 72
72 72 72
72 72 72
72 72 72
72 72 72
72 84 72
72 84 72
72 84 72
72 84 72
72 84 72
72 84 72
72 84 72
72 84 72
651 61 72
0 66 72
0 70 72
0 73 72
289 73 72
0 78 72
0 82 72
0 85 144
1013 64 72
289 64 72
0 67 72
0 70 72
0 76 72
289 76 72
0 79 72
0 82 72
0 88 144
1157 61 72
0 64 72
0 67 144
723 58 72
0 61 72
0 64 72
0 67 72
0 70 144
723 61 72
0 64 72
0 67 72
0 70 72
0 73 144
723 64 72
0 67 72
0 70 72
0 73 72
0 76 144
1013 61 144
0 64 144
0 67 144
0 70 144
0 73 144
0 76 144
0 79 144
0 82 144
0 85 144
0 88 144
0 91 144
0 94 144
0 91 144
0 88 144
0 85 144
0 82 144
0 79 144
0 76 144
0 73 144
0 70 144
0 67 144
0 64 144
0 61 144
5355 55 434
144 67 434
144 88 434
796 48 72
0 53 72
0 56 72
0 60 72
0 61 72
0 60 72
0 58 72
0 56 72
0 58 72
0 56 72
0 55 72
0 53 72
0 55 72
0 56 72
0 53 72
72 48 72
0 53 72
0 56 72
0 60 72
0 61 72
0 60 72
0 58 72
0 56 72
0 58 72
0 56 72
0 55 72
0 53 72
0 55 72
0 56 72
0 53 72
72 49 72
0 54 72
0 58 72
0 61 72
0 63 72
0 61 72
0 60 72
0 58 72
0 60 72
0 58 72
0 56 72
0 54 72
0 56 72
0 54 72
0 53 72
0 52 72
0 53 72
0 55 72
0 52 72
0 53 72
0 55 72
0 56 72
0 53 72
0 55 72
0 56 72
0 58 72
0 55 72
0 52 72
0 53 72
0 55 72
0 52 72
0 53 289
144 64 72
72 65 72
72 67 72
72 68 72
72 65 72
506 76 72
72 77 72
72 67 72
72 68 72
72 65 72
506 65 144
0 66 144
0 70 144
0 73 72
72 73 72
72 73 289
0 84 578
0 64 289
0 77 72
0 60 72
0 65 72
0 68 72
0 72 72
0 60 72
0 65 72
0 68 72
72 60 72
0 65 72
0 68 72
0 72 72
0 60 72
0 65 72
0 68 72
72 59 72
0 62 72
0 68 72
0 71 144
0 62 72
0 68 72
0 71 144
0 64 72
0 67 72
0 72 144
0 64 72
0 67 72
72 60 72
0 64 72
0 67 72
0 72 72
0 60 72
0 64 72
0 67 72
72 60 72
0 64 72
0 67 72
0 72 72
0 60 72
0 64 72
0 67 72
72 60 72
0 64 72
0 67 72
0 72 144
0 64 72
0 67 72
0 72 144
0 64 72
0 67 72
0 72 144
0 65 72
0 68 72
72 65 72
0 69 72
0 72 72
0 77 72
0 65 72
0 69 72
0 72 72
72 65 72
0 69 72
0 72 72
0 77 72
0 65 72
0 69 72
0 72 72
72 65 72
0 69 72
0 72 72
0 77 144
0 69 72
0 72 72
0 69 72
0 77 72
0 65 72
0 77 72
0 65 72
0 77 72
0 73 72
0 77 72
72 60 72
0 65 72
0 68 72
0 72 144
0 65 72
0 68 72
0 72 144
0 67 72
0 70 72
0 72 144
0 64 72
0 67 72
0 60 289
217 80 72
0 80 289
217 80 72
0 80 578
0 79 144
940 82 72
0 82 289
217 82 72
0 82 578
0 80 144
940 87 72
0 87 289
217 87 72
0 87 723
0 85 144
0 84 144
0 82 144
0 80 289
217 89 72
0 91 289
217 88 72
0 89 72
0 72 72
0 77 72
0 80 72
0 84 72
0 85 72
0 84 72
0 82 72
0 80 72
0 82 72
0 80 72
0 79 72
0 77 72
0 79 72
0 80 72
0 77 72
72 72 72
0 77 72
0 80 72
0 84 72
0 85 72
0 84 72
0 82 72
0 80 72
0 82 72
0 80 72
0 79 72
0 77 72
0 79 70
0 80 70
0 77 70
70 78 70
0 84 70
0 87 70
0 90 70
0 92 70
0 90 70
0 89 70
0 87 70
0 89 70
0 87 70
0 85 70
0 84 70
0 85 70
0 87 70
0 84 70
70 78 70
0 84 70
0 87 70
0 90 70
0 92 70
0 90 70
0 89 70
0 87 70
0 89 70
0 87 70
0 85 70
0 84 70
0 82 70
0 80 70
0 78 70
0 77 70
0 80 70
0 85 70
0 89 70
0 92 70
0 94 70
0 92 70
0 90 70
0 89 70
0 90 70
0 89 70
0 87 70
0 85 70
0 87 70
0 89 70
0 85 70
70 80 70
0 85 70
0 89 70
0 92 70
0 94 70
0 92 70
0 90 70
0 89 70
0 90 70
0 92 70
0 90 70
0 89 70
0 90 70
0 92 70
0 89 70
70 90 70
0 92 70
0 90 70
0 92 70
0 90 70
0 89 70
0 90 70
70 88 70
0 89 70
0 88 70
70 89 70
0 91 70
0 89 70
70 90 70
0 92 70
0 90 70
0 92 70
0 90 70
0 89 70
0 90 70
70 88 70
0 89 70
0 88 70
70 89 70
0 91 70
0 89 70
70 90 70
0 92 70
0 90 70
0 92 70
0 90 70
0 89 70
0 91 70
70 88 70
0 89 70
0 88 70
70 85 70
0 87 70
0 85 70
70 84 70
0 85 70
0 84 70
70 83 70
0 84 70
0 83 70
70 82 70
0 84 70
0 82 70
70 80 70
0 82 70
0 80 70
70 80 70
0 82 70
0 80 70
70 79 70
0 80 70
0 79 70
70 77 70
0 79 70
0 77 70
70 76 70
0 77 70
0 76 70
70 61 70
0 73 70
0 61 70
0 73 70
0 61 70
0 73 70
0 61 70
70 61 70
0 73 70
0 72 70
0 70 70
0 68 70
0 67 70
0 65 70
70 73 70
0 85 70
0 73 70
0 85 70
0 73 70
0 85 70
0 73 70
70 73 70
0 85 70
0 84 70
0 82 70
0 80 70
0 79 70
0 77 70
70 61 70
0 73 70
0 61 70
0 73 70
0 61 70
0 73 70
0 61 70
70 73 70
0 61 70
0 73 70
70 85 70
0 73 70
0 85 70
70 84 70
0 72 70
0 84 70
70 83 70
0 71 70
0 83 70
70 82 70
0 70 70
0 82 70
70 80 70
0 68 70
0 80 70
70 80 70
0 74 70
0 80 70
70 79 70
0 74 70
0 79 70
70 77 70
0 68 70
0 77 70
70 76 70
0 67 70
0 76 70
0 65 70
0 60 70
0 65 70
0 68 70
0 72 70
0 73 70
0 72 70
0 70 70
0 68 70
0 70 70
0 68 70
0 67 70
0 65 70
0 63 70
0 61 70
0 60 70
0 58 70
0 56 70
0 54 70
0 53 70
0 52 140
0 48 105
35 48 105
35 48 105
35 48 105
35 48 105
35 48 70
0 72 70
0 77 70
0 80 70
0 84 70
0 85 70
0 84 70
0 82 70
0 80 70
0 82 70
0 80 70
0 79 70
0 77 70
0 75 70
0 73 70
0 72 70
0 70 70
0 68 70
0 67 70
0 65 70
0 64 140
0 60 105
35 60 105
35 60 105
35 60 105
35 60 105
35 60 140
280 72 105
35 72 105
35 72 105
35 72 105
35 72 105
35 72 105
315 60 105
35 60 105
35 60 105
35 60 105
35 60 105
35 60 70
0 67 70
0 68 70
0 70 70
0 72 70
0 74 70
0 76 70
0 77 70
0 79 70
0 77 70
0 76 70
0 73 70
0 72 70
0 70 70
0 68 70
0 67 70
0 65 70
0 67 70
0 68 70
0 70 70
0 72 70
0 74 70
0 76 70
0 77 70
0 79 70
0 77 70
0 76 70
0 73 70
0 72 70
0 70 70
0 68 70
0 67 70
0 65 70
0 67 70
0 68 70
0 70 70
0 72 70
0 74 70
0 76 70
0 77 70
0 79 70
0 78 70
0 79 70
0 78 70
0 79 70
0 78 70
0 79 70
0 78 70
0 79 70
0 78 70
0 79 70
0 78 70
0 79 70
0 78 70
0 79 70
0 78 70
0 79 70
0 77 70
0 76 70
0 73 70
0 72 70
0 70 70
0 68 70
0 67 70
0 56 560
0 56 560
0 55 70
70 55 70
70 55 70
70 55 70
70 56 70
70 56 70
70 56 70
70 56 70
70 55 70
70 55 70
70 55 70
70 55 70
70 56 70
70 56 70
70 56 70
70 56 70
70 55 70
70 55 70
70 55 70
70 55 70
70 60 280
140 60 46
0 62 46
0 64 46
0 56 560
0 56 560
0 55 70
70 55 70
70 55 70
70 55 70
70 56 70
70 56 70
70 56 70
70 56 70
70 55 70
70 55 70
70 55 70
70 55 70
70 56 70
70 56 70
70 56 70
70 56 70
70 55 70
70 55 70
70 55 70
70 55 70
70 60 280
140 63 46
0 65 46
0 67 46
0 60 560
0 60 560
0 58 70
70 58 70
70 58 70
70 58 70
70 60 70
70 60 70
70 60 70
70 60 70
70 58 70
70 58 70
70 58 70
70 58 70
70 60 70
70 60 70
70 60 70
70 60 70
70 60 70
70 60 70
70 60 70
70 60 70
70 61 70
70 61 70
70 61 70
70 61 70
70 60 70
70 60 70
70 60 70
70 60 70
70 65 280
140 63 46
0 65 46
0 67 46
0 60 560
0 60 560
0 58 70
70 58 70
70 58 70
70 58 70
70 60 70
70 60 70
70 60 70
70 60 70
70 58 70
70 58 70
70 58 70
70 58 70
70 60 70
70 60 70
70 60 70
70 60 70
70 60 70
70 60 70
70 60 70
70 60 70
70 61 70
70 61 70
70 61 70
70 61 70
70 60 70
70 60 70
70 60 70
70 60 70
70 65 70
0 60 70
0 65 70
0 68 70
0 72 70
0 73 70
0 72 70
0 70 70
0 68 70
0 70 70
0 68 70
0 67 70
0 65 70
0 67 70
0 68 70
0 65 70
0 68 70
0 60 70
0 65 70
0 68 70
0 72 70
0 73 70
0 72 70
0 70 70
0 68 70
0 70 70
0 68 70
0 67 70
0 65 70
0 67 70
0 68 70
0 65 70
0 66 70
0 61 70
0 66 70
0 70 70
0 73 70
0 75 70
0 73 70
0 72 70
0 70 70
0 72 70
0 70 70
0 68 70
0 66 70
0 68 70
0 66 70
0 65 70
0 64 70
0 65 70
0 67 70
0 68 70
0 70 70
0 68 70
0 67 70
0 65 70
0 64 70
0 65 70
0 67 70
0 68 70
0 70 70
0 72 70
0 74 70
0 76 70
0 77 70
0 72 70
0 77 70
0 80 70
0 84 70
0 85 70
0 84 70
0 82 70
0 80 70
0 82 70
0 80 70
0 79 70
0 77 70
0 79 70
0 80 70
0 77 70
0 80 70
0 72 70
0 77 70
0 80 70
0 84 70
0 85 70
0 84 70
0 82 70
0 80 70
0 82 70
0 80 70
0 79 70
0 77 70
0 79 70
0 80 70
0 77 70
0 78 70
0 73 70
0 78 70
0 82 70
0 85 70
0 87 70
0 85 70
0 84 70
0 82 70
0 84 70
0 82 70
0 80 70
0 78 70
0 80 70
0 78 70
0 77 70
0 76 70
0 77 70
0 79 70
0 80 70
0 82 70
0 80 70
0 79 70
0 77 70
0 76 70
0 77 70
0 79 70
0 80 70
0 82 70
0 84 70
0 86 70
0 88 70
0 89 70
0 80 70
0 84 70
0 89 70
0 92 350
0 84 70
0 89 70
0 92 70
0 96 70
0 92 70
0 91 70
0 88 70
0 89 70
0 80 70
0 84 70
0 89 70
0 92 350
0 84 70
0 89 70
0 92 70
0 96 70
0 92 70
0 91 70
0 88 70
0 89 70
0 80 70
0 84 70
0 89 70
0 92 350
0 84 70
0 89 70
0 92 70
0 96 70
0 92 70
0 91 70
0 88 70
0 89 70
0 80 70
0 84 70
0 89 70
0 92 350
0 84 70
0 89 70
0 92 70
0 96 70
0 92 70
0 91 70
0 88 70
0 89 70
0 84 70
0 89 70
0 92 70
0 96 70
0 92 70
0 91 70
0 88 70
0 89 70
0 84 70
0 89 70
0 92 70
0 96 70
0 92 70
0 91 70
0 88 70
0 89 70
0 84 70
0 89 70
0 92 70
0 96 70
0 92 70
0 91 70
0 88 70
0 96 70
0 92 70
0 91 70
0 88 70
0 96 70
0 92 70
0 91 70
0 88 70
0 96 70
0 92 70
0 89 70
0 84 70
0 92 70
0 89 70
0 84 70
0 80 70
0 89 70
0 84 70
0 80 70
0 77 70
0 84 70
0 80 70
0 77 70
0 72 70
0 80 70
0 77 70
0 72 70
0 68 70
0 77 70
0 72 70
0 68 70
0 65 70
0 72 70
0 68 70
0 65 70
0 60 70
0 68 70
0 65 70
0 60 70
0 56 70
0 65 70
0 60 70
0 56 70
0 53 70
0 60 70
0 56 70
0 53 70
0 48 70
0 56 70
0 53 70
0 48 70
0 44 70
0 53 70
0 48 70
0 44 70
0 48 70
0 41 140
420 65 140
420 53 140
