803 74 73
0 77 109
36 74 27
45 86 27
45 77 73
73 74 73
584 82 73
0 77 109
36 82 27
45 77 27
45 89 73
73 74 73
219 70 73
0 72 73
0 74 292
0 69 146
0 68 73
0 74 73
0 75 146
0 69 146
0 70 146
0 67 73
0 75 73
0 65 146
0 70 73
0 79 73
0 67 73
0 75 73
0 69 73
0 77 73
0 70 73
0 74 73
0 72 73
0 75 73
0 69 146
0 82 73
0 84 73
0 86 292
0 81 146
0 84 73
0 86 73
0 79 146
0 81 146
0 86 146
0 79 73
0 87 73
0 89 146
0 82 73
0 91 73
0 89 73
0 87 73
0 81 73
0 89 73
0 87 73
0 86 73
0 82 73
0 87 73
0 86 73
0 84 73
0 86 73
0 87 73
0 77 73
0 89 73
0 91 73
0 89 73
0 89 73
0 87 73
0 81 73
0 87 73
0 87 73
0 86 73
0 87 73
0 86 71
1 86 73
0 84 73
0 86 73
0 87 73
0 91 73
0 89 73
0 82 146
0 87 73
0 92 73
0 84 73
0 93 73
0 82 73
0 94 73
0 82 73
0 91 73
0 89 73
73 89 73
73 82 292
0 70 292
0 77 36
109 82 36
109 74 36
109 72 36
109 87 292
0 84 292
0 87 36
109 73 36
109 78 36
109 77 36
109 89 292
0 86 292
0 80 36
109 74 36
109 80 36
109 79 36
109 91 292
0 87 292
0 79 36
109 76 36
109 82 36
109 89 36
109 92 36
109 78 36
109 92 36
109 82 36
109 82 36
109 80 36
109 82 36
109 93 36
109 84 73
73 82 73
73 79 73
73 89 73
73 87 73
73 86 73
73 84 73
73 70 73
73 67 73
73 65 73
73 75 73
73 62 73
73 72 73
73 70 73
73 67 73
73 65 73
73 69 146
0 65 146
0 72 146
0 65 146
0 77 146
0 65 146
0 81 146
0 65 146
0 84 146
0 65 146
0 89 146
0 65 146
0 89 146
0 65 146
0 89 146
365 82 73
0 74 146
0 74 27
45 77 27
45 86 73
73 70 73
584 82 72
0 74 4
0 74 141
0 78 27
45 86 27
45 81 73
73 81 73
511 66 73
219 74 73
219 69 73
219 66 73
219 74 73
219 69 73
219 81 73
219 84 73
219 78 73
219 93 73
219 84 73
219 96 73
73 93 73
73 84 73
0 83 73
0 84 146
0 66 73
0 70 73
0 69 146
0 81 73
0 83 73
0 84 146
0 90 73
0 93 73
0 96 73
0 98 73
0 96 73
0 95 73
0 96 73
0 98 73
0 100 73
0 96 73
0 93 73
0 95 73
0 96 73
0 93 73
0 90 73
0 91 73
0 93 73
0 90 73
0 84 73
0 86 73
0 88 73
0 84 73
0 81 73
0 83 73
0 84 73
0 81 73
0 78 73
0 79 73
0 81 73
0 78 73
0 74 146
146 95 73
0 96 73
0 95 73
0 93 73
0 95 73
0 96 73
0 98 73
0 95 73
0 91 73
0 93 73
0 95 73
0 91 73
0 86 73
0 90 73
0 91 73
0 86 73
0 83 73
0 84 73
0 86 73
0 83 73
0 79 73
0 81 73
0 83 73
0 79 73
0 74 73
0 78 73
0 79 73
0 71 71
1 67 73
0 69 73
0 71 71
1 67 73
0 62 146
0 88 73
0 86 73
0 88 73
0 86 73
0 84 73
0 88 73
0 84 73
0 83 73
0 81 73
0 84 73
0 81 73
0 79 73
0 78 73
0 81 73
0 76 73
0 74 73
0 72 73
0 76 73
0 72 73
0 71 73
0 69 73
0 72 73
0 69 73
0 67 73
0 66 73
0 69 73
0 72 73
0 71 73
0 69 73
0 72 73
0 62 146
0 98 73
0 96 73
0 98 73
0 96 73
0 95 73
0 98 73
0 95 73
0 93 73
0 91 73
0 95 73
0 83 73
0 81 73
0 79 73
0 83 73
0 74 73
0 72 73
0 71 73
0 74 73
0 83 73
0 81 73
0 79 73
0 83 73
0 86 73
0 84 73
0 83 73
0 84 73
0 88 146
0 90 146
0 91 146
584 69 146
0 67 73
73 91 73
0 90 73
0 91 146
0 83 146
0 86 146
0 85 146
0 79 146
0 78 144
1 86 146
0 79 73
0 84 73
0 83 146
0 79 73
73 88 73
73 96 73
0 93 73
0 90 146
0 86 146
0 95 73
73 91 73
0 90 73
0 91 146
0 88 146
0 84 146
0 78 146
0 83 146
0 81 73
0 79 71
1 79 146
0 88 146
0 81 146
0 79 73
0 77 73
0 77 146
0 77 146
0 79 146
0 77 73
0 76 71
1 76 146
0 85 146
0 78 146
0 76 73
0 75 73
0 74 146
0 77 146
0 74 73
0 76 73
0 73 73
0 81 73
0 72 73
0 74 73
0 71 73
0 79 73
0 74 73
0 86 73
0 85 73
0 84 73
0 81 73
0 78 73
0 75 73
0 74 73
0 73 73
0 72 73
0 69 73
0 66 73
0 63 73
0 62 73
0 76 73
0 74 73
0 74 73
0 86 73
0 85 73
0 84 73
0 81 73
0 78 73
0 75 73
0 74 73
0 73 73
0 72 73
0 69 73
0 66 73
0 67 73
0 62 73
0 76 73
0 74 73
0 74 73
0 71 73
0 83 73
0 72 73
0 71 73
0 75 73
0 76 73
0 71 73
0 70 73
0 75 73
0 76 73
0 70 73
0 69 73
0 73 73
0 74 73
0 86 73
0 86 73
0 98 73
0 97 73
0 96 73
0 93 73
0 90 73
0 87 73
0 86 73
0 85 73
0 84 73
0 81 73
0 78 73
0 75 73
0 74 73
0 79 73
0 86 73
0 86 73
0 98 73
0 97 73
0 96 73
0 93 73
0 90 73
0 87 73
0 86 73
0 85 73
0 84 73
0 81 73
0 78 73
0 79 73
0 74 73
0 79 73
0 86 73
0 86 73
0 79 73
0 74 73
0 81 73
0 71 73
0 75 73
0 76 73
0 71 73
0 70 73
0 75 73
0 76 73
0 70 73
0 69 73
0 74 73
0 79 73
0 72 73
0 79 73
0 76 73
0 88 73
0 77 73
0 76 73
0 80 73
0 81 73
0 75 73
0 75 73
0 80 73
0 81 73
0 75 73
0 74 73
0 79 73
0 84 73
0 77 73
0 84 73
0 81 73
0 84 73
0 82 73
0 89 73
0 77 73
0 80 73
0 79 73
0 80 73
0 85 73
0 86 73
0 80 73
0 79 73
0 83 73
0 84 73
0 79 73
0 84 146
0 76 146
0 83 146
0 84 73
0 89 73
0 88 73
73 84 73
511 79 146
0 86 146
0 88 73
0 86 73
0 88 73
73 88 146
146 88 146
146 91 146
146 79 146
0 91 292
0 79 438
0 74 146
0 74 73
0 78 73
0 79 73
0 83 73
0 85 73
0 86 73
0 88 73
0 86 73
0 90 73
0 91 73
0 93 73
0 91 73
0 94 73
0 95 73
0 96 73
0 95 73
0 98 146
0 84 146
0 74 584
0 84 292
0 84 292
0 91 292
0 83 292
0 84 292
0 84 292
0 79 292
0 83 292
0 86 292
0 81 219
0 81 73
0 83 49
0 81 48
0 79 48
0 81 48
0 79 48
0 81 48
0 81 47
0 81 48
0 79 96
0 79 48
0 81 47
0 84 1
0 84 47
0 81 48
0 79 96
0 79 48
0 81 47
0 79 1
0 79 47
0 81 48
0 79 96
0 79 48
0 81 47
0 79 1
0 79 47
0 81 48
0 79 96
0 79 48
0 81 48
0 81 47
0 81 48
0 79 96
0 79 48
0 81 47
0 88 1
0 88 47
0 81 48
0 79 96
0 79 48
0 81 47
0 84 1
0 84 47
0 81 48
0 79 96
0 79 48
0 81 47
0 79 1
0 79 47
0 81 48
0 79 48
0 83 48
0 79 48
0 81 48
0 81 47
0 81 48
0 79 48
0 86 48
0 79 48
0 81 47
0 86 1
0 86 47
0 88 48
0 86 96
0 86 48
0 88 47
0 86 1
0 86 47
0 88 48
0 86 49
0 86 71
0 86 73
0 89 73
73 86 292
0 86 73
73 89 73
73 86 73
73 98 73
73 95 73
73 88 73
73 83 73
73 96 73
73 84 73
73 81 73
73 91 73
73 90 73
73 84 73
73 91 73
73 83 73
73 84 73
73 90 73
73 83 73
73 83 73
73 84 73
73 90 73
73 79 73
0 91 73
0 74 73
0 86 73
0 78 73
0 90 73
0 81 73
0 93 73
0 79 73
0 91 73
0 74 73
0 86 73
0 78 73
0 90 73
0 81 73
0 93 73
0 91 109
182 93 109
182 82 511
1168 58 73
0 70 219
0 70 73
0 70 146
949 77 73
0 86 109
36 74 27
45 74 27
45 77 73
73 70 73
584 77 73
0 89 109
36 82 27
45 82 27
45 89 73
73 86 73
219 70 73
0 72 73
0 74 292
0 72 146
0 72 73
0 74 73
0 67 146
0 69 146
0 70 146
0 67 73
0 75 73
0 77 146
0 70 73
0 79 73
0 67 73
0 75 73
0 69 73
0 77 73
0 75 73
0 74 73
0 72 73
0 75 73
0 69 146
0 82 73
0 84 73
0 86 292
0 81 146
0 80 73
0 86 73
0 79 146
0 81 146
0 82 146
0 86 73
0 87 73
0 77 146
0 82 73
0 91 73
0 79 73
0 87 73
0 81 73
0 89 73
0 87 73
0 86 73
0 82 73
0 87 73
0 86 73
0 84 73
0 77 73
0 87 73
0 91 73
0 89 73
0 82 73
0 89 71
0 89 1
0 79 73
0 87 73
0 89 73
0 87 73
0 77 73
0 86 73
0 82 73
0 86 71
1 86 73
0 84 73
0 86 73
0 87 73
0 82 73
0 89 73
0 82 146
0 87 73
0 92 73
0 87 73
0 93 73
0 86 73
0 94 73
0 93 73
0 91 73
0 89 73
73 93 73
73 94 292
0 74 292
0 74 36
109 82 36
109 77 36
109 72 36
109 75 292
0 84 292
0 87 36
109 73 36
109 87 36
109 86 36
109 89 292
0 74 292
0 80 36
109 86 36
109 89 36
109 87 36
109 79 292
0 75 292
0 82 36
109 82 36
109 78 36
109 82 36
109 80 36
109 78 36
109 80 36
109 91 36
109 91 36
109 92 36
109 82 36
109 93 36
109 84 73
73 94 73
73 91 73
73 77 73
73 75 73
73 86 73
73 72 73
73 82 73
73 79 73
73 77 73
73 63 73
73 62 73
73 60 73
73 70 73
73 67 73
73 65 73
73 69 146
0 65 146
0 72 146
0 65 146
0 77 146
0 65 146
0 81 146
0 65 146
0 84 146
0 65 146
0 89 146
0 65 146
0 89 146
0 65 146
0 89 146
365 82 73
0 82 146
0 82 27
45 82 27
45 82 73
73 82 73
584 77 72
0 86 4
0 86 141
0 81 27
45 86 27
45 81 73
73 86 73
511 66 73
219 66 73
219 69 73
219 66 73
219 74 73
219 69 73
219 69 73
219 78 73
219 84 73
219 84 73
219 93 73
219 84 73
73 93 73
73 84 73
0 80 73
0 81 146
0 66 73
0 70 73
0 69 146
0 84 73
0 80 73
0 81 146
0 90 73
0 93 73
0 96 73
0 98 73
0 96 73
0 95 73
0 96 73
0 98 73
0 100 73
0 96 73
0 93 73
0 95 73
0 96 73
0 93 73
0 90 73
0 91 73
0 93 73
0 90 73
0 84 73
0 86 73
0 88 73
0 84 73
0 81 73
0 83 73
0 84 73
0 81 73
0 78 73
0 79 73
0 81 73
0 78 73
0 72 146
146 95 73
0 96 73
0 95 73
0 93 73
0 95 73
0 96 73
0 98 73
0 95 73
0 91 73
0 93 73
0 95 73
0 91 73
0 86 73
0 90 73
0 91 73
0 86 73
0 83 73
0 84 73
0 86 73
0 83 73
0 79 73
0 81 73
0 83 73
0 79 73
0 74 73
0 78 73
0 79 73
0 71 73
0 67 73
0 69 73
0 71 71
1 67 73
0 66 146
0 88 73
0 86 73
0 88 73
0 86 73
0 84 73
0 88 73
0 84 73
0 83 73
0 81 73
0 84 73
0 81 73
0 79 73
0 78 73
0 81 73
0 76 73
0 74 73
0 72 73
0 76 73
0 72 73
0 71 73
0 69 73
0 72 73
0 69 73
0 67 73
0 66 73
0 69 73
0 72 73
0 71 73
0 69 73
0 72 73
0 62 146
0 98 73
0 96 73
0 98 73
0 96 73
0 95 73
0 98 73
0 95 73
0 93 73
0 91 73
0 95 73
0 83 73
0 81 73
0 79 73
0 83 73
0 74 73
0 72 73
0 71 73
0 74 73
0 83 73
0 81 73
0 79 73
0 83 73
0 86 73
0 84 73
0 83 73
0 84 73
0 88 146
0 86 146
0 79 146
584 69 146
0 67 73
73 91 73
0 90 73
0 83 146
0 79 146
0 81 146
0 79 146
0 88 146
0 86 144
1 78 146
0 79 73
0 81 73
0 83 146
0 91 73
73 88 73
73 96 73
0 88 73
0 90 146
0 86 146
0 95 73
73 91 73
0 90 73
0 91 146
0 88 146
0 84 146
0 78 146
0 78 146
0 81 73
0 79 71
1 79 146
0 82 146
0 81 146
0 79 73
0 77 73
0 77 146
0 77 146
0 79 146
0 77 73
0 76 71
1 76 146
0 79 146
0 78 146
0 76 73
0 75 73
0 74 146
0 77 146
0 77 73
0 76 73
0 73 73
0 81 73
0 75 73
0 74 73
0 71 73
0 79 73
0 74 73
0 86 73
0 85 73
0 84 73
0 81 73
0 78 73
0 75 73
0 74 73
0 73 73
0 72 73
0 69 73
0 66 73
0 67 73
0 62 73
0 67 73
0 74 73
0 74 73
0 86 73
0 85 73
0 84 73
0 81 73
0 78 73
0 75 73
0 74 73
0 73 73
0 72 73
0 69 73
0 66 73
0 67 73
0 62 73
0 67 73
0 74 73
0 74 73
0 71 73
0 83 73
0 72 73
0 71 73
0 75 73
0 76 73
0 71 73
0 70 73
0 75 73
0 76 73
0 70 73
0 69 73
0 73 73
0 74 73
0 86 73
0 86 73
0 98 73
0 97 73
0 96 73
0 93 73
0 90 73
0 87 73
0 86 73
0 85 73
0 84 73
0 81 73
0 78 73
0 75 73
0 74 73
0 79 73
0 86 73
0 86 73
0 98 73
0 97 73
0 96 73
0 93 73
0 90 73
0 87 73
0 86 73
0 85 73
0 84 73
0 81 73
0 78 73
0 75 73
0 74 73
0 88 73
0 86 73
0 86 73
0 79 73
0 74 73
0 72 73
0 79 73
0 75 73
0 76 73
0 71 73
0 70 73
0 75 73
0 76 73
0 70 73
0 78 73
0 74 73
0 79 73
0 72 73
0 79 73
0 76 73
0 79 73
0 86 73
0 84 73
0 80 73
0 81 73
0 75 73
0 75 73
0 80 73
0 81 73
0 75 73
0 83 73
0 79 73
0 72 73
0 77 73
0 84 73
0 81 73
0 93 73
0 91 73
0 89 73
0 77 73
0 80 73
0 79 73
0 80 73
0 85 73
0 86 73
0 80 73
0 79 73
0 83 73
0 84 73
0 79 73
0 84 146
0 76 146
0 83 146
0 84 73
0 89 73
0 91 73
73 84 73
511 88 146
0 83 146
0 88 73
0 86 73
0 91 73
73 91 146
146 85 146
146 91 146
146 79 146
0 91 292
0 86 438
0 74 146
0 74 73
0 78 73
0 79 73
0 83 73
0 85 73
0 86 73
0 88 73
0 86 73
0 90 73
0 91 73
0 93 73
0 91 73
0 94 73
0 95 73
0 96 73
0 95 73
0 98 146
0 81 146
0 83 584
0 84 292
0 84 292
0 91 292
0 83 292
0 84 292
0 79 292
0 82 292
0 83 292
0 78 292
0 84 219
0 78 73
0 79 49
0 81 48
0 79 48
0 81 48
0 79 48
0 81 48
0 81 47
0 81 48
0 79 96
0 79 48
0 81 47
0 84 1
0 84 47
0 81 48
0 79 96
0 79 48
0 81 47
0 79 1
0 79 47
0 81 48
0 79 96
0 79 48
0 81 47
0 91 1
0 91 47
0 81 48
0 79 96
0 79 48
0 81 48
0 81 47
0 81 48
0 79 96
0 79 48
0 81 47
0 88 1
0 88 47
0 81 48
0 79 96
0 79 48
0 81 47
0 79 1
0 79 47
0 81 48
0 79 96
0 79 48
0 81 47
0 82 1
0 82 47
0 81 48
0 79 48
0 83 48
0 79 48
0 81 48
0 81 47
0 81 48
0 79 48
0 86 48
0 79 48
0 81 47
0 86 1
0 86 47
0 88 48
0 86 96
0 86 48
0 88 47
0 86 1
0 86 47
0 88 48
0 86 49
0 86 71
0 86 73
0 86 73
73 89 292
0 86 73
73 86 73
73 96 73
73 89 73
73 88 73
73 84 73
73 88 73
73 84 73
73 84 73
73 91 73
73 85 73
73 81 73
73 81 73
73 79 73
73 86 73
73 90 73
73 84 73
73 79 73
73 74 73
73 84 73
73 90 73
73 79 73
0 91 73
0 74 73
0 86 73
0 78 73
0 90 73
0 81 73
0 93 73
0 79 73
0 91 73
0 74 73
0 86 73
0 78 73
0 90 73
0 81 73
0 93 73
0 79 109
182 81 109
182 83 584
0 83 109
182 84 109
182 86 584
0 74 36
109 86 292
0 79 73
73 83 73
73 84 73
73 74 73
73 79 73
73 79 36
109 79 292
0 77 73
73 75 73
73 77 73
73 87 73
73 84 73
73 80 36
109 80 292
0 79 73
73 86 73
73 87 73
73 80 73
73 86 73
73 91 109
182 92 109
182 94 584
0 67 109
182 68 109
182 70 511
1168 51 73
0 63 217
1 63 71
1 63 146
657 46 73
0 51 217
1 51 71
1 51 146
0 53 54
18 51 54
18 51 54
91 48 54
91 48 292
0 56 54
91 56 54
18 55 54
18 53 73
73 53 54
18 51 54
18 50 146
146 50 292
0 58 54
91 58 54
18 56 54
18 55 73
73 55 54
18 53 54
18 52 146
146 52 292
0 60 54
91 60 54
18 58 54
18 56 73
73 56 54
18 55 54
18 53 54
91 53 54
18 55 54
18 56 73
73 56 54
18 58 54
18 55 73
73 55 54
18 53 54
18 51 146
73 65 73
0 70 217
1 70 71
1 70 146
0 72 54
18 70 54
18 70 54
91 67 54
91 67 292
0 75 54
91 75 54
18 74 54
18 72 73
73 72 54
18 70 54
18 69 146
146 69 292
0 77 54
91 77 54
18 75 54
18 74 73
73 74 54
18 72 54
18 71 146
146 71 292
0 79 54
91 79 54
18 77 54
18 75 73
73 75 54
18 74 54
18 72 54
91 72 54
18 70 54
18 68 73
73 68 54
18 67 54
18 65 73
73 65 54
18 67 54
18 68 146
0 70 146
0 63 146
0 63 71
1 67 71
1 67 146
0 68 54
18 70 54
18 75 146
0 63 71
1 75 73
0 63 146
0 77 54
18 75 54
18 75 18
0 63 54
91 72 127
18 68 54
91 68 54
18 67 54
18 67 18
0 65 54
0 65 91
0 80 54
18 79 54
18 77 73
73 77 54
18 75 54
18 75 18
0 74 54
91 74 54
18 72 54
18 70 54
91 70 54
18 68 54
18 68 18
0 82 54
0 82 91
0 82 54
18 80 54
18 79 73
73 79 54
18 77 54
18 76 146
0 64 146
0 65 146
0 67 54
18 58 54
18 58 18
0 56 73
73 65 73
0 63 73
0 62 73
0 62 73
0 62 73
0 60 73
0 70 54
0 70 91
0 79 54
18 77 54
18 75 73
73 75 54
18 74 54
18 72 292
0 65 146
0 73 146
0 65 54
91 67 54
18 74 54
18 72 73
73 71 54
73 71 18
0 67 54
18 72 217
1 75 72
0 72 146
0 74 54
18 75 54
18 72 54
91 72 54
91 68 292
0 80 54
91 80 54
18 79 54
18 77 73
73 73 54
18 75 54
18 73 146
146 70 292
0 79 54
91 79 54
18 77 54
18 76 73
73 79 54
18 74 54
18 76 146
146 72 292
0 84 54
91 80 54
18 79 54
18 80 73
73 79 54
18 77 54
18 79 54
91 80 54
18 87 54
18 77 73
73 87 54
18 77 54
18 75 54
91 79 54
18 80 54
18 85 73
73 77 54
18 79 54
18 80 54
91 72 54
18 77 54
18 77 18
0 79 146
73 71 73
0 79 511
0 71 73
0 79 438
0 83 73
0 86 73
0 86 73
0 89 73
146 71 73
0 77 73
146 67 73
0 65 73
146 74 73
0 77 73
146 79 511
0 79 511
0 84 73
0 87 73
0 87 73
0 91 73
146 72 72
146 72 68
146 72 4
146 63 73
0 67 73
146 75 73
0 79 73
146 77 511
0 74 73
0 89 292
0 82 146
0 86 73
0 89 73
0 86 73
0 92 73
146 82 72
146 82 68
146 82 4
146 65 73
0 68 73
146 77 73
0 80 73
146 87 511
0 79 73
0 91 292
0 84 146
73 78 73
0 93 511
0 81 73
0 93 292
0 86 146
73 80 73
0 95 511
0 80 73
0 89 511
0 82 73
0 94 511
0 82 73
0 91 511
0 86 73
0 86 219
0 86 73
0 98 219
0 74 73
0 86 219
0 74 73
0 86 219
0 74 73
0 86 219
0 74 73
0 86 219
0 74 73
0 86 219
0 74 73
0 86 219
0 75 73
0 87 584
0 88 292
0 79 292
0 78 292
0 75 292
0 76 292
0 71 292
0 74 292
0 75 292
0 78 292
0 76 146
0 73 146
0 75 146
0 62 146
0 63 292
0 66 292
0 64 146
0 61 146
0 71 73
0 76 73
0 75 73
0 74 73
0 75 73
0 76 73
0 78 73
0 77 73
0 80 73
0 78 73
0 77 73
0 78 73
0 76 73
0 75 73
0 76 73
0 73 73
0 63 73
0 64 73
0 63 73
0 62 73
0 63 73
0 64 73
0 66 73
0 65 73
0 68 73
0 66 73
0 65 73
0 66 73
0 64 73
0 63 73
0 64 73
0 66 73
0 61 146
949 66 54
18 73 217
1 73 71
1 73 109
36 75 54
18 61 54
18 73 73
73 70 71
73 70 1
0 64 71
1 64 109
36 66 54
18 64 54
18 64 73
73 61 73
292 66 54
18 76 217
1 64 54
1 64 17
1 73 109
1 73 109
0 73 73
0 73 109
401 73 54
18 82 217
1 61 54
1 61 17
1 70 109
1 70 109
0 70 71
1 70 109
109 52 54
18 61 511
0 55 54
18 64 365
0 55 54
18 64 219
0 79 54
18 88 219
0 56 54
18 64 219
0 80 54
18 88 219
0 57 54
18 64 219
0 81 54
18 88 219
0 57 54
18 65 219
0 81 54
18 89 146
0 74 108
0 74 6
102 74 73
0 77 109
36 74 27
45 74 27
45 77 73
73 74 73
292 77 73
0 82 109
109 82 73
0 86 109
36 91 27
45 89 27
45 89 73
73 86 73
219 79 73
0 81 73
0 77 292
0 77 146
0 69 73
0 71 73
0 67 292
0 67 146
0 74 73
0 75 73
0 77 146
0 67 73
0 79 73
0 67 73
0 75 73
0 69 73
0 77 73
0 70 73
0 74 73
0 65 73
0 67 73
0 60 146
0 74 73
0 75 73
0 77 146
0 70 73
0 79 73
0 75 73
0 66 73
0 69 73
0 77 73
0 75 73
0 70 73
0 77 73
0 75 73
0 72 146
0 75 73
0 77 73
0 79 73
0 69 73
0 70 73
0 80 73
0 77 73
0 69 73
0 70 73
0 79 73
0 77 73
0 75 73
0 70 73
0 77 73
0 74 146
0 77 73
0 78 73
0 80 146
0 70 73
0 82 73
0 78 146
0 66 73
0 68 73
0 82 73
0 72 73
0 73 73
0 83 73
0 80 73
0 77 73
0 78 73
0 83 73
0 82 146
0 78 73
0 87 73
0 85 73
0 83 73
0 77 73
0 85 73
0 83 73
0 82 73
0 78 73
0 83 73
0 82 73
0 77 73
0 78 73
0 83 73
0 87 73
0 85 73
0 87 73
0 85 73
0 85 73
0 83 73
0 85 73
0 83 73
0 83 73
0 82 73
0 83 73
0 82 73
0 82 73
0 80 73
0 82 73
0 80 73
0 77 73
0 78 73
0 78 73
0 85 71
0 85 1
0 85 73
0 83 73
0 71 73
0 83 73
0 83 73
0 82 73
0 78 73
0 82 71
0 82 1
0 82 73
0 80 73
0 82 73
0 83 73
0 73 73
0 78 73
0 83 73
0 86 73
0 82 73
0 87 73
0 88 73
0 89 73
0 78 73
0 90 73
0 78 73
0 87 73
0 85 73
73 77 73
73 78 292
0 58 292
0 66 36
109 66 36
109 61 36
109 65 36
109 83 292
0 62 292
0 65 36
109 62 36
109 68 36
109 67 36
109 82 292
0 61 292
0 70 36
109 67 36
109 67 36
109 62 36
109 83 292
0 71 292
0 68 36
109 68 36
109 71 36
109 70 36
109 70 36
109 67 36
109 67 36
109 66 36
109 78 36
109 71 36
109 74 36
109 71 36
109 80 146
0 78 146
0 87 146
0 73 146
0 71 146
0 70 146
0 68 146
0 66 146
0 75 146
0 61 146
0 59 146
0 58 146
0 68 146
0 66 146
0 63 146
0 61 146
0 65 146
0 61 146
0 68 146
0 61 146
0 73 146
0 61 146
0 77 146
0 61 146
0 80 146
0 61 146
0 85 146
0 61 146
0 85 146
0 61 146
0 85 146
365 83 72
0 78 146
0 83 27
45 78 27
45 86 73
73 83 73
511 78 73
219 86 73
219 83 73
219 86 73
219 83 73
219 79 73
219 84 73
219 79 73
219 87 73
219 84 73
219 75 73
219 75 73
219 87 73
219 81 73
219 84 73
219 87 73
73 87 146
0 84 73
0 83 73
0 84 146
0 69 73
0 73 73
0 72 146
0 72 73
0 74 73
0 75 146
0 81 73
0 84 73
0 87 73
0 89 73
0 87 73
0 86 73
0 87 73
0 89 73
0 91 73
0 87 73
0 84 73
0 86 73
0 87 73
0 84 73
0 81 73
0 82 73
0 84 73
0 81 73
0 75 73
0 77 73
0 79 73
0 75 73
0 72 73
0 74 73
0 75 73
0 72 73
0 69 73
0 70 73
0 72 73
0 69 73
0 65 146
146 86 73
0 87 73
0 86 73
0 84 73
0 86 73
0 87 73
0 89 73
0 86 73
0 82 73
0 84 73
0 86 73
0 82 73
0 77 73
0 81 73
0 82 73
0 77 73
0 74 73
0 75 73
0 77 73
0 74 73
0 70 73
0 72 73
0 74 73
0 70 73
0 65 73
0 69 73
0 70 73
0 62 73
0 70 73
0 72 73
0 74 71
1 70 73
0 65 146
0 91 73
0 89 73
0 91 73
0 89 73
0 87 73
0 91 73
0 87 73
0 86 73
0 84 73
0 87 73
0 84 73
0 82 73
0 81 73
0 84 73
0 78 73
0 77 73
0 75 73
0 78 73
0 75 73
0 74 73
0 72 73
0 75 73
0 72 73
0 70 73
0 69 73
0 72 73
0 63 73
0 62 73
0 60 73
0 63 73
0 65 146
0 89 73
0 87 73
0 89 73
0 87 73
0 86 73
0 89 73
0 86 73
0 84 73
0 82 73
0 86 73
0 77 73
0 75 73
0 74 73
0 77 73
0 82 73
0 79 73
0 77 73
0 82 73
0 74 73
0 72 73
0 70 73
0 74 73
0 86 73
0 84 73
0 82 73
0 86 73
0 87 73
0 86 73
0 87 73
0 89 73
0 77 146
584 72 146
0 74 73
73 94 73
0 93 73
0 94 146
0 91 146
0 81 146
0 88 146
0 79 146
0 81 146
0 81 146
0 70 73
0 75 73
0 74 146
0 82 146
0 79 73
73 75 73
0 79 73
0 81 146
0 77 146
0 86 73
73 82 73
0 81 73
0 82 146
0 79 146
0 87 146
0 86 144
1 74 146
0 84 73
0 82 71
1 82 146
0 91 146
0 84 146
0 82 73
0 80 71
1 80 146
0 80 146
0 82 146
0 80 73
0 79 71
1 79 146
0 79 146
0 81 146
0 79 73
0 77 71
1 77 146
0 80 146
0 80 73
0 79 73
0 75 73
0 84 73
0 78 73
0 77 73
0 74 73
0 82 73
0 77 73
0 89 73
0 88 73
0 87 73
0 84 73
0 81 73
0 78 73
0 77 73
0 76 73
0 75 73
0 72 73
0 69 73
0 66 73
0 65 73
0 79 73
0 77 73
0 77 73
0 89 73
0 88 73
0 87 73
0 84 73
0 81 73
0 78 73
0 77 73
0 76 73
0 75 73
0 72 73
0 69 73
0 66 73
0 65 73
0 70 73
0 77 73
0 77 73
0 74 73
0 77 73
0 84 73
0 82 73
0 78 73
0 79 73
0 74 73
0 73 73
0 78 73
0 79 73
0 73 73
0 72 73
0 76 73
0 77 73
0 89 73
0 89 73
0 101 73
0 100 73
0 99 73
0 96 73
0 93 73
0 90 73
0 89 73
0 88 73
0 87 73
0 84 73
0 81 73
0 82 73
0 77 73
0 91 73
0 89 73
73 89 73
0 88 73
0 87 73
0 84 73
0 81 73
0 78 73
0 77 73
0 76 73
0 75 73
0 72 73
0 69 73
0 70 73
0 65 73
0 79 73
0 77 73
0 77 73
0 82 73
0 77 73
0 84 73
0 74 73
0 78 73
0 79 73
0 74 73
0 73 73
0 78 73
0 79 73
0 73 73
0 72 73
0 77 73
0 82 73
0 75 73
0 82 73
0 87 73
0 82 73
0 89 73
0 87 73
0 83 73
0 84 73
0 79 73
0 78 73
0 83 73
0 84 73
0 78 73
0 77 73
0 82 73
0 75 73
0 80 73
0 87 146
0 87 73
0 85 73
0 85 73
0 83 73
0 82 73
0 83 73
0 83 73
0 88 73
0 89 73
0 83 73
0 91 73
0 86 73
0 87 73
0 82 73
0 79 146
0 91 146
0 86 146
0 91 73
0 89 73
0 94 73
73 91 73
511 91 146
0 89 146
0 87 73
0 89 73
0 91 73
73 79 146
146 76 146
146 82 146
146 72 161
0 74 323
0 77 485
0 74 79
82 77 80
0 81 80
0 82 80
0 86 80
0 88 80
0 89 80
0 91 80
0 89 80
0 93 80
0 94 80
0 96 80
0 94 80
0 97 80
0 98 80
0 99 80
0 98 80
0 101 161
0 75 161
0 74 646
0 87 323
0 90 323
0 82 646
0 78 322
0 87 323
0 73 323
0 86 323
0 77 323
0 87 242
0 72 80
0 86 54
0 84 53
0 82 106
0 82 53
0 84 54
0 84 52
0 84 53
0 82 106
0 82 53
0 84 52
0 75 2
0 75 52
0 84 53
0 82 106
0 82 53
0 84 52
0 79 2
0 79 52
0 84 53
0 82 106
0 82 53
0 84 52
0 82 2
0 82 52
0 84 53
0 82 106
0 82 53
0 84 54
0 84 52
0 84 53
0 82 106
0 82 53
0 84 52
0 79 2
0 79 52
0 84 53
0 82 106
0 82 53
0 84 52
0 75 2
0 75 52
0 84 53
0 82 106
0 82 53
0 84 52
0 82 2
0 82 52
0 84 53
0 82 53
0 86 53
0 82 53
0 84 54
0 84 52
0 84 53
0 82 53
0 77 53
0 82 53
0 84 52
0 89 2
0 89 52
0 82 53
0 81 106
0 81 53
0 82 54
0 82 52
0 82 26
0 87 27
0 81 53
0 79 1
0 79 79
0 81 80
0 80 80
80 89 323
0 99 80
80 86 80
80 87 80
80 92 80
80 98 80
80 87 80
80 86 80
80 99 80
80 91 80
80 84 80
80 88 80
80 87 80
80 84 80
80 86 80
80 77 80
80 89 80
80 96 80
80 86 80
80 89 80
80 81 80
80 87 80
80 82 80
0 94 80
0 77 80
0 89 80
0 81 80
0 93 80
0 84 80
0 96 80
0 82 80
0 94 80
0 77 80
0 89 80
0 69 80
0 81 80
0 72 80
0 84 80
0 70 80
0 82 80
0 65 80
0 77 80
0 71 80
0 83 80
0 74 80
0 86 80
0 72 80
0 84 80
0 67 80
0 79 80
0 71 80
0 83 80
0 74 80
0 86 80
0 72 80
0 84 80
0 67 80
0 79 80
0 72 80
0 84 80
0 75 80
0 87 80
0 74 80
0 86 80
0 69 80
0 81 80
0 73 80
0 85 80
0 76 80
0 88 80
0 74 80
0 86 80
0 69 80
0 81 80
0 74 80
0 86 80
0 77 80
0 89 80
0 75 80
0 87 80
0 70 80
0 82 80
0 74 80
0 86 80
0 77 80
0 89 80
0 75 80
0 87 80
0 70 80
0 82 80
0 75 80
0 87 80
0 78 80
0 90 80
0 77 80
0 89 80
0 72 80
0 84 80
0 75 80
0 87 80
0 78 80
0 90 80
0 73 80
0 85 80
0 69 80
0 81 80
0 72 80
0 84 80
0 75 80
0 87 80
0 66 80
0 78 80
0 65 80
0 77 80
0 69 80
0 81 80
0 75 80
0 87 80
0 71 80
0 70 80
0 71 80
0 70 80
0 71 80
0 70 80
0 71 80
0 70 80
0 71 80
0 70 80
0 71 80
0 70 80
0 78 80
0 70 80
0 71 80
0 70 80
0 82 80
0 70 80
0 71 80
0 70 80
0 71 80
0 70 80
0 71 80
0 70 80
0 71 80
0 70 80
0 71 80
0 70 80
0 71 80
0 70 80
0 70 80
0 72 80
0 74 54
0 72 53
0 70 106
0 70 53
0 72 54
0 72 52
0 72 53
0 70 106
0 70 53
0 72 52
0 75 2
0 75 52
0 72 53
0 70 106
0 70 53
0 72 54
0 72 52
0 72 53
0 70 53
0 79 53
0 70 53
0 72 52
0 82 2
0 82 52
0 72 53
0 70 106
0 70 53
0 72 54
0 72 52
0 72 53
0 70 53
0 80 53
0 70 53
0 72 52
0 70 2
0 70 52
0 72 53
0 70 53
0 77 53
0 70 53
0 72 52
0 70 2
0 70 52
0 72 53
0 70 53
0 74 53
0 70 53
0 72 52
0 75 2
0 75 52
0 72 53
0 70 106
0 70 53
0 72 54
0 72 52
0 72 53
0 70 53
0 74 53
0 70 53
0 72 52
0 77 2
0 77 52
0 72 53
0 70 53
0 75 53
0 70 53
0 72 54
0 72 52
0 72 53
0 70 53
0 74 53
0 70 53
0 72 52
0 70 2
0 70 39
0 75 80
0 75 80
0 75 40
0 75 39
0 75 80
0 75 80
0 75 40
0 75 39
4 75 39
29 72 6
29 72 33
29 72 6
0 74 88
72 74 8
72 72 8
72 70 8
72 69 8
72 70 8
72 72 8
72 74 8
72 75 8
72 77 8
72 79 8
72 81 8
72 82 8
72 84 8
72 86 8
72 87 8
72 89 8
72 87 8
72 86 8
72 84 8
72 82 8
72 81 8
72 79 8
72 77 8
72 75 8
72 74 8
72 72 8
72 70 8
72 69 8
72 67 8
72 65 8
72 65 72
0 74 240
2 65 80
0 74 161
80 62 80
0 63 240
2 63 80
0 75 161
80 67 80
0 67 240
2 75 80
0 75 161
80 64 80
0 65 240
2 77 80
0 69 161
80 67 80
0 77 240
2 69 80
0 77 161
80 65 80
0 67 240
2 67 80
0 79 161
728 67 80
0 69 240
2 69 80
0 81 161
1052 86 80
0 82 121
40 77 40
40 82 40
40 86 40
121 74 40
121 65 40
121 62 40
121 77 240
2 86 80
0 82 121
40 91 40
40 77 40
40 89 40
121 77 40
121 77 40
121 74 40
121 89 40
121 86 40
121 77 40
121 74 40
121 86 40
121 82 40
121 74 40
121 70 40
121 82 40
121 77 40
121 70 40
121 62 40
121 69 647
0 74 40
121 70 40
121 62 40
121 58 40
121 70 40
121 65 40
121 62 40
121 58 40
121 65 40
121 62 40
121 53 40
121 50 40
121 57 647
242 57 40
40 66 40
121 58 40
364 54 40
40 54 40
121 53 40
364 63 40
40 60 40
121 62 40
364 51 40
40 51 40
121 58 40
364 50 40
40 53 40
121 53 40
283 53 161
647 89 161
161 70 647
