0 57 1314
0 61 1314
0 66 876
0 69 438
0 61 438
0 61 438
0 59 438
0 57 1314
0 59 876
0 66 434
3 62 876
0 66 434
3 66 438
0 65 438
0 73 438
0 80 1314
0 74 1314
0 68 1314
0 61 876
0 59 434
3 59 1302
12 59 438
0 66 438
0 56 438
0 66 867
9 63 434
3 63 438
0 66 438
0 54 438
0 54 438
0 60 438
0 61 438
0 56 438
0 68 438
0 71 438
0 62 438
0 68 438
0 61 434
3 69 438
0 65 438
0 66 219
0 60 219
0 63 876
0 65 438
0 65 438
0 68 438
0 65 219
0 74 217
1 71 438
0 65 438
0 66 434
3 73 438
0 62 438
0 60 434
3 66 876
0 61 434
3 68 876
0 64 328
0 67 109
0 83 876
0 81 438
0 67 876
0 78 438
0 67 876
0 78 438
0 67 876
0 66 434
3 66 438
0 66 438
0 66 438
0 73 867
9 73 434
3 68 876
0 66 434
3 66 434
3 61 438
0 68 219
0 66 219
0 68 876
0 61 438
0 59 438
0 68 438
0 66 438
0 57 438
0 55 438
0 56 434
0 56 3
0 56 657
0 68 219
0 71 219
0 74 217
1 68 438
0 65 438
0 69 438
0 65 438
0 71 438
0 63 438
0 66 438
0 60 438
0 61 438
0 65 438
0 64 438
0 62 328
0 67 109
0 83 875
0 83 421
16 81 438
0 91 438
0 78 434
3 90 438
0 76 438
0 78 434
3 90 438
0 91 657
0 78 217
1 66 438
0 81 438
0 85 434
3 73 876
0 85 434
3 85 438
0 74 438
0 67 438
0 83 438
0 61 438
0 65 438
0 78 438
0 73 657
0 68 219
0 81 438
0 69 657
0 65 219
2410 73 434
3 73 434
3 73 434
3 73 215
3 78 215
3 73 219
0 81 215
3 73 219
0 85 215
3 73 215
3 73 3
0 85 653
3 77 219
0 88 219
0 86 219
0 86 438
0 77 215
3 71 219
0 83 215
3 71 219
0 83 219
0 65 219
0 71 215
3 65 219
0 73 215
0 73 3
0 65 217
1 71 215
3 65 219
0 73 215
3 71 434
3 71 3
0 65 219
0 71 219
0 69 438
0 73 438
0 78 365
0 81 146
0 85 292
0 90 146
0 92 146
0 93 146
0 90 146
0 85 146
0 85 109
0 86 109
0 85 54
0 86 54
0 85 54
0 86 54
0 85 54
0 86 54
0 85 109
0 84 109
0 85 109
0 88 146
0 85 146
0 86 144
1 86 146
0 76 146
0 77 146
0 77 146
0 86 146
0 85 144
1 85 146
0 82 146
0 83 144
1 83 109
0 65 109
0 66 109
0 68 109
0 69 109
0 70 109
0 71 109
0 72 109
0 73 146
0 74 146
0 75 146
0 76 146
0 73 146
0 74 144
1 74 109
0 83 109
0 80 109
0 77 109
0 74 109
0 72 109
0 74 109
0 73 109
0 73 438
0 78 215
3 66 438
0 73 219
0 74 653
3 65 219
0 73 215
3 65 219
0 73 146
0 85 146
0 80 146
0 83 109
0 81 109
0 77 109
0 78 109
0 80 109
0 78 109
0 81 73
0 78 73
1 73 72
1 73 217
0 75 219
0 74 215
0 74 3
0 74 434
3 65 219
0 73 657
0 78 434
3 78 867
3 78 9
0 78 434
3 78 876
0 83 434
3 83 867
3 83 9
0 71 434
3 71 434
3 71 434
3 71 434
3 71 217
3 71 217
3 88 434
3 86 434
3 88 217
1 76 219
0 80 219
0 76 219
0 81 219
0 78 219
0 81 219
0 84 219
0 78 219
0 81 438
0 78 219
0 79 219
0 77 438
0 76 219
0 81 219
0 80 219
0 81 219
0 83 219
0 76 219
0 79 219
0 78 219
0 77 219
0 78 219
0 75 219
0 78 219
0 76 219
0 79 219
0 73 219
0 79 217
0 79 1
0 79 219
0 76 219
0 74 219
0 78 219
0 76 219
0 77 217
1 77 219
0 65 219
0 64 219
0 69 219
0 66 219
0 69 219
0 79 219
0 76 219
0 78 438
0 77 438
0 71 438
0 74 438
0 74 438
0 74 438
0 76 438
0 85 1095
0 67 219
0 64 219
0 70 219
0 68 219
0 69 219
0 64 219
0 71 219
0 69 219
0 67 219
0 66 438
438 38 1314
0 38 219
0 33 219
0 33 1311
3 33 872
3 33 438
0 30 438
438 86 1314
0 86 219
0 81 217
1 81 1311
3 81 872
3 81 438
0 78 438
438 38 872
3 38 434
3 38 146
0 37 146
0 38 109
36 33 872
3 33 872
3 33 876
0 30 438
438 86 872
3 74 434
3 86 147
3 86 144
0 74 109
0 74 36
0 81 872
0 81 1
1 69 872
3 69 730
0 67 146
0 66 438
0 66 146
0 76 146
0 74 146
0 73 146
0 71 146
0 69 146
0 67 146
0 70 146
0 69 146
0 67 146
0 69 146
0 71 146
0 73 146
0 74 146
0 76 146
0 69 438
0 69 146
0 79 146
0 78 146
0 76 146
0 74 146
0 72 146
0 71 146
0 74 146
0 72 146
0 71 146
0 72 146
0 74 146
0 76 146
0 78 146
0 79 146
0 85 146
0 79 146
0 78 146
0 76 146
0 74 146
0 73 146
0 86 146
0 76 146
0 78 146
0 76 146
0 82 146
0 81 146
0 79 146
0 78 146
0 76 146
0 78 146
0 79 146
0 81 146
0 91 146
0 78 146
0 76 146
0 81 146
0 74 146
0 75 146
0 83 146
0 72 146
0 71 146
0 74 146
0 73 146
0 71 146
0 68 146
0 69 146
0 71 146
0 73 146
0 70 146
0 69 146
0 75 1314
0 83 872
3 78 438
0 81 219
0 78 219
0 91 219
0 71 219
0 90 219
0 88 219
0 86 219
0 77 219
0 79 219
0 78 219
0 73 219
0 72 219
0 84 109
0 78 109
0 75 109
0 72 109
0 72 109
0 66 109
0 63 109
0 60 109
0 69 109
0 63 109
0 71 109
0 67 109
0 58 876
438 69 146
0 62 146
0 57 146
0 69 109
0 62 109
0 57 109
0 66 109
0 66 109
0 62 109
0 68 109
0 62 109
0 64 434
2194 63 867
9 63 434
3 59 867
9 63 434
3 64 434
3 57 867
9 57 876
0 66 438
0 57 876
0 69 438
0 66 876
0 90 438
0 79 876
0 81 434
3 69 876
0 78 438
0 69 876
0 69 438
0 78 876
0 69 438
0 79 876
0 85 438
0 78 1314
0 88 1302
12 76 876
0 87 438
0 91 434
3 88 434
3 88 434
3 93 438
0 69 438
0 66 434
3 66 438
0 62 438
0 64 438
0 66 1314
0 67 876
0 71 434
3 71 876
0 79 434
3 70 438
0 88 438
0 89 219
0 78 217
1 90 1314
0 75 219
0 78 219
0 80 219
0 87 219
0 90 219
0 92 219
0 65 1314
0 68 438
0 77 438
0 80 438
0 85 438
0 73 438
0 73 434
0 73 3
0 81 438
0 69 438
0 73 434
0 73 3
0 90 438
0 87 438
0 78 434
3 78 438
0 87 438
0 85 438
0 83 876
0 80 200
18 77 219
0 50 219
0 53 219
0 58 219
0 62 219
0 65 219
0 70 215
3 70 876
0 67 434
3 67 438
0 63 438
0 77 219
0 68 219
0 79 876
0 83 438
0 80 876
0 77 438
0 85 876
0 70 438
0 79 876
0 75 438
0 63 438
0 63 438
0 68 438
0 76 876
0 73 438
0 70 876
0 78 438
0 75 876
0 72 438
0 80 876
0 76 438
0 73 876
0 57 438
0 57 429
0 57 447
0 63 438
0 83 876
0 80 438
0 77 876
0 85 438
0 81 219
0 78 434
3 69 219
0 86 438
0 83 876
0 68 438
0 77 876
0 74 434
3 71 867
9 68 434
3 65 867
9 62 547
0 59 109
0 56 109
0 53 109
0 50 109
0 47 109
0 44 109
0 47 109
0 50 109
0 53 109
0 56 109
0 59 109
0 59 109
0 65 109
0 68 109
0 71 109
0 74 109
0 77 109
0 80 109
0 83 109
0 81 109
0 84 109
0 86 109
0 85 109
0 81 109
0 73 109
0 86 109
0 85 109
0 73 109
0 85 109
0 86 109
0 85 109
0 83 109
0 69 109
0 83 109
0 81 109
0 69 109
0 81 109
0 83 109
0 81 109
0 80 109
0 66 109
0 80 109
0 78 109
0 68 109
0 80 109
0 81 109
0 80 109
0 69 109
0 81 109
0 83 109
0 81 109
0 83 109
0 70 109
0 83 109
0 82 109
0 71 109
0 83 109
0 85 109
0 83 109
0 85 109
0 83 109
0 71 109
0 83 109
0 71 109
0 83 109
0 85 109
0 83 109
0 88 109
0 86 109
0 74 109
0 86 109
0 74 109
0 86 109
0 88 109
0 86 109
0 88 109
0 86 109
0 74 109
0 86 109
0 73 109
0 85 109
0 86 109
0 85 109
0 86 109
0 85 109
0 73 109
0 85 109
0 77 109
0 89 109
0 90 109
0 89 109
0 92 109
0 90 109
0 81 109
0 90 109
0 93 109
0 92 109
0 80 109
0 92 109
109 92 109
0 80 109
0 92 109
109 92 109
0 80 109
0 92 109
109 80 109
0 88 109
0 86 109
0 85 109
0 86 109
0 80 109
0 86 109
109 86 109
0 80 109
0 86 109
0 74 109
0 85 109
0 88 109
0 86 109
0 85 109
0 86 109
0 74 109
0 86 109
0 74 109
0 86 109
0 88 109
0 86 105
3 86 109
0 85 109
0 73 109
0 85 109
0 84 109
0 85 109
0 73 109
0 85 109
0 82 109
0 83 109
0 71 109
0 83 109
0 71 109
0 83 109
0 85 109
0 83 109
0 82 109
0 83 109
0 71 109
0 83 109
0 71 109
0 83 109
0 85 109
0 83 109
109 85 109
0 71 109
0 83 109
109 83 109
0 69 109
0 81 109
109 81 109
0 68 109
0 80 109
0 68 109
0 80 109
0 79 109
0 80 109
0 81 109
0 80 109
0 68 109
0 80 109
0 68 109
0 80 109
0 81 109
0 80 109
0 81 109
0 80 109
0 68 109
0 80 109
0 69 109
0 81 109
0 83 109
0 81 109
0 80 109
0 78 109
0 66 109
0 78 109
0 77 109
0 78 109
0 66 109
0 78 109
0 80 109
0 78 109
0 66 109
0 78 109
0 77 109
0 78 109
0 66 109
0 78 109
109 78 109
0 65 109
0 77 109
109 81 109
0 68 109
0 80 109
109 85 109
0 71 109
0 83 109
0 85 109
0 71 109
0 85 109
0 83 109
0 82 109
0 83 109
0 71 109
0 83 105
3 83 109
0 81 109
0 69 109
0 81 109
0 83 109
0 69 109
0 83 109
0 81 105
3 81 109
0 68 109
0 81 109
0 80 105
3 80 109
0 66 109
0 80 109
0 78 109
0 77 109
0 78 109
0 66 109
0 78 109
0 80 109
0 78 109
0 66 109
0 78 109
0 65 109
0 77 109
0 78 109
0 77 109
0 78 109
0 65 109
0 78 109
0 77 109
0 68 109
0 80 109
0 81 109
0 80 109
0 83 109
0 71 109
0 74 109
0 86 109
0 85 109
0 86 109
0 74 109
0 86 109
0 88 109
0 86 109
0 74 109
0 86 105
3 86 109
0 73 109
0 86 109
0 85 109
109 86 109
0 73 109
0 85 109
109 85 109
0 71 109
0 83 109
109 83 109
0 69 109
0 81 109
0 83 109
0 69 109
0 83 109
0 81 109
0 80 109
0 81 109
0 69 109
0 81 109
0 81 109
0 68 109
0 81 109
0 80 109
109 80 109
0 68 109
0 80 109
109 92 109
0 80 109
0 92 109
109 91 109
0 79 109
0 91 109
109 91 109
0 79 109
0 91 109
109 91 109
0 83 109
0 95 109
109 95 109
0 81 109
0 93 109
109 93 109
0 79 109
0 91 109
109 91 109
0 79 109
0 91 109
109 91 109
0 79 109
0 78 109
109 90 109
0 76 109
0 88 109
109 88 109
0 76 109
0 88 109
109 88 109
0 76 109
0 78 109
109 90 109
0 79 109
0 91 109
109 91 109
0 79 109
0 91 109
109 91 109
0 79 109
0 78 109
0 90 109
0 78 109
0 78 109
0 90 109
0 93 109
0 81 109
0 81 109
0 93 109
0 97 109
0 85 109
0 85 109
0 97 109
109 97 109
0 85 109
0 97 109
109 85 109
0 73 109
0 85 109
109 97 109
0 85 109
0 97 109
109 85 109
0 73 109
0 85 109
109 97 109
0 85 109
0 97 109
0 93 109
0 81 109
0 81 109
0 93 109
0 93 109
0 81 109
0 81 109
0 93 109
0 90 109
0 78 109
0 78 109
0 66 109
0 77 109
0 68 109
0 78 109
0 69 109
0 80 438
0 68 438
0 61 438
0 59 438
0 62 438
0 63 438
0 63 657
0 60 219
0 61 219
0 60 219
0 56 876
0 71 219
0 74 219
0 68 434
3 68 434
3 61 434
3 68 434
3 68 434
3 63 434
3 66 657
0 61 219
0 65 219
0 61 219
0 61 438
0 55 438
0 55 328
0 67 109
0 83 876
0 69 434
3 69 438
0 67 438
0 67 219
0 74 219
0 67 438
0 67 438
0 76 219
0 75 219
0 75 219
0 79 219
0 71 438
0 67 219
0 54 219
0 54 434
3 57 434
3 61 434
3 61 867
9 61 434
3 61 438
0 62 438
0 55 438
0 59 438
0 61 438
0 65 438
0 66 438
0 73 657
0 68 219
0 69 438
0 81 657
0 77 219
2191 78 651
5 78 434
3 78 434
3 78 215
3 86 215
3 78 219
0 88 215
3 78 219
0 90 215
3 78 219
0 90 54
0 91 54
0 90 54
0 91 54
0 90 54
0 91 54
0 90 54
0 91 54
0 93 438
0 91 438
0 91 210
9 81 365
9 81 73
0 88 219
0 85 219
0 86 219
0 87 219
0 88 365
0 79 146
0 78 146
0 79 146
0 81 146
0 82 146
0 85 146
0 83 146
0 81 146
0 79 146
0 78 146
0 79 146
0 80 146
0 81 146
0 76 146
0 79 219
0 78 438
0 81 438
0 86 434
3 86 438
0 88 438
0 90 217
1 90 54
0 91 54
0 90 54
0 91 54
0 90 54
0 91 54
0 90 54
0 91 54
0 90 54
0 91 54
0 90 54
0 91 54
0 90 73
0 89 73
0 90 73
0 93 219
0 91 219
0 91 584
0 87 146
0 88 146
0 91 146
0 90 146
0 88 142
3 88 584
0 84 146
0 85 146
0 88 146
0 86 146
0 85 146
0 83 109
0 82 109
0 86 109
0 85 109
0 84 109
0 85 109
0 76 109
0 79 109
0 77 109
0 78 109
0 73 109
0 76 109
0 74 438
0 83 657
0 78 219
0 79 653
3 70 219
0 78 215
3 70 219
0 71 109
0 90 109
0 85 109
0 86 109
0 88 109
0 86 109
0 82 109
0 83 109
0 85 109
0 83 109
0 86 73
0 83 73
1 78 72
1 78 217
0 79 434
3 76 434
3 78 219
0 78 217
1 66 432
1 66 1
3 66 217
1 70 215
1 70 1
1 70 217
1 71 217
1 71 432
1 71 1
3 74 217
1 75 215
1 75 1
1 75 217
1 72 217
1 72 434
3 72 217
1 75 215
1 75 1
1 72 217
1 73 217
1 80 434
3 73 217
1 78 215
1 78 1
1 78 217
1 77 215
1 77 3
0 84 219
0 87 219
0 85 219
0 84 219
0 73 219
0 76 438
0 75 1095
0 84 219
0 87 219
0 85 219
0 84 219
0 73 219
0 75 438
0 85 1095
0 70 219
0 73 219
0 71 219
0 70 219
0 83 217
1 71 219
0 68 219
0 71 219
0 70 219
0 68 219
0 69 213
5 69 438
0 80 438
0 73 438
0 83 219
0 73 219
0 80 219
0 78 219
0 77 219
0 78 219
0 75 438
0 78 438
0 90 876
0 89 438
0 95 1095
0 71 219
0 68 219
0 74 219
0 72 219
0 73 219
0 68 219
0 75 219
0 73 219
0 71 219
0 70 438
438 42 1314
0 42 219
0 37 215
3 37 1311
3 37 872
3 37 434
3 34 438
438 90 1309
5 90 217
1 85 217
1 85 1302
12 85 867
9 85 434
3 82 438
438 42 867
9 42 434
3 42 146
0 41 146
0 42 109
36 37 867
9 37 867
9 37 867
9 34 438
438 90 1302
12 90 147
12 90 144
0 78 109
0 78 36
0 85 867
9 73 867
9 73 730
0 71 146
0 70 438
0 70 146
0 80 146
0 78 146
0 77 146
0 75 146
0 73 146
0 71 146
0 73 146
0 70 146
0 71 146
0 73 146
0 75 146
0 77 146
0 78 146
0 80 146
0 73 438
0 82 146
0 80 146
0 78 146
0 76 146
0 75 146
0 73 146
0 87 146
0 75 146
0 76 146
0 75 146
0 77 146
0 78 146
0 80 146
0 82 146
0 83 146
0 89 146
0 83 146
0 82 146
0 80 146
0 78 146
0 77 146
0 90 146
0 80 146
0 82 146
0 80 146
0 83 146
0 82 146
0 80 146
0 82 146
0 83 146
0 94 146
0 83 146
0 85 146
0 95 146
0 82 146
0 83 146
0 85 146
0 78 146
0 76 146
0 87 146
0 76 146
0 78 146
0 81 146
0 77 146
0 75 146
0 72 146
0 73 146
0 75 146
0 77 146
0 74 146
0 73 146
0 76 876
0 75 438
0 87 876
0 73 438
0 73 219
0 70 219
0 83 219
0 75 219
0 94 219
0 92 438
0 90 438
0 66 219
0 65 219
0 73 219
0 64 876
0 73 109
0 67 109
0 75 109
0 66 109
0 62 876
438 66 876
0 70 109
0 66 109
0 69 109
0 66 109
0 65 438
2191 67 867
9 67 438
0 67 876
0 63 438
0 63 438
0 61 876
0 61 876
0 70 438
0 61 876
0 73 438
0 70 876
0 82 438
0 68 876
0 73 438
0 73 876
0 82 438
0 73 876
0 85 438
0 70 876
0 73 876
0 85 219
0 83 219
0 82 219
0 83 219
0 82 1314
0 80 1314
0 94 876
0 70 434
3 85 657
0 86 219
0 88 219
0 90 217
1 90 876
0 86 430
7 86 438
0 83 438
0 73 438
0 74 876
1753 71 1314
0 74 1314
0 91 1753
0 71 438
0 66 219
0 67 219
0 67 438
438 43 867
9 43 434
3 43 146
0 42 146
0 43 109
36 38 867
9 38 867
9 38 876
0 35 438
438 91 867
9 79 434
3 91 147
3 91 144
0 79 109
0 79 36
0 86 867
9 74 867
9 74 867
9 86 867
9 74 867
9 74 584
0 73 146
0 74 142
3 78 867
9 78 867
9 78 584
0 77 146
0 78 142
3 78 867
9 78 657
219 78 657
219 90 217
1 90 434
3 90 434
3 90 434
3 90 434
3 90 434
3 90 219
0 73 876
0 69 434
3 69 438
0 66 438
0 65 438
0 57 876
0 58 438
0 62 876
0 71 438
0 71 876
0 69 434
3 69 438
0 59 438
0 66 438
0 66 876
0 65 438
0 65 438
0 55 438
0 62 328
0 67 109
0 83 876
0 69 434
3 69 438
0 67 438
0 66 434
3 66 438
0 64 438
0 66 434
3 66 438
0 67 657
0 54 217
1 54 438
0 57 438
0 61 434
3 61 876
0 61 434
3 69 438
0 62 438
0 55 438
0 59 438
0 49 438
0 65 219
0 54 219
0 54 657
0 66 219
0 78 215
3 66 219
0 78 215
3 66 434
3 66 219
0 73 215
3 66 219
0 76 215
3 66 219
0 74 215
3 62 219
0 71 215
3 62 434
3 62 219
0 74 215
3 62 219
0 71 215
3 62 217
3 62 1
0 61 146
0 78 146
0 73 146
0 82 146
0 78 146
0 85 146
0 78 146
0 91 146
0 90 146
0 89 146
0 90 146
0 88 292
0 85 146
0 82 146
0 73 146
0 78 146
0 76 146
0 76 146
0 73 146
0 74 146
0 83 146
0 80 146
0 86 292
0 85 146
0 83 142
3 71 867
9 71 438
0 70 2187
3 70 1311
3 90 1311
3 78 867
9 94 1736
16 73 438
0 73 876
0 69 434
3 69 438
0 66 438
0 65 438
0 66 876
0 58 438
0 62 876
0 70 438
0 71 434
3 71 867
9 71 867
9 62 219
0 70 213
5 61 2629
0 70 2625
3 70 1314
0 58 1314
328 58 546
