336 74 126
0 69 37
4 72 168
0 65 84
84 70 126
0 66 37
4 69 168
0 62 84
84 67 126
0 62 37
4 65 168
0 58 84
84 58 126
0 63 37
4 63 168
0 58 84
84 65 126
0 72 37
0 72 4
0 65 168
0 70 84
84 70 126
0 75 37
0 75 4
0 70 168
0 73 42
126 67 42
126 60 84
252 86 126
0 81 37
4 84 168
0 77 84
84 82 126
0 78 37
4 81 168
0 74 84
84 79 126
0 74 37
4 77 168
0 70 84
84 70 126
0 75 37
4 75 168
0 70 84
84 77 126
0 84 37
0 84 4
0 77 168
0 77 84
84 82 126
0 88 37
0 88 4
0 82 168
0 81 42
126 79 42
126 77 84
252 71 126
0 74 31
10 74 168
0 71 84
84 71 126
0 75 31
10 75 168
0 72 84
84 69 126
0 72 31
10 72 168
0 69 84
84 69 126
0 73 31
10 74 168
0 70 84
84 57 126
0 60 31
10 60 336
0 58 168
0 57 168
0 55 168
0 53 336
0 52 168
0 51 336
0 50 168
504 59 126
0 62 37
4 62 168
0 59 84
84 62 126
0 74 37
4 74 168
0 71 84
84 84 126
0 87 37
4 87 168
0 84 84
84 62 126
0 65 31
10 65 168
0 62 84
84 62 126
0 67 31
10 67 168
0 63 84
84 69 126
0 72 37
4 72 168
0 69 42
126 70 42
126 70 84
252 83 126
0 86 31
10 86 168
0 83 84
84 83 126
0 87 31
10 87 168
0 84 84
84 81 126
0 84 31
10 84 168
0 81 84
84 81 126
0 85 31
10 86 168
0 82 84
84 69 126
0 72 31
10 72 336
0 70 168
0 69 168
0 67 168
0 65 336
0 64 168
0 63 336
0 62 168
504 71 126
0 74 37
4 74 168
0 71 84
84 74 126
0 86 37
4 86 168
0 83 84
84 72 126
0 75 37
4 75 168
0 72 84
84 74 126
0 77 31
10 77 168
0 74 84
84 74 126
0 79 31
10 79 168
0 75 84
84 81 126
0 84 37
4 84 168
0 81 42
126 82 42
126 82 84
252 73 336
0 89 168
0 73 336
0 70 168
0 65 168
0 70 336
0 85 168
0 77 336
0 85 168
0 82 336
0 77 168
0 70 336
0 85 168
0 77 336
0 92 168
0 85 168
168 70 42
126 70 42
294 73 56
0 70 56
0 65 56
0 73 56
0 70 56
0 65 56
0 77 56
0 73 56
0 70 56
0 73 56
0 70 56
0 65 56
0 73 56
0 70 56
0 65 56
0 70 56
0 65 56
0 61 56
0 65 56
0 61 56
0 58 56
0 61 56
0 58 56
0 61 56
0 70 56
0 61 56
0 58 56
0 65 56
0 61 56
0 65 56
0 77 56
0 73 56
0 70 56
0 77 56
0 73 56
0 70 56
0 73 56
0 70 56
0 65 56
0 70 56
0 65 56
0 61 56
0 70 56
0 65 56
0 61 56
0 65 56
0 61 56
0 58 56
0 61 56
0 56 56
0 61 56
0 68 56
0 65 56
0 61 56
0 65 56
0 61 56
0 65 56
0 77 56
0 73 56
0 68 56
0 77 56
0 73 56
0 68 56
0 80 56
0 77 56
0 73 54
1 65 168
168 77 336
0 92 168
0 77 336
0 73 168
0 68 168
0 73 336
0 89 168
0 80 336
0 89 168
0 85 336
0 82 168
0 65 336
0 82 168
0 73 336
0 89 168
0 82 168
168 61 42
126 61 42
126 61 56
0 65 56
0 73 56
0 77 112
0 68 56
0 77 112
0 68 56
0 77 56
0 73 56
0 68 56
0 77 56
0 73 56
0 68 56
0 77 56
0 73 56
0 68 56
0 73 56
0 68 56
0 65 56
0 61 56
0 56 56
0 61 56
0 65 56
0 61 56
0 65 56
0 73 56
0 68 56
0 65 56
0 77 56
0 73 56
0 68 56
0 80 56
0 77 56
0 73 56
0 77 56
0 73 56
0 77 54
1 77 56
0 73 56
0 65 56
0 73 56
0 70 56
0 65 56
0 73 56
0 70 56
0 65 56
0 70 56
0 65 56
0 61 56
0 65 56
0 61 56
0 58 56
0 65 56
0 61 56
0 58 56
0 61 56
0 58 56
0 61 56
0 73 56
0 70 56
0 65 56
0 73 56
0 70 56
0 65 56
0 77 56
0 73 56
0 65 56
0 70 168
336 70 42
126 73 42
126 72 42
126 65 42
126 77 42
126 75 42
126 73 42
126 72 42
126 70 42
126 73 42
126 72 42
126 68 42
126 72 42
126 67 42
126 65 336
84 65 84
84 65 84
84 64 84
84 64 84
84 64 84
84 64 84
84 65 84
84 64 84
84 65 84
84 65 84
84 65 84
84 64 84
84 65 84
84 65 84
84 65 84
84 63 84
0 70 84
84 85 84
84 84 84
84 77 84
84 89 84
84 87 84
84 85 84
84 84 84
84 82 84
84 85 84
84 84 84
84 77 84
84 89 84
84 85 84
84 84 336
0 89 84
84 85 84
84 84 336
0 72 336
0 60 336
0 48 336
0 36 840
1512 65 56
0 67 56
0 69 56
0 70 84
0 72 84
0 74 84
0 76 84
0 77 56
0 79 56
0 81 56
0 82 84
0 84 84
0 86 84
0 88 84
0 89 56
0 91 56
0 93 56
0 94 84
0 96 84
0 98 84
0 100 84
0 101 84
84 75 42
0 69 42
0 75 42
0 69 42
0 75 42
0 69 42
0 75 42
0 69 42
0 75 42
0 69 42
0 75 42
0 69 42
504 74 126
0 69 37
4 72 168
0 65 84
84 70 126
0 66 37
4 69 168
0 62 84
84 67 126
0 62 37
4 65 168
0 58 84
84 58 126
0 63 37
4 63 168
0 58 84
84 65 126
0 72 37
0 72 4
0 65 168
0 70 84
84 70 126
0 75 37
0 75 4
0 70 168
0 73 42
126 67 42
126 60 84
252 86 126
0 81 37
4 81 168
0 86 84
84 82 126
0 78 37
4 86 168
0 82 84
84 79 126
0 74 37
4 82 168
0 79 84
84 70 126
0 75 37
4 81 167
0 70 6
0 70 77
84 77 126
0 84 37
0 84 4
0 84 168
0 86 84
84 82 126
0 88 37
0 88 4
0 88 168
0 81 42
126 79 42
126 77 84
252 71 126
0 74 31
10 74 168
0 71 84
84 71 126
0 75 31
10 75 168
0 72 84
84 69 126
0 72 31
10 72 168
0 69 84
84 69 126
0 73 31
10 74 168
0 70 84
84 57 126
0 60 31
10 60 336
0 58 168
0 57 168
0 55 168
0 53 336
0 52 168
0 51 336
0 50 168
504 59 126
0 62 37
4 62 168
0 59 84
84 62 126
0 74 37
4 74 82
1 62 84
0 71 84
84 84 126
0 87 37
4 87 168
0 84 84
84 62 126
0 65 31
10 65 168
0 62 84
84 62 126
0 67 31
10 67 168
0 63 84
84 69 126
0 72 37
4 72 168
0 69 42
126 70 42
126 70 84
252 83 126
0 86 31
10 86 168
0 83 84
84 83 126
0 87 31
10 87 168
0 84 84
84 81 126
0 84 31
10 84 168
0 81 84
84 81 126
0 85 31
10 86 168
0 82 84
84 69 126
0 72 31
10 72 336
0 70 168
0 69 168
0 67 168
0 65 336
0 64 168
0 63 336
0 62 168
504 71 126
0 74 37
4 74 168
0 71 84
84 50 126
0 62 37
4 62 84
0 50 84
0 59 84
84 84 126
0 87 37
4 87 168
0 84 84
84 74 126
0 77 31
10 77 168
0 74 84
84 74 126
0 79 31
10 79 168
0 75 84
84 81 126
0 84 37
4 84 168
0 81 42
126 82 42
126 82 84
252 59 42
126 59 84
252 82 42
126 82 84
252 59 42
126 59 84
252 58 42
126 58 84
252 62 126
0 66 39
2 66 168
0 62 84
84 59 42
126 59 84
252 59 42
126 59 84
252 59 83
84 59 166
1 59 166
1 59 166
1 59 166
1 59 166
1 71 166
1 71 166
1 71 166
1 71 166
1 83 166
1 83 166
1 83 166
1 95 166
1 95 166
1 95 168
0 82 84
84 82 84
252 62 126
0 65 37
4 65 168
0 53 84
77 74 126
0 77 37
4 77 168
0 65 84
88 86 126
0 89 37
4 89 168
0 77 84
