0 67 1127
0 65 1127
0 55 1690
0 63 422
0 68 140
0 67 563
0 67 422
0 73 140
0 72 563
0 72 140
0 74 46
0 72 46
0 71 46
0 72 140
0 74 140
0 75 563
0 66 281
0 72 281
0 71 563
0 79 281
0 87 281
0 87 563
0 78 281
0 84 281
0 74 558
4 82 563
0 82 563
0 75 563
0 77 187
0 70 187
0 72 187
0 69 187
0 70 187
0 68 93
93 58 1127
0 62 1127
0 54 1690
0 66 422
0 71 140
0 71 563
0 64 422
0 76 140
0 75 563
0 75 140
0 77 46
0 75 46
0 74 46
0 75 140
0 77 140
0 78 563
0 72 281
0 75 281
0 74 563
0 70 140
0 75 46
0 73 46
0 72 46
0 73 140
0 75 140
0 76 563
0 70 281
0 75 140
0 73 140
0 71 563
0 63 563
0 74 563
845 62 279
2 70 279
2 66 279
2 77 563
845 74 279
2 70 279
2 75 279
2 77 563
845 70 279
2 79 279
2 68 279
2 68 563
845 77 279
2 79 279
2 80 279
565 80 563
563 68 563
0 80 1690
0 67 281
0 79 140
0 79 140
0 67 563
0 72 281
0 77 140
0 77 140
0 65 563
0 70 281
0 75 140
0 75 140
0 68 1127
0 74 563
0 75 563
0 65 563
0 67 563
0 70 563
0 70 563
0 67 563
563 82 563
563 82 1690
0 82 2254
0 67 563
0 77 563
0 74 563
0 71 563
0 70 558
4 70 563
563 82 563
563 82 1690
0 70 2254
0 67 563
0 64 563
0 77 563
0 72 563
0 63 563
0 74 281
0 70 281
0 69 281
0 70 281
0 72 281
0 70 281
0 72 281
0 74 281
0 75 1127
0 84 281
0 82 281
0 77 281
0 79 281
0 77 563
563 96 281
0 94 281
0 89 281
0 91 281
0 89 563
0 84 281
0 82 281
0 71 281
0 79 281
0 67 211
70 75 211
70 79 211
70 74 211
70 74 211
70 74 211
70 75 211
70 77 211
70 79 211
70 88 211
70 88 281
845 89 281
845 70 1690
0 77 281
281 78 563
0 70 281
0 69 281
0 70 281
0 69 281
0 70 281
0 69 281
0 70 1690
0 77 281
281 79 563
0 70 281
0 69 281
0 70 281
0 69 281
0 70 281
0 69 281
0 78 563
0 70 281
0 69 281
0 70 281
0 69 281
0 70 281
0 69 281
0 77 563
0 72 281
0 71 281
0 72 281
0 71 281
0 72 281
0 71 281
0 77 281
281 74 281
0 72 281
0 77 281
281 72 281
0 70 281
0 77 281
281 70 281
0 69 281
0 77 281
281 72 281
0 70 281
0 78 563
0 70 281
0 69 281
0 70 281
0 69 281
0 70 281
0 69 281
0 77 563
0 72 281
0 71 281
0 72 281
0 71 281
0 72 281
0 71 281
0 77 281
281 74 281
0 72 281
0 77 281
281 72 281
0 71 281
0 77 281
281 74 281
0 72 281
0 77 563
0 72 1126
0 74 563
0 72 563
0 84 1126
0 82 563
0 84 563
0 91 563
0 77 563
0 77 563
0 79 563
0 87 563
0 86 562
0 79 281
0 77 281
0 79 281
0 77 281
0 79 281
0 77 281
0 84 562
0 77 281
0 75 281
0 77 281
0 75 281
0 77 281
0 75 281
0 82 281
0 70 281
0 72 281
0 70 281
0 79 562
0 77 562
0 77 281
0 65 281
0 69 281
0 65 281
0 70 281
0 65 281
0 72 562
0 74 562
0 67 281
0 65 281
0 67 281
0 65 281
0 67 281
0 65 281
0 72 562
0 65 281
0 63 281
0 65 281
0 63 281
0 65 281
0 63 281
0 70 281
0 58 281
0 60 281
0 58 281
0 67 562
0 65 562
0 58 281
0 53 281
0 63 281
0 53 281
0 58 281
0 53 281
0 60 562
0 58 1125
0 58 281
23 53 281
23 53 258
0 58 563
0 58 281
0 57 281
0 58 281
0 60 281
0 62 281
0 63 281
0 60 281
0 70 1125
0 70 281
23 65 281
23 65 258
0 70 562
0 70 281
0 69 281
0 70 281
0 72 281
0 74 281
0 75 281
0 72 281
0 74 281
0 72 281
0 70 845
0 67 281
0 65 845
0 63 281
0 62 845
0 60 281
0 58 845
0 55 281
0 53 845
0 51 281
0 50 845
0 48 281
0 46 845
0 48 281
0 46 1127
3945 70 2254
0 70 2254
0 80 1690
0 67 281
0 79 140
0 79 140
0 79 563
0 72 281
0 77 140
0 77 140
0 77 563
0 63 281
0 75 140
0 75 140
0 63 1127
0 74 563
0 75 563
0 70 563
0 70 563
0 68 563
0 70 563
0 70 563
563 82 563
563 82 1690
0 82 2254
0 67 563
0 77 563
0 74 563
0 71 563
0 58 563
0 58 563
563 82 563
563 82 1690
0 82 2254
0 79 563
0 64 563
0 65 563
0 72 563
0 63 563
0 62 281
0 70 281
0 69 281
0 70 281
0 72 281
0 74 281
0 72 281
0 77 281
0 79 1127
0 84 281
0 79 281
0 77 281
0 75 281
0 77 563
563 96 281
0 94 281
0 89 281
0 87 281
0 89 563
0 84 281
0 75 281
0 80 281
0 79 281
0 67 211
70 75 211
70 79 211
70 81 211
70 74 211
70 83 211
70 84 211
70 77 211
70 84 211
70 79 211
70 88 281
845 84 281
845 75 1690
0 77 281
281 78 563
0 70 281
0 69 281
0 70 281
0 69 281
0 70 281
0 69 281
0 75 1690
0 77 281
281 79 563
0 70 281
0 69 281
0 70 281
0 69 281
0 70 281
0 69 281
0 78 563
0 70 281
0 69 281
0 70 281
0 69 281
0 70 281
0 69 281
0 77 563
0 72 281
0 71 281
0 72 281
0 71 281
0 72 281
0 71 281
0 77 281
281 74 281
0 72 281
0 77 281
281 72 281
0 70 281
0 77 281
281 70 281
0 69 281
0 77 281
281 72 281
0 70 281
0 78 563
0 70 281
0 69 281
0 70 281
0 69 281
0 70 281
0 69 281
0 77 563
0 72 281
0 71 281
0 72 281
0 71 281
0 72 281
0 71 281
0 77 281
281 74 281
0 72 281
0 77 281
281 72 281
0 71 281
0 77 281
281 74 281
0 72 281
0 77 563
0 72 1126
0 74 563
0 72 563
0 84 1126
0 86 563
0 81 563
0 81 563
0 82 563
0 82 563
0 82 563
0 87 563
0 86 562
0 79 281
0 77 281
0 79 281
0 77 281
0 79 281
0 77 281
0 84 562
0 77 281
0 75 281
0 77 281
0 75 281
0 77 281
0 75 281
0 74 281
0 70 281
0 72 281
0 70 281
0 79 562
0 77 562
0 70 281
0 65 281
0 69 281
0 65 281
0 74 281
0 65 281
0 72 562
0 74 562
0 67 281
0 65 281
0 67 281
0 65 281
0 67 281
0 65 281
0 72 562
0 65 281
0 63 281
0 65 281
0 63 281
0 65 281
0 63 281
0 70 281
0 58 281
0 60 281
0 58 281
0 67 562
0 65 562
0 58 281
0 53 281
0 57 281
0 53 281
0 62 281
0 53 281
0 60 562
0 58 1125
0 58 281
23 53 281
23 53 258
0 58 563
0 58 281
0 57 281
0 58 281
0 60 281
0 62 281
0 63 281
0 60 281
0 70 1125
0 70 281
23 65 281
23 65 258
0 70 562
0 70 281
0 69 281
0 70 281
0 72 281
0 74 281
0 75 281
0 72 281
0 74 281
0 72 281
0 70 845
0 67 281
0 65 845
0 63 281
0 62 845
0 60 281
0 58 845
0 55 281
0 53 845
0 51 281
0 50 845
0 48 281
0 46 845
0 48 281
0 46 1127
3945 70 2254
0 80 2254
0 67 1690
0 74 281
0 79 140
140 79 563
0 72 281
0 77 140
140 65 563
0 72 281
0 75 140
140 63 563
0 69 281
0 74 140
140 62 563
0 72 281
0 84 140
0 84 140
0 65 2254
0 63 2254
0 66 3945
0 70 281
281 73 2254
0 72 2254
0 74 4508
0 72 2254
0 71 2254
0 71 4508
0 71 2254
0 70 2254
0 74 2818
0 82 563
0 83 563
0 82 563
0 74 2818
0 82 563
0 78 563
0 82 563
0 79 1690
0 77 281
0 85 140
0 85 140
0 78 563
0 77 281
0 83 140
0 83 140
0 83 563
0 66 563
0 80 563
0 66 563
0 77 563
0 66 563
0 71 2254
0 80 2254
0 67 2254
0 77 2254
0 63 2254
0 74 2254
0 67 2254
0 65 2254
0 60 2108
0 60 145
0 68 2108
0 68 145
0 63 2254
0 62 2254
0 68 2254
0 63 2254
0 63 1690
0 56 281
0 68 281
0 56 281
0 68 253
28 68 281
0 80 281
0 68 281
0 80 281
0 68 281
0 80 253
28 80 1690
0 67 281
0 79 140
0 79 140
0 79 563
0 72 281
0 77 140
0 77 140
0 77 563
0 63 281
0 75 140
0 75 140
0 70 1127
0 74 563
0 75 563
0 65 563
0 70 563
0 68 563
0 82 563
0 67 563
563 82 563
563 94 1690
0 82 2254
0 79 563
0 65 563
0 62 563
0 71 563
0 58 563
0 70 563
563 82 563
563 94 1690
0 82 2254
0 79 563
0 64 563
0 77 563
0 60 563
0 63 563
0 74 281
0 70 281
0 69 281
0 70 281
0 72 281
0 74 281
0 75 281
0 74 281
0 79 1127
0 80 281
0 82 281
0 77 281
0 75 281
0 77 563
0 80 281
0 72 281
0 67 281
0 78 281
0 74 211
70 77 211
70 79 211
70 79 211
70 75 211
70 77 211
70 87 211
70 79 211
70 89 211
70 89 211
70 82 281
845 87 281
845 68 1690
0 70 281
281 71 563
0 63 281
0 62 281
0 63 281
0 62 281
0 63 281
0 62 281
0 68 1690
0 70 281
281 72 563
0 63 281
0 62 281
0 63 281
0 62 281
0 63 281
0 62 281
0 71 563
0 63 281
0 62 281
0 63 281
0 62 281
0 63 281
0 62 281
0 70 563
0 65 281
0 64 281
0 65 281
0 64 281
0 65 281
0 64 281
0 70 281
281 67 281
0 65 281
0 70 281
281 65 281
0 63 281
0 70 281
281 63 281
0 62 281
0 70 281
281 65 281
0 63 281
0 83 563
0 75 281
0 74 281
0 75 281
0 74 281
0 75 281
0 74 281
0 82 563
0 77 281
0 76 281
0 77 281
0 76 281
0 77 281
0 76 281
0 82 281
281 79 281
0 77 281
0 82 281
281 77 281
0 76 281
0 82 281
281 79 281
0 77 281
0 82 563
0 80 1126
0 79 563
0 77 563
0 89 1126
0 87 563
0 89 563
0 86 563
0 87 563
0 94 563
0 87 563
0 92 563
0 79 562
0 84 281
0 82 281
0 84 281
0 82 281
0 84 281
0 82 281
0 77 562
0 82 281
0 80 281
0 82 281
0 80 281
0 82 281
0 80 281
0 87 281
0 75 281
0 77 281
0 75 281
0 84 562
0 82 562
0 82 281
0 70 281
0 74 281
0 70 281
0 75 281
0 70 281
0 68 281
0 70 281
0 67 562
0 72 281
0 70 281
0 72 281
0 70 281
0 72 281
0 70 281
0 65 562
0 70 281
0 68 281
0 70 281
0 68 281
0 70 281
0 68 281
0 67 281
0 63 281
0 65 281
0 63 281
0 72 281
0 63 281
0 67 281
0 63 281
0 67 281
0 58 281
0 68 281
0 56 281
0 67 281
0 55 281
0 65 562
0 63 1125
0 63 281
23 58 281
23 58 258
0 63 562
0 63 281
0 62 281
0 63 281
0 65 281
0 67 281
0 68 281
0 65 281
0 75 1125
0 75 281
23 70 281
23 70 258
0 75 562
0 75 281
0 74 281
0 75 281
0 77 281
0 79 281
0 80 281
0 77 281
0 79 281
0 77 281
0 75 845
0 72 281
0 70 845
0 68 281
0 67 845
0 65 281
0 63 845
0 60 281
0 58 845
0 56 281
0 55 845
0 53 281
0 51 845
0 53 281
0 51 1127
3945 75 2254
0 85 2254
0 84 1690
0 72 281
0 73 140
140 82 563
0 70 281
0 72 140
140 80 563
0 68 281
0 79 140
140 79 563
0 72 281
0 68 140
140 68 558
4 77 558
4 77 1127
0 64 563
0 72 563
0 72 563
0 80 563
0 70 563
0 67 563
0 77 563
563 72 563
563 96 1690
0 84 2254
0 80 563
0 67 563
0 76 563
0 61 563
0 72 558
4 60 563
563 72 563
563 84 1690
0 84 2254
0 68 563
0 77 563
0 74 563
0 71 563
0 70 563
0 70 563
563 70 563
563 94 1690
0 82 2254
0 66 563
0 65 563
0 74 563
0 59 563
0 70 558
4 70 563
563 82 563
563 82 563
563 83 563
563 71 2254
0 70 2254
0 68 563
3945 72 2254
0 70 2254
0 69 563
3945 77 2254
0 75 2254
0 74 563
3945 70 2254
0 68 2254
0 67 3381
0 68 563
0 65 563
0 75 2254
0 70 2254
0 67 1127
0 68 563
0 70 558
4 67 563
0 65 563
0 63 563
0 58 563
0 63 281
0 58 281
0 60 281
0 58 281
0 57 281
0 58 281
0 67 281
0 63 281
0 62 281
0 63 281
0 65 281
0 67 281
0 68 281
0 69 281
0 72 281
0 70 281
0 69 281
0 70 281
0 72 281
0 70 281
0 69 281
0 70 281
0 79 281
0 75 281
0 74 281
0 75 281
0 77 281
0 79 281
0 80 281
0 81 281
0 84 281
0 82 281
0 81 281
0 82 281
0 84 281
0 82 281
0 81 281
0 82 281
0 91 281
0 87 281
0 86 281
0 87 281
0 89 281
0 91 281
0 92 281
0 93 281
0 96 281
0 94 281
0 93 281
0 94 281
0 92 281
0 91 281
0 89 281
0 87 281
0 86 281
0 84 281
0 82 281
0 80 281
0 79 281
0 77 281
0 75 281
0 74 281
0 77 281
0 80 281
0 75 2254
0 70 2254
0 67 1127
0 68 563
0 70 558
4 67 563
0 65 563
0 63 563
0 58 563
0 63 281
0 58 281
0 60 281
0 58 281
0 57 281
0 58 281
0 67 281
0 63 281
0 62 281
0 63 281
0 65 281
0 67 281
0 68 281
0 69 281
0 72 281
0 70 281
0 69 281
0 70 281
0 72 281
0 70 281
0 69 281
0 70 281
0 79 281
0 75 281
0 74 281
0 75 281
0 77 281
0 79 281
0 80 281
0 81 281
0 84 281
0 82 281
0 81 281
0 82 281
0 84 281
0 82 281
0 81 281
0 82 281
0 91 281
0 87 281
0 86 281
0 87 281
0 89 281
0 91 281
0 92 281
0 93 281
0 96 281
0 94 277
4 94 281
0 70 281
0 72 281
0 70 281
0 69 281
0 70 281
0 79 281
0 75 281
0 74 281
0 75 281
0 77 281
0 79 281
0 80 281
0 81 281
0 84 281
0 82 281
0 82 281
0 58 281
0 60 281
0 58 281
0 57 281
0 58 281
0 67 281
0 63 281
0 57 281
0 58 281
0 68 281
0 65 281
0 62 281
0 72 281
0 70 281
0 62 281
0 63 2254
0 58 2254
0 55 563
3945 63 2254
0 65 2254
0 63 563
3381 63 563
0 58 2254
0 55 563
1127 75 563
0 70 2254
0 67 563
1127 87 563
563 87 563
0 82 563
0 87 558
4 79 558
4 79 4
2254 63 563
0 58 563
0 63 558
4 55 558
4 55 4
1690 53 1122
1690 53 568
0 51 281
281 53 1122
281 53 568
0 51 281
281 53 1122
281 53 568
0 51 281
281 50 1690
0 62 281
281 55 563
3945 63 281
0 65 281
0 63 281
0 62 281
0 63 281
0 65 281
0 67 281
0 68 281
0 70 281
0 72 281
0 74 281
0 75 281
0 77 281
0 79 281
0 80 281
0 82 281
0 84 375
0 86 375
0 87 375
0 89 281
0 91 281
0 92 281
0 94 281
0 96 1127
0 94 563
563 87 281
0 89 281
0 87 281
0 86 281
0 87 225
0 89 225
0 91 225
0 92 225
0 94 225
0 96 1127
0 94 563
563 87 281
0 89 281
0 87 281
0 86 281
0 87 225
0 89 225
0 91 225
0 92 225
0 94 225
0 84 2254
0 82 563
1690 53 281
1972 55 281
