367 65 91
30 65 122
0 77 91
30 77 122
0 89 795
0 89 551
918 85 551
918 89 551
918 82 918
551 73 183
0 78 183
0 73 183
0 78 183
0 73 183
0 78 183
0 70 183
0 75 366
0 71 183
0 66 183
0 71 183
0 66 183
0 71 183
0 63 183
0 75 183
0 68 183
0 73 183
0 68 183
0 65 183
0 68 183
0 65 183
0 68 183
0 66 367
0 69 367
0 65 642
0 66 91
0 78 367
551 78 551
551 78 367
1469 66 180
3 68 201
165 71 18
165 73 18
165 75 18
165 76 18
165 75 18
165 71 18
165 71 165
0 78 201
165 75 18
165 73 18
165 71 18
165 70 18
165 71 18
165 71 165
0 78 180
3 80 201
165 83 18
165 85 18
165 87 18
165 88 18
165 87 18
165 85 18
165 83 18
165 82 18
165 80 18
165 78 18
165 76 18
165 75 18
165 73 18
165 71 18
165 70 18
165 68 18
165 66 18
165 66 165
0 76 183
0 75 183
0 80 183
0 78 183
0 83 183
0 82 183
0 88 183
0 76 551
0 83 551
918 75 367
0 75 183
0 68 183
0 75 183
0 76 183
0 75 183
0 68 183
0 75 183
0 76 1653
0 70 183
0 75 183
0 74 183
0 75 183
0 70 183
0 75 183
0 73 183
0 72 183
0 75 183
0 72 183
0 80 183
0 73 183
0 80 183
0 75 183
0 80 183
0 76 734
0 64 918
0 61 183
0 66 183
0 65 183
0 66 183
0 61 183
0 66 183
0 64 183
0 63 367
0 75 734
0 73 367
0 71 183
0 75 183
0 71 183
0 75 183
0 76 183
0 75 183
0 68 183
0 71 183
0 76 183
0 80 183
0 81 183
0 85 183
0 69 183
0 81 183
0 71 183
0 80 183
0 75 183
0 80 183
0 75 183
0 79 183
0 75 183
0 80 183
0 70 183
0 82 183
183 80 918
551 80 918
551 85 918
551 76 918
367 69 91
30 69 122
0 81 122
0 81 856
0 92 489
0 88 489
0 75 489
0 74 489
0 83 489
0 80 244
0 76 244
0 75 244
0 74 244
0 71 244
0 68 244
0 64 244
0 63 244
0 62 244
12489 62 734
0 59 68
298 59 367
0 62 734
0 67 68
298 59 367
0 67 734
0 64 68
298 67 367
0 64 734
0 64 68
298 64 367
0 72 734
0 72 91
275 69 367
0 69 734
0 69 91
275 74 367
0 76 734
0 76 91
275 73 367
0 69 734
0 69 91
275 76 367
0 73 734
0 69 91
275 81 367
0 69 734
0 69 91
275 69 367
0 81 734
0 81 91
275 69 367
0 69 734
0 81 91
275 81 367
0 81 122
0 82 122
0 81 122
0 82 122
0 81 122
0 82 122
0 81 122
0 82 122
0 81 122
0 82 122
0 81 122
0 82 122
0 81 122
0 82 122
0 81 122
0 82 122
0 81 122
0 82 122
0 81 122
0 82 122
0 81 122
0 82 122
0 81 122
0 82 122
0 84 122
0 86 122
0 84 122
0 86 122
0 84 122
0 86 122
0 84 122
0 86 122
0 84 122
0 86 122
0 84 122
0 86 122
0 84 122
0 86 122
0 84 122
0 86 122
0 84 122
0 86 122
0 89 122
0 91 122
0 89 122
0 91 122
0 89 122
0 91 122
0 89 122
0 91 122
0 89 122
0 91 122
0 89 122
0 91 122
0 89 183
0 87 183
0 86 183
0 84 183
0 82 183
0 81 183
0 79 183
0 77 183
0 75 183
0 74 183
0 72 183
0 77 183
0 65 367
734 67 219
146 63 36
146 62 36
146 60 36
146 58 36
146 57 36
146 58 36
146 57 36
146 55 36
146 53 36
146 53 146
0 55 183
0 53 183
0 51 183
0 50 183
0 51 183
0 50 183
0 48 183
0 46 734
19102 58 183
551 76 122
0 77 122
0 76 122
0 77 122
0 76 122
0 77 122
0 76 122
0 77 122
0 76 122
0 77 91
0 76 91
0 74 91
0 76 91
0 77 734
367 77 219
146 74 36
146 72 36
146 70 36
146 69 36
146 74 36
146 74 697
367 74 219
146 70 36
146 69 36
146 67 36
146 65 36
146 70 36
146 70 697
367 70 219
146 67 36
146 69 36
146 67 36
146 65 36
146 64 36
146 65 36
146 64 36
146 62 36
146 62 146
0 60 183
0 62 219
146 65 36
146 66 36
146 67 36
146 69 36
146 67 36
146 67 146
0 65 219
146 69 36
146 70 36
146 71 36
146 72 36
146 74 36
146 72 36
146 70 36
146 69 36
146 67 36
146 65 36
146 64 36
146 65 36
146 64 36
146 62 36
146 62 146
0 60 219
146 64 36
146 65 36
146 66 36
146 67 36
146 69 36
146 65 36
146 65 146
0 64 219
146 72 36
146 70 36
146 70 146
0 69 219
146 72 36
146 70 36
146 70 146
0 68 219
146 70 36
146 69 36
146 69 146
0 67 219
146 75 36
146 74 36
146 74 146
0 72 219
146 74 36
146 73 36
146 73 146
0 71 219
146 74 36
146 72 36
146 72 146
0 63 219
146 70 36
146 69 36
146 69 146
0 64 183
0 65 183
0 67 183
0 65 183
0 65 183
0 72 183
0 74 183
0 72 183
0 72 367
0 62 183
183 74 734
0 70 367
0 70 367
367 58 183
183 70 734
0 67 367
0 67 367
367 67 183
183 79 403
183 79 330
0 72 36
0 72 330
0 67 36
0 67 330
0 72 36
0 72 146
183 65 367
0 72 367
0 66 367
0 65 367
0 75 367
0 75 367
0 65 36
0 65 330
0 63 36
0 63 330
0 62 36
0 62 330
0 60 36
0 60 330
0 62 36
0 62 330
0 65 183
183 71 367
0 72 367
0 66 367
0 65 367
0 62 367
0 80 183
183 70 367
0 76 367
0 70 734
0 77 367
0 72 183
183 75 367
0 79 367
0 73 367
0 72 367
0 69 367
0 89 183
183 81 367
0 84 367
0 78 367
0 77 367
0 86 367
0 92 183
183 82 367
0 88 367
0 82 734
0 86 367
0 83 367
0 79 367
0 84 367
0 79 367
0 84 367
0 77 734
0 82 367
0 82 367
0 70 367
0 58 183
0 79 183
0 82 183
0 85 183
0 76 122
0 77 122
0 76 122
0 77 122
0 76 61
0 82 61
0 77 122
0 76 122
0 77 61
0 82 61
0 76 122
0 77 91
0 76 91
0 74 91
0 76 91
0 77 183
0 79 183
0 81 183
0 82 183
0 84 183
0 82 183
0 81 183
0 79 183
0 77 183
0 79 183
0 77 183
0 75 183
0 62 183
0 85 183
0 86 183
0 85 183
0 78 122
0 79 122
0 78 122
0 79 122
0 78 61
0 84 61
0 79 122
0 78 122
0 79 61
0 84 61
0 78 122
0 79 91
0 78 91
0 75 91
0 78 91
0 79 183
0 81 183
0 83 183
0 84 183
0 86 183
0 84 183
0 83 183
0 80 183
0 79 183
0 80 183
0 79 183
0 77 183
0 75 183
0 71 183
0 72 183
0 73 183
0 75 183
0 73 183
0 72 183
0 70 183
0 68 183
0 70 183
0 68 183
0 66 183
0 65 550
0 75 183
0 77 183
0 78 183
0 77 183
0 75 183
0 73 183
0 72 183
0 70 183
0 68 183
0 73 183
0 63 183
0 64 183
0 65 183
0 66 183
0 75 183
0 73 183
0 72 183
0 70 183
0 68 183
0 66 183
0 65 183
0 70 183
0 60 183
0 61 183
0 62 183
0 63 183
0 62 183
0 63 183
0 65 183
0 66 367
0 67 367
0 68 367
0 73 367
0 66 1102
0 66 367
0 66 367
0 65 367
0 63 367
0 61 367
0 60 367
0 65 183
0 66 183
0 68 183
0 70 183
0 72 183
0 73 183
0 74 183
0 75 183
0 77 183
0 75 183
0 73 183
0 72 183
0 70 183
0 68 183
0 73 183
0 75 183
0 77 183
0 78 183
0 79 183
0 80 183
0 82 183
0 80 183
0 78 183
0 77 183
0 75 183
0 73 183
0 60 183
0 61 183
0 60 183
0 58 183
0 66 183
0 58 183
0 60 183
0 61 183
0 62 183
0 63 183
0 65 183
0 61 183
0 70 183
0 65 183
0 66 183
0 65 183
0 62 183
0 63 183
0 67 183
0 68 183
0 66 183
0 67 183
0 68 183
0 67 183
0 73 183
0 70 183
0 72 183
0 70 183
0 72 183
0 68 183
0 70 183
0 68 183
0 66 183
0 67 183
0 70 183
0 67 183
0 75 183
0 70 183
0 72 183
0 70 183
0 68 183
0 70 183
0 72 183
0 73 183
0 72 183
0 73 183
0 71 183
0 72 183
0 77 183
0 72 183
0 73 183
0 72 183
0 77 183
0 70 183
0 75 183
0 70 183
0 62 183
0 63 183
0 65 183
0 63 183
0 73 183
0 68 183
0 70 183
0 68 183
0 73 183
0 68 183
0 72 183
0 68 183
0 67 183
0 68 183
0 73 183
0 71 183
0 91 122
0 92 61
0 70 61
0 91 114
0 91 7
0 92 122
0 91 61
0 70 61
0 92 107
0 92 15
0 91 122
0 92 61
0 68 61
0 91 122
0 92 91
0 91 91
0 89 91
0 91 91
0 92 734
367 67 183
0 91 183
0 68 183
0 87 183
0 85 183
0 84 183
0 89 734
367 64 183
0 87 183
0 65 183
0 84 183
0 82 183
0 80 183
0 85 734
367 75 183
0 84 183
0 73 183
0 84 183
0 70 183
0 80 183
0 70 183
0 80 183
0 79 183
0 77 183
0 75 183
0 77 183
0 79 183
0 80 183
0 81 183
0 82 183
0 84 183
0 82 183
0 80 183
0 82 183
0 84 183
0 85 183
0 86 183
0 87 183
0 89 183
0 87 183
0 85 183
0 84 183
0 82 183
0 80 183
0 73 367
367 73 1102
0 73 364
3 73 403
330 61 36
330 60 36
330 60 330
0 58 403
0 58 330
0 69 183
0 70 183
0 72 183
0 73 183
0 75 183
0 77 183
0 78 183
0 77 183
0 75 183
0 73 183
0 72 183
0 70 183
0 75 403
330 63 36
330 61 36
330 61 330
0 60 403
0 60 330
0 50 219
146 53 36
146 55 36
146 56 36
146 58 36
146 59 36
146 58 36
146 56 36
146 55 36
146 53 36
146 51 36
146 51 146
0 52 219
146 55 36
146 56 36
146 58 36
146 60 36
146 61 36
146 60 36
146 58 36
146 56 36
146 55 36
146 53 36
146 53 146
0 75 403
330 68 36
330 66 36
330 66 330
0 65 403
0 65 330
0 85 403
330 73 36
330 71 36
330 71 330
0 70 403
0 70 697
0 80 734
0 79 367
0 73 1102
0 73 734
0 71 367
0 70 367
0 68 367
0 67 367
0 68 367
0 70 367
0 71 731
3 71 364
3 75 1102
0 73 734
0 68 367
0 66 367
0 68 367
0 70 367
0 68 367
0 66 367
0 66 367
0 65 367
0 66 367
0 68 183
0 66 183
0 65 183
0 68 183
0 66 183
0 58 183
0 61 183
0 66 183
0 70 183
0 66 183
0 65 183
0 63 183
0 65 367
0 66 183
0 68 183
0 70 734
183 78 183
0 77 183
0 75 183
0 77 367
0 78 183
0 80 366
0 65 183
0 68 183
0 73 183
0 77 183
0 89 183
0 78 183
0 85 183
0 80 367
0 85 183
0 87 183
0 80 734
0 80 183
0 77 183
0 75 183
0 73 183
0 72 183
0 70 183
0 68 183
0 66 183
0 65 180
0 65 3
183 78 183
183 80 366
0 70 183
0 72 183
0 74 183
0 77 183
0 75 183
0 74 183
0 70 183
0 70 551
0 66 183
0 90 183
0 89 183
0 87 183
0 86 183
0 83 183
0 82 183
0 80 183
0 70 367
0 66 367
0 66 183
0 78 183
0 77 183
0 75 183
0 74 183
0 71 183
0 70 183
0 68 183
0 66 183
183 80 183
183 82 918
0 79 183
0 77 183
0 75 183
0 87 183
0 83 183
0 82 183
0 80 183
0 92 183
0 89 183
0 87 183
0 86 183
0 92 918
0 80 183
0 78 183
0 77 183
0 80 183
0 77 183
0 75 183
0 74 183
0 77 183
0 70 183
0 69 183
0 70 183
0 82 183
0 77 183
0 76 183
0 77 183
0 89 183
0 82 183
0 81 183
0 82 183
0 94 183
0 92 183
0 90 183
0 89 183
0 90 734
1469 75 183
183 65 183
183 63 183
183 61 183
183 59 183
183 58 183
183 63 734
183 63 734
734 63 183
183 61 183
183 59 183
183 58 183
183 56 183
183 54 183
183 59 734
183 59 734
734 59 183
183 58 183
183 56 183
183 58 183
183 56 183
183 54 183
183 54 918
0 82 734
0 80 2204
0 92 1102
367 90 183
551 89 183
551 87 183
551 86 183
551 65 183
183 63 183
183 56 183
183 58 183
183 56 183
183 54 183
183 53 183
183 54 183
183 62 183
183 63 183
183 65 183
183 66 183
183 63 183
183 65 183
183 66 183
183 68 183
183 70 183
183 71 183
183 77 183
183 82 183
183 83 183
183 82 183
183 71 183
183 70 183
183 68 183
183 66 183
183 73 183
183 63 183
183 72 183
183 60 183
183 63 2204
0 81 122
0 82 61
0 82 61
0 81 122
0 82 122
0 81 61
0 81 61
0 82 122
0 81 122
0 82 61
0 82 61
0 81 122
0 82 122
0 81 61
0 81 61
0 82 122
0 81 122
0 82 61
0 82 61
0 81 122
0 82 122
0 81 61
0 81 61
0 82 122
0 81 122
0 82 61
0 82 61
0 81 122
0 79 183
0 81 183
0 75 122
0 77 122
0 75 122
0 77 122
0 75 122
0 77 122
0 75 122
0 77 122
0 75 122
0 77 122
0 75 122
0 77 122
0 75 122
0 77 122
0 75 122
0 73 183
0 75 183
0 73 183
183 72 183
183 70 183
183 68 183
183 66 183
183 65 183
183 75 183
183 63 183
183 65 183
183 66 183
183 66 183
0 68 183
183 70 550
183 68 183
183 66 183
183 65 183
183 76 183
0 85 183
0 82 183
0 79 183
0 76 183
0 82 183
0 79 183
0 76 183
0 73 183
0 79 183
0 76 183
0 73 183
0 70 183
0 79 183
0 76 183
0 72 183
0 73 183
0 82 183
0 79 183
0 76 183
0 72 734
734 82 1469
0 58 122
0 68 122
0 67 122
0 68 122
0 67 122
0 68 122
0 67 122
0 68 122
0 67 122
0 68 122
0 67 122
0 68 122
0 67 122
0 68 122
0 67 122
0 68 122
0 67 122
0 68 122
0 60 367
0 75 367
0 75 1469
0 60 122
0 61 122
0 60 122
0 61 122
0 60 122
0 61 122
0 87 122
0 61 122
0 60 122
0 61 122
0 60 122
0 61 122
0 60 122
0 61 122
0 60 122
0 61 122
0 60 122
0 61 122
0 63 122
0 73 122
0 72 122
0 73 122
0 72 122
0 73 122
0 72 122
0 73 122
0 72 122
0 73 122
0 72 122
0 73 122
0 64 122
0 73 122
0 72 122
0 73 122
0 72 122
0 73 122
0 70 367
0 73 367
0 73 1469
0 85 122
0 60 122
0 58 122
0 60 122
0 58 122
0 60 122
0 58 122
0 60 122
0 58 122
0 60 122
0 58 122
0 60 122
0 58 122
0 60 122
0 58 122
0 60 91
0 58 91
0 57 91
0 58 91
0 61 122
0 72 122
0 70 122
0 72 122
0 70 122
0 72 122
0 70 122
0 72 122
0 70 122
0 72 122
0 70 122
0 72 122
0 70 122
0 72 122
0 70 122
0 72 122
0 70 122
0 72 122
0 67 122
0 72 122
0 70 122
0 72 122
0 70 122
0 72 122
0 70 122
0 72 122
0 70 122
0 65 122
0 70 122
0 72 122
0 63 122
0 72 122
0 70 122
0 72 91
0 70 91
0 69 91
0 70 91
0 77 1102
0 75 367
0 73 367
0 72 367
0 67 367
0 68 367
0 69 367
0 70 367
0 63 367
0 61 367
0 69 367
0 61 367
0 63 367
0 60 359
0 60 7
183 80 219
146 77 36
146 75 36
146 75 146
0 70 183
0 72 183
0 73 183
0 72 183
0 60 183
0 63 183
0 68 183
0 72 183
0 84 183
0 82 183
0 80 183
0 79 734
0 80 183
0 72 183
0 75 183
0 80 183
0 84 183
183 85 183
183 87 734
0 60 183
0 72 183
0 70 183
0 68 183
0 67 734
0 68 183
0 60 183
0 58 183
0 56 183
0 60 183
0 68 183
0 72 183
0 77 183
0 80 183
0 77 183
0 75 183
0 73 183
0 72 918
0 68 219
146 65 36
146 65 146
0 68 36
146 80 183
0 79 183
0 77 183
0 76 183
0 72 183
0 70 183
0 68 183
0 80 183
183 82 183
183 84 366
0 74 183
0 76 183
0 77 183
0 80 183
0 79 183
0 77 183
0 81 183
183 82 183
183 84 366
0 74 183
0 76 183
0 77 183
0 81 183
0 79 180
0 79 3
0 77 183
0 82 183
183 84 183
183 85 366
0 79 183
0 81 183
0 82 168
0 82 15
0 82 366
0 77 183
0 81 183
183 77 183
183 77 183
0 78 366
0 84 183
0 85 183
0 87 183
0 75 183
0 73 183
0 72 183
0 77 219
146 81 36
146 79 36
146 77 36
146 77 146
0 75 183
0 74 183
0 72 183
0 70 183
0 77 183
0 78 183
0 80 183
0 79 219
0 79 146
0 80 36
146 79 36
146 77 36
146 77 146
0 75 183
0 63 183
0 72 183
0 70 183
0 67 183
0 68 183
0 70 183
0 63 183
0 75 219
146 72 36
146 70 36
146 70 146
0 68 183
0 67 183
0 65 183
0 67 183
0 70 183
0 72 183
0 73 183
0 72 219
0 72 146
0 82 36
146 80 36
146 79 36
146 79 146
0 77 183
0 75 183
0 73 183
0 63 183
183 67 183
183 68 367
0 79 367
0 80 367
0 73 367
0 75 367
0 84 367
0 73 219
146 75 36
146 73 36
146 73 146
0 72 36
0 72 146
0 70 183
0 68 183
0 66 183
0 65 183
183 72 183
183 73 367
0 66 183
183 68 367
0 76 367
0 77 367
0 70 551
0 82 219
146 78 36
146 78 146
0 77 36
0 77 146
0 75 183
0 73 183
0 71 183
0 61 183
183 65 183
183 66 367
0 71 367
0 73 367
0 68 367
0 70 367
0 82 367
0 83 183
0 74 183
0 73 36
146 71 36
146 70 36
146 70 146
0 67 183
0 66 183
0 64 183
0 62 183
183 70 183
183 71 367
0 64 367
0 66 367
0 73 367
0 74 367
0 73 367
0 78 183
183 82 183
183 83 1102
0 85 183
183 86 183
183 88 183
183 90 367
367 78 367
1836 78 734
0 76 1469
0 73 734
0 74 1469
0 73 1469
0 71 734
0 71 734
0 71 734
0 66 734
0 74 734
0 73 734
0 66 367
367 82 122
0 83 122
0 82 122
0 83 122
0 82 122
0 83 122
0 82 122
0 83 122
0 82 122
0 83 91
0 82 91
0 80 91
0 82 91
0 83 734
367 83 183
0 81 183
0 79 183
0 78 183
0 76 183
0 78 183
0 79 183
0 81 183
0 79 183
0 78 183
0 76 183
0 74 183
0 73 183
0 74 183
0 76 183
0 74 183
0 73 183
0 71 183
0 69 183
0 68 183
0 69 183
0 67 183
0 66 183
0 69 180
3 71 183
0 73 183
0 74 183
0 76 183
0 78 183
0 79 183
0 81 183
0 83 183
0 81 183
0 80 183
0 79 183
0 78 183
0 76 183
0 75 183
0 76 183
0 78 183
0 76 183
0 75 183
0 74 183
0 73 183
0 71 183
0 69 183
0 71 183
0 73 183
0 74 183
0 73 183
0 74 183
0 76 183
0 78 183
0 76 183
0 78 183
0 79 183
367 79 734
0 74 183
0 76 183
0 78 183
0 79 183
0 81 183
0 83 183
367 83 734
0 78 183
0 79 183
0 81 183
0 83 183
0 85 183
0 86 183
367 86 734
0 85 122
0 86 122
0 85 122
0 86 122
0 85 122
0 86 122
0 85 122
0 86 122
0 85 122
0 86 122
0 85 122
0 86 122
0 70 367
367 70 122
0 71 122
0 70 122
0 71 122
0 70 122
0 71 122
0 70 122
0 71 122
0 70 122
0 71 122
0 70 122
0 71 122
0 70 122
0 71 122
0 70 122
0 71 183
0 70 183
0 71 734
0 74 734
0 66 734
0 64 734
0 73 734
0 61 734
0 64 734
0 71 734
0 61 1469
0 59 734
0 64 367
0 62 367
0 61 367
0 62 367
0 61 367
0 62 367
0 64 367
0 65 367
0 61 734
0 54 734
0 78 734
0 74 122
0 76 122
0 74 122
0 76 122
0 74 122
0 76 122
0 74 122
0 76 122
0 74 122
0 76 122
0 74 122
0 76 122
0 62 367
0 65 367
0 61 734
0 54 734
0 66 367
0 68 183
0 70 183
0 71 183
0 73 183
0 74 183
0 76 183
0 78 183
0 79 183
367 79 734
0 78 122
0 79 122
0 78 122
0 79 122
0 78 122
0 79 122
0 78 122
0 79 122
0 78 122
0 79 122
0 78 122
0 79 122
0 74 734
0 71 122
0 64 122
0 62 122
0 64 122
0 62 122
0 64 122
0 62 122
0 64 122
0 62 122
0 64 122
0 62 122
0 64 122
0 61 734
0 64 183
0 66 183
0 67 183
0 69 183
0 71 183
0 73 183
0 61 183
0 62 183
0 73 183
0 66 183
0 67 183
0 69 183
0 67 183
0 69 183
0 71 183
0 73 183
0 74 183
0 76 183
0 64 183
0 66 183
0 76 183
0 69 183
0 71 183
0 73 183
0 79 183
0 78 183
0 76 183
0 74 183
0 73 183
0 71 183
0 67 183
0 66 183
0 71 183
0 62 183
0 61 183
0 59 183
0 76 183
0 74 183
0 73 183
0 71 183
0 69 183
0 67 183
0 64 183
0 62 183
0 67 183
0 59 183
0 57 183
0 55 183
0 62 183
0 61 183
0 59 183
0 57 183
0 55 183
0 54 183
0 66 183
0 67 183
0 69 183
0 71 183
0 73 183
0 74 183
0 66 183
0 64 183
0 62 183
0 61 183
0 59 183
0 57 183
0 69 183
0 71 183
0 73 183
0 74 183
0 76 183
0 78 183
0 67 183
0 66 183
0 64 183
0 62 183
0 61 183
0 59 183
0 71 183
0 73 183
0 67 183
0 76 183
0 78 183
0 79 183
0 76 183
0 74 183
0 73 183
0 71 183
0 69 183
0 67 183
0 79 183
0 81 183
0 79 183
0 85 183
0 86 183
0 88 183
0 78 183
0 88 183
0 86 183
0 85 183
0 83 183
0 81 183
367 81 734
0 74 183
0 85 183
0 83 183
0 81 183
0 79 183
0 78 183
367 78 734
1102 74 183
0 76 183
0 78 183
0 79 183
0 81 183
0 82 183
0 83 183
0 81 183
0 79 183
0 78 183
0 76 183
0 74 183
0 79 183
0 78 183
0 76 183
0 74 183
0 72 183
0 71 183
0 76 183
0 74 183
0 73 183
0 71 183
0 69 183
0 68 183
0 67 183
0 62 183
0 61 183
0 59 183
0 57 183
0 56 183
0 64 183
0 62 183
0 61 183
0 62 183
0 66 918
0 61 183
0 62 183
0 64 183
0 62 734
0 71 734
183 62 183
0 59 183
0 65 183
0 66 367
0 66 367
0 62 183
0 66 183
0 68 183
0 64 183
0 67 183
0 64 183
0 66 183
0 57 183
0 58 367
0 64 367
0 58 734
0 52 367
0 58 367
0 54 183
0 56 183
0 57 183
0 53 183
0 54 183
0 61 183
0 62 183
0 55 183
0 57 183
0 61 183
0 62 183
0 58 183
0 59 183
0 53 183
0 54 183
0 49 183
0 50 183
0 54 183
0 55 183
0 51 183
0 52 183
0 57 183
0 59 183
0 54 183
0 55 183
0 58 183
0 59 183
0 54 183
0 55 183
0 63 183
0 64 183
0 57 183
0 59 183
0 66 183
0 67 183
0 58 183
0 57 367
0 68 367
0 69 734
0 61 367
0 57 367
0 66 367
0 58 367
0 59 734
0 63 367
0 57 367
0 55 367
0 71 367
0 72 734
0 64 367
0 60 367
0 69 367
0 61 367
0 62 734
0 66 367
0 60 367
0 59 183
0 60 183
0 74 36
146 72 36
146 71 36
146 71 1065
0 76 734
0 76 183
0 74 183
0 72 734
0 73 367
0 78 734
0 78 183
0 76 183
0 74 1102
0 71 183
0 79 551
0 79 183
0 77 183
0 76 367
0 79 367
0 78 367
0 79 367
0 84 367
367 69 122
0 71 122
0 69 122
0 71 122
0 69 122
0 71 122
0 69 122
0 71 122
0 69 122
0 71 122
0 69 122
0 71 122
0 67 734
367 67 183
0 69 183
0 71 183
0 72 183
0 74 183
0 76 183
0 71 734
367 71 183
0 72 183
0 74 183
0 76 183
0 78 183
0 79 183
0 74 734
367 74 183
0 76 183
0 78 183
0 76 183
0 78 183
0 79 183
0 81 183
0 80 183
0 81 183
0 83 183
0 84 183
0 83 183
0 81 183
0 79 183
0 78 183
0 75 183
0 74 183
0 76 183
0 78 183
0 76 183
0 74 183
0 72 183
0 71 183
0 69 183
0 67 183
0 69 183
0 71 183
0 72 183
0 74 183
0 75 183
0 76 183
0 79 183
0 78 183
0 76 183
0 74 183
0 79 183
0 78 183
0 79 183
0 73 734
0 69 367
0 63 367
0 66 367
0 69 367
0 71 367
0 67 367
0 73 367
0 74 367
0 67 367
0 78 367
0 79 1102
0 78 367
0 76 367
0 79 183
0 78 183
0 66 734
1102 76 183
0 74 183
0 62 734
1102 83 183
0 81 183
0 78 183
0 74 183
0 73 183
0 71 183
0 70 183
0 60 183
0 61 183
0 63 183
0 69 183
0 63 183
0 64 183
0 66 183
0 67 183
0 66 183
0 71 183
0 62 183
0 73 183
0 72 183
0 73 183
0 74 183
0 76 183
0 75 183
0 76 183
0 78 183
0 79 183
0 78 183
0 76 183
0 74 183
0 73 183
0 70 183
0 69 183
0 71 183
0 72 183
0 71 183
0 69 183
0 67 183
0 66 183
0 67 183
0 69 183
0 71 183
0 72 122
0 74 122
0 72 122
0 74 122
0 72 122
0 74 122
0 72 122
0 74 122
0 72 122
0 74 122
0 72 61
0 66 61
0 74 122
0 67 734
0 69 122
0 71 122
0 69 122
0 71 122
0 69 122
0 71 122
0 69 122
0 71 122
0 69 122
0 71 122
0 69 61
0 63 61
0 71 122
0 68 183
0 71 183
0 68 183
0 64 183
0 67 122
0 69 122
0 67 122
0 69 122
0 67 122
0 69 122
0 67 122
0 69 122
0 67 122
0 69 122
0 67 61
0 61 61
0 69 122
0 66 183
0 69 183
0 66 183
0 62 183
0 66 183
0 64 183
0 66 183
0 67 183
0 69 183
0 71 183
0 83 183
0 75 183
0 76 367
0 88 367
0 64 183
0 62 183
0 64 183
0 66 183
0 67 183
0 69 183
0 81 183
0 73 183
0 74 367
0 86 367
0 62 183
0 60 183
0 62 183
0 63 183
0 65 183
0 67 183
0 79 183
0 71 183
0 72 367
0 84 551
0 76 183
0 77 183
0 79 183
0 80 366
0 65 183
0 67 183
0 68 366
0 72 183
0 74 183
0 75 183
0 67 183
0 70 219
0 70 146
0 67 36
146 65 36
146 63 36
146 62 36
146 75 36
146 74 36
146 72 36
146 70 36
146 70 146
0 75 183
0 70 219
146 74 36
146 74 146
0 72 36
146 70 36
146 68 36
146 67 36
146 67 146
0 79 219
146 72 36
146 70 36
146 74 36
146 74 146
0 77 219
146 79 36
146 79 146
0 77 36
146 75 36
146 74 36
146 72 36
146 72 146
0 70 219
146 65 36
146 63 36
146 62 36
146 60 36
146 62 36
146 63 36
146 65 36
146 65 146
0 72 219
146 75 36
146 77 36
146 77 146
0 67 219
146 69 36
146 70 36
146 70 146
0 79 219
146 81 36
146 82 36
146 82 146
0 72 219
146 75 36
146 75 146
0 77 36
146 75 36
146 74 36
146 74 146
0 75 36
0 75 146
0 84 367
367 68 122
0 70 122
0 68 122
0 70 122
0 68 122
0 70 122
0 68 122
0 70 122
0 68 122
0 70 122
0 68 122
0 70 122
0 77 219
146 80 36
146 82 36
146 84 36
146 84 146
0 86 183
0 87 183
0 88 183
0 89 183
0 91 183
0 92 367
0 94 367
367 79 122
0 80 122
0 79 122
0 80 122
0 79 122
0 80 122
0 79 122
0 80 122
0 79 122
0 80 122
0 79 122
0 80 122
0 75 219
146 79 36
146 80 36
146 82 36
146 82 146
0 84 183
0 85 183
0 86 183
0 87 183
0 89 183
0 90 183
0 91 183
0 92 183
0 80 36
146 79 36
146 77 36
146 77 143
3 77 183
0 74 183
0 72 183
0 70 183
0 69 183
0 70 183
0 65 183
0 68 183
0 67 183
0 82 219
146 86 36
146 82 36
146 82 146
0 86 183
0 87 183
0 89 183
0 91 183
0 89 183
0 91 183
0 92 183
0 94 183
183 80 219
183 80 143
3 79 183
0 76 183
0 73 183
0 72 183
0 71 183
0 72 183
0 67 183
0 70 183
0 68 183
183 84 219
146 84 36
146 84 146
0 91 183
0 92 183
0 91 183
0 89 183
0 87 183
0 78 183
0 84 183
0 83 367
0 74 183
183 59 91
0 60 91
0 59 91
0 60 91
0 55 183
183 71 91
0 72 91
0 71 91
0 72 91
0 79 183
183 63 91
0 65 91
0 63 91
0 65 91
0 60 183
183 75 91
0 77 91
0 75 91
0 77 91
0 84 183
183 69 91
0 70 91
0 69 91
0 70 91
0 62 183
183 78 91
0 79 91
0 78 91
0 79 91
0 86 183
183 70 367
0 67 183
183 82 91
0 84 91
0 82 91
0 84 91
0 91 183
183 76 91
0 77 91
0 76 91
0 77 91
0 73 183
183 88 91
0 89 91
0 88 91
0 89 91
0 81 183
183 89 183
183 86 183
183 81 183
183 77 183
183 74 183
183 69 183
183 56 183
183 80 183
183 81 183
551 93 183
4224 69 770
697 66 36
697 67 36
697 69 36
697 69 697
0 62 734
0 62 770
0 62 697
0 67 770
0 67 697
0 66 36
0 66 697
0 64 734
0 61 734
0 69 734
0 63 770
697 66 36
697 66 697
0 71 734
0 73 36
0 73 697
0 74 36
0 74 697
0 69 734
0 67 734
0 66 734
0 58 734
0 64 734
0 61 734
0 62 734
0 69 770
697 73 36
697 73 697
0 69 36
697 67 36
697 67 697
0 66 770
697 69 36
697 74 36
697 64 36
697 64 697
0 73 36
0 73 697
0 67 734
0 71 734
0 66 1505
697 62 36
697 64 36
697 64 697
0 61 734
0 69 734
0 63 734
0 66 734
0 71 734
0 64 734
0 76 770
697 73 36
697 73 697
0 78 770
697 74 36
697 74 697
0 81 770
697 78 36
697 78 697
0 71 734
0 69 734
0 67 734
0 66 770
697 69 36
697 69 697
0 71 770
697 69 36
697 69 697
0 65 770
697 62 36
697 62 2902
0 61 734
0 63 1469
0 64 734
0 67 1469
0 66 734
0 75 734
0 75 734
0 74 734
0 73 734
0 72 367
367 69 122
0 70 122
0 69 122
0 70 122
0 69 122
0 70 122
0 69 122
0 70 122
0 69 122
0 70 91
0 69 91
0 67 91
0 69 91
0 74 770
330 70 219
146 67 36
146 65 36
146 63 36
146 62 36
146 62 146
0 67 734
0 72 586
146 63 36
146 62 36
146 60 36
146 59 36
146 59 146
0 62 367
0 62 367
0 67 734
0 65 734
0 64 770
697 67 36
697 67 697
0 60 734
0 62 770
0 62 697
0 65 36
0 65 697
0 67 770
0 67 697
0 63 36
0 63 330
0 72 489
0 82 122
0 81 122
0 82 122
0 81 122
0 82 122
0 81 122
0 82 122
0 81 122
0 82 122
0 81 122
0 82 122
367 82 183
0 81 183
0 79 183
0 77 183
0 75 183
0 74 183
367 58 183
0 56 183
0 55 183
0 53 183
0 51 183
0 50 183
367 79 183
0 77 183
0 75 183
0 74 183
0 72 183
0 70 183
367 60 183
0 58 183
0 56 183
0 55 183
0 53 183
0 52 183
367 77 183
0 76 183
0 73 183
0 72 183
0 70 183
0 69 183
367 57 183
0 55 183
0 54 183
0 51 183
0 50 183
0 48 183
367 86 183
0 84 183
0 82 183
0 81 183
0 79 183
0 78 183
367 62 183
0 61 183
0 60 183
0 58 183
0 57 183
0 55 183
367 75 183
0 74 183
0 72 183
0 70 183
0 69 183
0 67 183
0 65 183
0 64 183
0 70 183
0 60 183
0 58 183
0 57 183
0 55 183
0 53 183
0 52 183
0 50 183
0 60 183
0 58 183
0 57 183
0 55 183
0 53 183
0 52 183
0 58 183
0 48 183
0 52 183
0 55 183
0 46 367
367 64 122
0 65 122
0 64 122
0 65 122
0 64 122
0 65 122
0 64 122
0 65 122
0 64 122
0 65 91
0 64 91
0 62 91
0 64 91
0 65 734
367 65 183
0 64 183
0 62 183
0 60 183
0 58 183
0 57 183
0 62 734
367 62 183
0 60 183
0 58 183
0 57 183
0 55 183
0 53 183
0 58 734
367 70 183
0 69 183
0 67 183
0 69 183
0 67 183
0 65 183
0 64 183
0 65 183
0 64 183
0 62 183
0 60 183
0 62 183
0 64 183
0 65 183
0 66 183
0 67 183
0 69 183
0 67 183
0 65 183
0 67 183
0 69 183
0 70 183
0 71 183
0 72 183
0 74 183
0 72 183
0 74 183
0 72 183
0 70 183
0 69 183
0 60 122
0 62 122
0 60 122
0 62 122
0 60 122
0 62 122
0 60 122
0 62 122
0 60 122
0 62 122
0 60 122
0 62 122
0 58 734
367 58 183
0 60 183
0 62 183
0 63 183
0 62 183
0 60 183
0 58 183
0 57 183
0 55 183
0 53 183
0 58 550
0 63 183
0 65 183
0 67 183
0 58 183
0 70 183
0 67 183
0 59 183
0 60 183
0 62 183
0 63 550
0 67 183
0 69 183
0 67 183
0 63 183
0 70 183
0 72 183
0 70 183
0 64 183
0 74 183
0 75 183
0 74 183
0 65 183
0 74 183
0 75 183
0 74 183
0 73 183
0 72 183
0 70 183
0 69 183
0 63 183
0 69 183
0 62 183
0 69 183
0 67 183
0 65 183
0 60 183
0 78 183
0 79 183
0 77 183
0 75 183
0 74 183
0 72 183
0 70 183
0 69 183
0 70 183
0 69 183
0 67 183
0 65 183
0 67 183
0 69 183
0 70 183
0 72 183
0 73 183
0 74 183
0 72 183
0 70 183
0 76 183
0 77 183
0 79 367
0 72 183
0 74 183
0 76 183
0 77 183
0 79 183
0 81 183
0 82 183
0 84 183
0 81 183
0 79 183
0 77 183
0 75 183
0 74 183
0 76 183
0 78 183
0 79 183
0 81 183
0 82 183
0 84 183
0 86 183
0 82 183
0 81 183
0 79 183
0 77 183
0 75 183
0 77 183
0 79 183
0 81 183
0 82 183
0 84 183
0 86 183
0 87 367
367 69 122
0 74 122
0 72 122
0 74 122
0 72 122
0 74 122
0 63 122
0 74 122
0 72 122
0 74 91
0 72 91
0 70 91
0 72 91
0 62 367
0 61 367
0 67 122
0 72 122
0 70 122
0 72 122
0 70 122
0 72 122
0 61 122
0 72 122
0 70 122
0 72 91
0 70 91
0 69 91
0 70 91
0 60 367
0 68 367
0 65 122
0 70 122
0 68 122
0 70 122
0 68 122
0 70 122
0 59 122
0 70 122
0 68 122
0 70 91
0 68 91
0 67 91
0 68 91
0 58 367
0 64 367
1102 67 367
0 64 367
0 65 367
1102 69 367
0 66 367
0 67 367
1102 70 367
0 67 367
0 69 367
0 69 183
0 65 183
0 67 183
0 69 183
0 70 183
0 69 183
0 70 183
0 65 183
0 67 183
0 66 183
0 67 183
0 60 183
0 69 183
0 69 183
0 68 367
0 67 183
0 69 183
0 71 183
0 72 183
0 73 183
0 74 183
0 75 183
0 74 183
0 77 367
0 75 367
0 66 183
0 67 183
0 68 183
0 67 183
0 71 367
0 72 367
0 69 183
0 70 183
0 69 183
0 67 183
0 65 183
0 67 183
0 69 183
0 70 183
0 71 183
0 72 183
0 74 183
0 72 183
0 75 367
0 74 367
0 64 183
0 65 183
0 67 183
0 65 183
0 69 367
0 70 367
0 59 183
0 60 183
0 59 183
0 57 183
0 55 183
0 57 183
0 59 183
0 60 183
0 61 183
0 62 183
0 63 183
0 62 183
0 72 183
0 62 183
0 64 183
0 65 183
0 70 183
0 67 183
0 68 183
0 67 183
0 65 183
0 64 183
0 70 183
0 60 183
0 69 183
0 70 183
0 69 183
0 67 183
0 65 183
0 67 183
0 69 183
0 70 183
0 71 183
0 72 183
0 74 183
0 72 183
0 70 183
0 72 183
0 74 183
0 75 183
0 76 183
0 77 183
0 79 183
0 77 183
0 67 183
0 74 183
0 65 183
0 77 91
0 77 91
0 65 183
0 72 183
0 63 183
0 72 91
0 72 91
0 62 183
0 75 183
0 60 183
0 75 91
0 75 91
0 69 183
0 72 183
0 74 183
0 75 183
0 76 183
0 77 183
0 79 183
0 77 183
0 81 183
0 82 183
0 84 183
0 82 183
0 75 183
0 79 183
0 74 183
0 79 91
0 79 91
0 74 183
0 81 183
0 72 183
0 81 91
0 81 91
0 70 183
0 84 183
0 69 183
0 84 91
0 84 91
0 74 183
0 78 183
0 72 183
0 78 91
0 78 91
0 72 183
0 80 183
0 70 183
0 79 91
0 79 91
0 74 183
0 83 183
0 75 183
0 82 91
0 82 91
0 74 183
0 81 183
0 72 183
0 81 91
0 81 91
0 76 183
0 86 183
0 77 183
0 86 91
0 86 91
0 75 183
0 84 183
0 74 183
0 82 91
0 82 91
0 73 183
0 74 183
0 72 219
0 72 146
0 68 183
0 62 183
0 67 219
0 67 146
0 62 183
0 64 183
0 61 219
0 61 146
0 70 183
0 64 183
0 69 219
0 69 146
0 63 183
0 66 183
0 62 219
0 62 146
0 70 183
0 69 183
0 70 219
0 70 146
0 73 183
0 72 183
0 73 219
0 73 146
0 64 367
367 85 122
0 89 122
0 88 122
0 89 122
0 88 122
0 89 122
0 88 122
0 89 122
0 88 122
0 89 91
0 88 91
0 86 91
0 88 91
0 91 458
0 91 275
0 76 122
0 77 122
0 76 122
0 77 122
0 76 61
0 89 61
0 77 122
0 76 122
0 77 61
0 85 61
0 76 122
0 84 91
0 76 91
0 82 91
0 76 91
0 77 458
0 77 275
0 93 367
0 77 183
0 76 183
0 74 183
0 72 183
0 70 183
0 69 183
0 74 458
0 74 275
0 89 367
0 74 183
0 72 183
0 70 183
0 69 183
0 67 183
0 65 183
0 70 734
0 86 367
0 84 367
0 82 367
0 83 367
0 84 367
367 82 1102
0 82 367
0 77 219
146 81 36
146 82 36
146 83 36
146 84 36
146 86 36
146 84 36
146 82 36
146 81 36
146 79 36
146 77 36
146 77 146
0 86 367
367 84 1102
0 84 367
0 79 219
146 82 36
146 84 36
146 85 36
146 86 36
146 87 36
146 86 36
146 84 36
146 82 36
146 81 36
146 79 36
146 79 146
0 89 367
367 87 1102
0 87 367
0 82 219
146 86 36
146 87 36
146 88 36
146 89 36
146 91 36
146 89 36
146 88 36
146 89 36
146 90 36
146 89 36
146 89 146
0 86 219
146 89 36
146 87 36
146 87 146
0 84 219
146 87 36
146 85 36
146 85 146
0 83 219
146 85 36
146 84 36
146 84 146
0 75 183
183 90 367
0 66 183
0 75 183
0 77 183
0 75 183
0 77 183
0 75 183
0 74 183
0 75 183
0 74 367
0 58 367
0 70 367
0 74 183
0 75 183
0 77 183
0 79 183
0 81 183
0 82 183
0 77 734
0 74 367
0 77 183
0 79 183
0 81 183
0 82 183
0 84 183
0 86 183
0 79 734
0 75 367
0 79 183
0 81 183
0 82 183
0 83 183
0 84 183
0 86 183
0 87 367
0 88 551
0 89 183
0 87 183
0 86 183
0 84 183
0 82 183
0 81 183
0 79 183
0 77 183
0 79 183
0 77 183
0 75 183
0 74 183
0 75 183
0 77 183
0 76 183
0 77 367
1102 59 367
367 75 122
0 77 122
0 75 122
0 77 122
0 75 122
0 77 122
0 75 122
0 77 122
0 75 122
0 77 91
0 75 91
0 74 91
0 75 91
0 79 734
367 79 183
0 77 183
0 75 183
0 74 183
0 72 183
0 71 183
0 72 734
0 67 550
0 70 183
0 60 183
0 67 183
0 65 183
0 64 183
0 62 183
0 60 183
0 58 183
0 57 183
0 69 367
0 62 183
0 60 183
0 58 183
0 57 183
0 55 183
0 53 183
0 52 183
0 50 183
0 48 183
0 46 183
367 75 183
0 74 183
0 72 183
0 70 183
0 69 183
0 67 183
0 65 183
0 63 183
0 62 183
0 60 183
0 72 367
0 60 183
0 58 183
0 57 183
0 55 183
0 53 183
0 51 183
0 50 183
0 60 183
0 58 183
0 57 183
0 62 183
0 72 183
0 77 183
0 75 183
0 74 183
0 72 183
0 70 183
0 69 183
0 79 183
0 77 183
0 75 183
0 74 183
0 74 183
0 81 183
0 79 183
0 77 183
0 67 367
0 72 367
0 93 122
0 94 122
0 93 122
0 84 122
0 93 122
0 94 122
0 93 122
0 94 122
0 93 122
0 94 91
0 93 91
0 91 91
0 93 91
0 94 734
367 94 183
0 93 183
0 91 183
0 89 183
0 87 183
0 86 183
0 63 367
0 79 367
0 79 122
0 81 122
0 79 122
0 81 122
0 79 61
0 89 61
0 81 122
0 79 122
0 81 61
0 86 61
0 79 122
0 81 122
0 79 61
0 82 61
0 81 122
0 87 122
0 81 122
0 79 122
0 80 367
0 81 367
0 87 183
0 86 183
0 84 183
0 86 183
0 64 183
0 82 183
0 65 183
0 82 183
0 81 183
0 79 183
0 77 183
0 79 183
0 81 183
0 82 183
0 83 183
0 84 183
0 86 183
0 84 183
0 82 183
0 84 183
0 86 183
0 87 183
0 89 183
0 80 183
0 81 183
0 82 183
0 84 367
0 82 367
0 79 367
0 77 367
0 70 367
0 68 367
0 92 367
0 87 275
91 91 367
0 84 367
0 86 367
0 89 275
91 72 367
0 70 367
734 80 367
367 66 122
0 67 122
0 66 122
0 67 122
0 66 122
0 67 122
0 66 122
0 67 122
0 66 122
0 67 91
0 66 91
0 67 91
0 66 91
0 78 367
367 63 122
0 65 122
0 63 122
0 65 122
0 63 122
0 65 122
0 63 122
0 65 122
0 63 122
0 65 91
0 63 91
0 62 91
0 63 91
0 66 183
0 45 183
0 48 183
0 51 183
0 54 183
0 57 183
0 60 183
0 63 183
0 66 183
0 57 183
0 60 183
0 63 183
0 66 183
0 69 183
0 72 183
0 75 183
0 78 183
0 69 183
0 72 183
0 75 183
0 78 183
0 81 183
0 84 183
0 87 183
0 90 183
0 69 183
0 72 183
0 75 183
0 78 183
0 57 183
0 60 183
0 63 183
0 66 183
0 45 183
0 48 183
0 51 183
0 54 734
0 45 1102
0 41 367
0 70 183
0 68 183
0 70 183
0 68 183
0 70 183
0 68 183
0 67 183
0 68 183
0 71 734
0 68 367
0 71 183
0 70 183
0 68 183
0 66 183
0 65 183
0 63 183
0 68 734
0 65 367
0 68 183
0 66 183
0 65 183
0 63 183
0 62 183
0 59 183
0 66 734
0 63 367
0 66 183
0 65 183
0 63 183
0 61 183
0 63 183
0 58 183
0 57 183
0 65 183
0 63 183
0 62 183
0 54 183
0 61 183
0 60 183
0 59 183
0 60 183
0 59 183
0 54 183
0 61 183
0 54 367
0 53 367
0 60 367
0 51 367
0 50 367
0 60 367
0 51 367
0 50 367
0 51 367
0 50 367
0 45 367
0 46 367
0 54 367
0 53 367
0 63 367
0 62 367
0 69 367
0 70 367
0 81 91
0 82 91
0 81 91
0 82 91
0 81 91
0 82 91
0 81 91
0 82 91
0 81 91
0 82 91
0 81 91
0 82 91
0 81 122
0 79 122
0 81 122
0 70 734
0 64 91
0 65 91
0 64 91
0 65 91
0 64 91
0 65 91
0 64 91
0 65 91
0 70 91
0 65 91
0 64 91
0 65 91
0 64 122
0 62 122
0 64 122
0 65 734
0 69 91
0 70 91
0 69 91
0 70 91
0 69 91
0 70 91
0 69 91
0 70 91
0 69 91
0 70 91
0 69 91
0 70 91
0 69 122
0 67 122
0 69 122
0 65 734
0 65 1102
0 79 219
146 75 36
146 74 36
146 72 36
146 71 36
146 71 146
0 75 734
367 67 219
146 63 36
146 62 36
146 60 36
146 59 36
146 59 146
0 63 734
367 79 219
146 75 36
146 74 36
146 72 36
146 71 36
146 79 36
146 77 36
146 75 36
146 74 36
146 72 36
146 70 36
146 69 36
146 67 36
146 65 36
146 63 36
146 62 36
146 60 36
146 58 36
146 58 146
0 57 183
0 55 183
0 53 183
0 51 183
0 50 183
0 48 183
0 46 183
0 45 183
0 43 183
0 41 183
0 40 183
0 41 367
367 69 122
0 82 122
0 81 122
0 82 122
0 81 122
0 82 122
0 81 122
0 82 122
0 81 122
0 82 91
0 81 91
0 79 91
0 81 91
0 70 367
367 55 367
367 71 122
0 84 122
0 83 122
0 84 122
0 83 122
0 84 122
0 83 122
0 84 122
0 83 122
0 84 91
0 83 91
0 81 91
0 83 91
0 72 367
367 57 367
367 73 122
0 86 122
0 85 122
0 86 122
0 85 122
0 86 122
0 85 122
0 86 122
0 85 122
0 86 91
0 85 91
0 83 91
0 85 91
0 74 367
367 58 367
367 74 122
0 87 122
0 86 122
0 87 122
0 86 122
0 87 122
0 86 122
0 87 122
0 86 122
0 87 91
0 86 91
0 84 91
0 86 91
0 75 367
367 60 367
367 76 122
0 89 122
0 88 122
0 89 122
0 88 122
0 89 122
0 88 122
0 89 122
0 88 122
0 89 91
0 88 91
0 86 91
0 88 91
0 77 367
367 62 367
367 78 122
0 91 122
0 90 122
0 91 122
0 90 122
0 91 122
0 90 122
0 91 122
0 90 122
0 91 91
0 90 91
0 88 91
0 90 91
0 79 367
367 63 367
367 93 1102
367 94 1102
367 81 1102
1102 82 2938
