0 63 329
54 67 54
0 75 164
0 72 54
0 79 164
0 75 54
0 84 164
0 79 54
0 87 54
164 87 54
384 67 109
109 67 439
0 67 214
0 67 4
0 68 329
54 71 54
0 77 164
0 74 54
0 83 164
0 77 54
0 86 164
0 83 54
0 89 54
164 89 54
384 71 109
109 71 439
0 72 164
0 72 27
0 75 27
0 79 329
0 77 109
0 75 219
0 74 439
0 72 164
0 67 18
0 72 18
0 75 18
0 79 329
0 77 109
0 72 219
0 71 439
0 72 164
0 67 18
0 72 18
0 75 18
0 67 329
0 77 109
0 75 439
0 74 54
164 72 439
0 59 54
164 56 439
0 55 109
549 59 73
0 62 73
0 65 73
0 68 73
0 67 73
0 65 73
0 63 54
824 53 73
0 56 73
0 62 73
0 65 73
0 63 73
0 62 73
0 60 54
824 55 73
0 59 73
0 62 73
0 65 73
0 62 73
0 59 73
0 55 329
54 60 54
0 67 164
0 63 54
0 72 164
0 67 54
0 75 164
0 72 54
0 79 54
164 79 54
329 59 54
0 67 164
0 62 54
0 71 164
0 67 54
0 74 164
0 71 54
0 79 54
164 79 54
329 63 54
0 67 164
0 63 54
0 72 164
0 67 54
0 75 164
0 72 54
0 79 164
0 75 54
0 74 54
164 89 54
384 71 54
164 86 54
384 72 54
164 84 54
1924 67 438
0 68 439
0 75 219
0 67 219
0 77 219
0 73 219
0 68 219
0 71 219
0 72 219
219 76 438
0 77 439
0 84 219
0 76 219
0 85 219
0 82 219
0 72 219
0 79 219
0 80 219
219 72 438
0 73 439
0 80 219
0 72 219
0 82 219
0 78 219
0 68 219
0 76 219
0 77 219
0 69 219
0 78 219
0 75 219
0 65 219
0 75 219
0 74 219
0 66 219
0 75 219
0 63 219
0 62 219
659 72 109
109 72 109
109 72 219
0 70 219
439 68 109
109 68 109
109 68 219
0 67 219
329 72 109
0 71 109
0 72 109
0 74 109
0 72 109
109 70 109
0 69 109
0 70 109
0 72 109
0 70 109
109 68 109
0 67 109
0 68 109
0 70 109
0 68 109
0 67 989
0 70 109
0 75 215
4 75 659
0 74 219
439 70 659
0 70 109
0 72 36
0 70 36
0 69 36
0 70 109
0 77 109
0 80 219
0 80 659
0 79 219
439 67 54
54 68 54
54 70 54
54 72 54
54 74 54
54 75 54
54 77 54
54 79 54
54 80 54
54 82 54
54 84 54
54 86 54
54 87 659
0 86 219
439 58 54
54 60 54
54 62 54
54 63 54
54 65 54
54 67 54
54 68 54
54 70 54
54 72 54
54 74 54
54 75 54
54 77 54
54 79 659
0 87 439
0 55 219
0 56 659
0 57 659
0 58 659
0 56 54
0 58 54
0 56 36
0 58 36
0 56 36
0 58 36
0 56 36
0 58 36
0 56 36
0 58 36
0 56 36
0 58 54
0 56 54
0 55 54
0 56 54
0 55 109
0 58 109
0 63 109
0 58 109
0 63 109
0 67 109
0 70 109
0 67 109
0 70 109
0 75 109
0 79 109
0 82 109
0 87 109
329 63 659
0 55 219
0 56 439
0 63 219
0 57 439
0 63 219
0 58 109
0 63 109
0 62 109
0 63 109
0 59 109
0 63 109
0 60 109
0 63 109
0 62 109
0 63 109
0 57 109
0 63 109
0 58 109
0 63 109
0 61 109
0 63 109
0 59 109
0 63 109
0 60 109
0 63 109
0 62 109
0 63 109
0 57 109
0 63 109
0 58 219
164 63 54
0 70 164
0 67 54
0 75 54
329 63 54
0 69 164
0 66 54
0 75 54
329 63 54
0 70 164
0 67 54
0 75 54
329 72 54
0 78 164
0 75 54
0 79 329
0 75 109
0 75 109
0 70 82
27 70 109
0 67 82
27 67 109
0 63 82
27 63 109
0 58 82
1127 58 219
0 58 219
659 70 219
0 62 219
0 63 219
0 70 219
439 65 219
0 65 219
0 67 219
0 75 219
439 62 219
0 70 219
0 63 219
0 70 219
439 53 219
0 53 219
0 55 219
0 63 219
439 53 219
0 53 219
0 56 659
0 58 219
439 63 329
54 67 54
0 75 164
0 72 54
0 79 164
0 75 54
0 84 164
0 79 54
0 87 54
164 87 54
384 67 109
109 67 439
0 67 214
0 67 4
0 68 329
54 71 54
0 77 164
0 74 54
0 83 164
0 77 54
0 86 164
0 83 54
0 89 54
164 89 54
384 71 109
109 71 439
0 72 164
0 72 27
0 75 27
0 79 329
0 77 109
0 75 219
0 74 439
0 72 164
0 67 18
0 72 18
0 75 18
0 79 329
0 77 109
0 72 219
0 71 439
0 72 164
0 67 18
0 72 18
0 75 18
0 67 329
0 77 109
0 75 439
0 74 54
164 72 439
0 59 54
164 56 439
0 55 109
549 59 73
0 62 73
0 65 73
0 68 73
0 67 73
0 65 73
0 63 54
824 53 73
0 56 73
0 62 73
0 65 73
0 63 73
0 62 73
0 60 54
824 55 73
0 59 73
0 62 73
0 65 73
0 62 73
0 59 73
0 55 329
54 60 54
0 67 164
0 63 54
0 72 164
0 67 54
0 75 164
0 72 54
0 79 54
164 79 54
329 59 54
0 67 164
0 62 54
0 71 164
0 67 54
0 74 164
0 71 54
0 79 54
164 79 54
329 63 54
0 67 164
0 63 54
0 72 164
0 67 54
0 75 164
0 72 54
0 79 164
0 75 54
0 74 54
164 89 54
384 71 54
164 86 54
384 72 54
164 84 54
1924 67 438
0 68 439
0 75 219
0 67 219
0 77 219
0 73 219
0 68 219
0 71 219
0 72 219
219 76 438
0 77 439
0 84 219
0 76 219
0 85 219
0 82 219
0 72 219
0 79 219
0 80 219
219 72 438
0 73 439
0 80 219
0 72 219
0 82 219
0 78 219
0 68 219
0 76 219
0 77 219
0 69 219
0 78 219
0 75 219
0 65 219
0 75 219
0 74 219
0 66 219
0 75 219
0 63 219
0 62 219
659 72 109
109 72 109
109 72 219
0 70 219
439 68 109
109 68 109
109 68 219
0 67 219
329 72 109
0 71 109
0 72 109
0 74 109
0 72 109
109 70 109
0 69 109
0 70 109
0 72 109
0 70 109
109 68 109
0 67 109
0 68 109
0 70 109
0 68 109
0 67 989
0 70 109
0 75 215
4 75 659
0 74 219
439 70 659
0 70 109
0 72 36
0 70 36
0 69 36
0 70 109
0 77 109
0 80 219
0 80 659
0 79 219
439 67 54
54 68 54
54 70 54
54 72 54
54 74 54
54 75 54
54 77 54
54 79 54
54 80 54
54 82 54
54 84 54
54 86 54
54 87 659
0 86 219
439 58 54
54 60 54
54 62 54
54 63 54
54 65 54
54 67 54
54 68 54
54 70 54
54 72 54
54 74 54
54 75 54
54 77 54
54 79 659
0 87 439
0 55 219
0 56 659
0 57 659
0 58 659
0 56 54
0 58 54
0 56 36
0 58 36
0 56 36
0 58 36
0 56 36
0 58 36
0 56 36
0 58 36
0 56 36
0 58 54
0 56 54
0 55 54
0 56 54
0 55 109
0 58 109
0 63 109
0 58 109
0 63 109
0 67 109
0 70 109
0 67 109
0 70 109
0 75 109
0 79 109
0 82 109
0 87 109
329 63 659
0 55 219
0 56 439
0 63 219
0 57 439
0 63 219
0 58 109
0 63 109
0 62 109
0 63 109
0 59 109
0 63 109
0 60 109
0 63 109
0 62 109
0 63 109
0 57 109
0 63 109
0 58 109
0 63 109
0 61 109
0 63 109
0 59 109
0 63 109
0 60 109
0 63 109
0 62 109
0 63 109
0 57 109
0 63 109
0 58 219
164 63 54
0 70 164
0 67 54
0 75 54
329 63 54
0 69 164
0 66 54
0 75 54
329 63 54
0 70 164
0 67 54
0 75 54
329 72 54
0 78 164
0 75 54
0 79 329
0 75 109
0 75 109
0 70 82
27 70 109
0 67 82
27 67 109
0 63 82
27 63 109
0 58 82
1127 58 219
0 58 219
659 70 219
0 62 219
0 63 219
0 70 219
439 65 219
0 65 219
0 67 219
0 75 219
439 62 219
0 70 219
0 63 219
0 70 219
439 53 219
0 53 219
0 55 219
0 63 219
439 53 219
0 53 219
0 56 659
0 58 219
439 64 329
54 67 54
0 76 164
0 72 54
0 79 164
0 76 54
0 84 164
0 79 54
0 88 54
164 88 54
384 72 109
109 72 439
0 74 215
4 71 329
54 71 54
0 77 164
0 74 54
0 83 164
0 77 54
0 86 164
0 83 54
0 89 54
164 89 54
384 74 109
109 74 439
0 76 215
4 73 329
54 70 54
0 76 164
0 73 54
0 79 164
0 76 54
0 82 164
0 79 54
0 85 54
164 67 54
164 82 54
384 64 54
164 79 54
384 65 659
0 84 435
4 84 215
4 84 219
0 83 219
0 85 219
0 72 219
0 82 219
0 79 219
0 76 439
0 67 219
0 84 427
0 79 213
0 70 641
0 80 213
213 69 213
0 70 641
0 89 423
4 89 209
4 89 213
0 88 213
0 90 213
0 77 213
0 87 213
0 84 213
0 81 427
0 72 213
0 89 427
0 84 213
0 75 641
0 85 213
213 73 213
0 72 427
0 75 53
0 77 35
0 75 35
0 74 35
0 75 53
0 80 427
0 75 213
0 77 213
0 76 213
0 78 213
0 77 213
0 75 213
0 72 213
0 80 213
0 79 213
0 82 213
0 80 213
0 78 213
0 75 213
0 77 213
0 76 213
0 78 213
0 77 213
0 75 213
0 72 213
0 73 641
0 82 423
4 82 209
4 82 1069
0 67 213
0 65 641
0 80 423
4 77 213
0 79 1069
0 62 213
0 60 213
427 72 423
4 72 209
4 72 641
0 77 423
4 77 209
4 79 1069
0 74 213
0 72 427
0 67 426
0 65 213
0 63 213
0 62 213
213 71 213
0 68 213
213 67 213
0 65 213
213 63 213
0 62 213
213 60 213
0 59 213
213 71 213
0 68 213
213 67 213
0 65 213
213 63 213
0 62 213
213 60 213
0 59 213
213 60 213
0 55 213
213 53 213
0 51 320
53 67 53
0 75 160
0 72 53
0 79 160
0 75 53
0 84 160
0 79 53
0 87 53
160 87 53
374 67 106
106 67 427
0 67 208
0 67 4
0 68 320
53 71 53
0 77 160
0 74 53
0 83 160
0 77 53
0 86 160
0 83 53
0 89 53
160 89 53
374 71 106
106 71 427
0 72 160
0 72 26
0 75 26
0 79 320
0 77 106
0 75 213
0 74 427
0 72 160
0 67 17
0 72 17
0 75 17
0 79 320
0 77 106
0 72 213
0 71 427
0 72 160
0 67 17
0 72 17
0 75 17
0 67 320
0 77 106
0 75 427
0 74 53
160 72 427
0 59 53
160 56 427
0 55 106
534 59 71
0 62 71
0 65 71
0 68 71
0 67 71
0 65 71
0 63 53
802 53 71
0 56 71
0 62 71
0 65 71
0 63 71
0 62 71
0 60 53
802 55 71
0 59 71
0 62 71
0 65 71
0 62 71
0 59 71
0 60 106
2032 65 426
0 66 427
0 73 213
0 65 213
0 75 213
0 71 213
0 66 213
0 69 213
0 70 213
213 77 426
0 78 427
0 85 213
0 77 213
0 87 213
0 83 213
0 78 213
0 81 213
0 82 213
213 74 426
0 75 427
0 82 213
0 74 213
0 83 213
0 80 213
0 70 213
0 77 213
0 78 213
0 71 213
0 80 213
0 77 213
0 72 213
0 77 213
0 76 213
0 68 213
0 77 213
0 65 213
0 64 213
641 73 106
106 73 106
106 73 213
0 72 213
427 70 106
106 70 106
106 70 213
0 69 213
320 74 106
0 73 106
0 74 106
0 76 106
0 74 106
106 72 106
0 71 106
0 72 106
0 74 106
0 72 106
106 70 106
0 69 106
0 70 106
0 72 106
0 70 106
0 69 962
0 72 106
0 77 213
0 77 641
0 76 213
427 72 641
0 72 106
0 74 35
0 72 35
0 71 35
0 72 106
0 79 106
0 82 213
0 82 641
0 81 213
427 69 53
53 70 53
53 72 53
53 74 53
53 76 53
53 77 53
53 79 53
53 81 53
53 82 53
53 84 53
53 86 53
53 88 53
53 89 641
0 88 213
427 60 53
53 62 53
53 64 53
53 65 53
53 67 53
53 69 53
53 70 53
53 72 53
53 74 53
53 76 53
53 77 53
53 79 53
53 80 855
0 79 213
0 77 213
0 75 481
0 77 35
0 75 35
0 74 35
0 75 53
0 79 213
0 77 213
0 74 213
0 63 962
0 67 106
0 72 213
0 72 641
0 71 213
427 67 962
0 74 106
0 77 209
4 77 641
0 75 213
427 63 106
0 67 106
0 72 106
0 67 106
0 72 106
0 75 106
0 72 106
0 75 106
0 79 106
0 75 106
0 79 106
0 84 102
4 84 641
0 83 213
427 55 106
0 59 106
0 62 106
0 59 106
0 62 106
0 67 106
0 62 106
0 67 106
0 71 106
0 67 106
0 71 106
0 74 106
0 75 213
213 84 641
0 52 213
0 53 641
0 54 641
0 55 641
0 53 53
0 55 53
0 53 35
0 55 35
0 53 35
0 55 35
0 53 35
0 55 35
0 53 35
0 55 35
0 53 35
0 55 53
0 53 53
0 52 53
0 53 53
0 51 106
0 55 106
0 60 106
0 55 106
0 60 106
0 63 106
0 67 106
0 63 106
0 67 106
0 72 106
0 75 106
0 79 106
0 84 106
320 60 641
0 52 213
0 53 427
0 60 213
0 54 427
0 60 213
0 55 106
0 60 106
0 59 106
0 60 106
0 55 106
0 60 106
0 56 106
0 60 106
0 59 106
0 60 106
0 54 106
0 60 106
0 55 106
0 60 106
0 59 106
0 60 106
0 52 106
0 60 106
0 53 106
0 60 106
0 56 106
0 60 106
0 54 106
0 60 106
0 55 213
160 67 53
0 75 160
0 72 53
0 78 53
320 66 53
0 75 160
0 72 53
0 79 53
320 67 53
0 75 160
0 72 53
0 81 53
320 69 53
0 75 160
0 72 53
0 79 320
0 75 106
0 75 106
0 72 80
26 72 106
0 67 80
26 67 106
0 63 80
26 63 106
0 60 80
1096 55 213
0 55 213
641 67 213
0 59 213
0 60 213
0 67 213
427 62 213
0 62 213
0 63 213
0 72 213
427 59 213
0 67 213
0 60 213
0 67 213
427 50 213
0 50 213
0 51 213
0 60 213
427 50 213
0 50 213
0 51 213
427 67 213
427 60 213
