1858 67 232
0 68 77
0 67 154
0 65 154
0 67 154
0 68 154
0 69 929
0 70 1161
0 72 77
0 70 154
0 69 154
0 70 154
0 71 154
0 71 502
0 71 38
0 69 38
0 71 38
0 74 232
0 72 77
0 65 1161
0 67 77
0 65 154
0 64 154
0 65 154
0 67 154
0 68 1083
0 67 154
0 65 154
0 64 154
0 65 154
0 67 154
0 68 154
0 70 154
0 72 154
0 71 154
0 72 154
0 68 154
0 66 929
0 67 1083
0 63 154
0 67 154
0 70 154
0 75 154
0 79 154
0 82 1238
0 79 309
0 75 309
0 70 309
0 67 309
0 63 309
0 60 929
0 84 1238
0 82 154
0 80 154
0 79 154
0 77 141
12 77 309
0 75 929
0 75 309
0 75 309
0 75 38
0 77 38
0 75 38
0 77 38
0 75 38
0 77 38
0 75 25
0 74 25
0 75 25
0 77 309
0 74 309
0 75 309
0 70 278
30 70 278
30 70 309
0 72 309
0 68 309
0 63 309
0 68 309
0 62 309
0 63 309
0 58 278
30 58 278
30 58 38
0 60 38
0 58 38
0 60 38
0 58 38
0 60 38
0 58 25
0 57 25
0 58 25
0 60 309
0 56 309
0 51 38
0 56 38
0 55 38
0 56 38
0 55 38
0 56 38
0 55 25
0 53 25
0 55 25
0 56 309
0 56 303
6 51 619
0 50 309
0 51 619
0 50 309
0 51 619
0 50 283
25 50 929
0 51 619
309 55 309
0 58 309
0 63 296
12 55 1225
12 58 296
12 63 296
12 63 38
0 68 38
0 67 38
0 68 38
0 67 38
0 68 38
0 67 25
0 65 25
0 67 25
0 65 309
0 58 296
12 58 929
0 63 309
619 55 309
0 58 309
0 63 296
0 63 12
0 67 1520
27 75 282
27 75 294
27 75 15
0 66 294
0 66 15
0 75 294
0 75 2
12 66 619
0 65 309
309 66 309
0 65 309
309 66 309
0 65 309
309 73 309
0 71 309
309 71 309
0 70 309
309 70 309
0 69 309
0 62 619
1238 74 619
0 72 154
0 70 154
0 60 309
0 69 296
0 69 12
0 58 154
0 57 141
12 57 619
0 55 154
0 53 141
12 53 309
0 67 154
0 51 154
0 50 154
0 51 154
0 70 154
0 72 51
0 70 51
0 69 51
0 70 154
0 72 154
0 74 154
0 75 116
0 74 38
0 77 929
0 76 154
0 77 154
0 79 154
0 77 154
0 75 154
0 74 141
12 63 309
0 72 296
0 72 12
0 62 154
0 60 141
12 60 606
12 60 12
0 63 154
0 65 141
0 65 12
0 63 154
0 55 154
0 53 154
0 51 154
0 50 154
0 48 154
0 62 309
0 73 309
0 74 309
309 76 309
0 77 309
309 81 309
0 82 309
309 78 309
0 79 309
309 74 309
0 75 309
309 71 309
0 72 309
309 77 774
0 79 77
0 81 77
0 82 77
0 84 77
0 86 77
0 87 77
0 89 619
0 87 309
0 84 309
0 82 387
0 81 77
0 86 84
69 82 7
69 81 7
69 79 7
69 77 7
69 76 7
69 77 7
69 82 7
69 81 7
69 79 7
69 77 7
69 75 7
69 74 7
69 73 7
69 74 7
69 79 7
69 77 7
69 75 7
69 74 7
69 72 7
69 70 7
69 69 7
69 70 7
69 75 7
69 74 7
69 72 7
69 70 7
69 69 7
69 67 7
69 64 7
69 64 69
0 65 77
0 66 77
0 67 77
0 68 77
0 69 77
0 70 77
0 71 77
0 72 77
0 73 77
0 74 77
0 75 77
0 76 77
0 77 77
0 78 77
0 79 77
0 80 77
0 81 77
0 82 77
0 83 77
0 84 61
0 85 61
0 86 61
0 87 61
0 88 61
0 89 387
0 87 77
0 84 77
0 81 77
0 77 77
0 75 77
0 72 77
0 69 77
0 70 619
929 70 619
0 74 309
0 69 232
0 72 77
0 62 619
929 61 619
0 62 309
0 63 232
0 60 77
0 58 309
0 57 464
0 60 154
0 58 309
0 57 464
0 60 154
0 58 309
0 63 154
0 62 154
0 63 154
0 60 154
0 59 51
0 60 51
0 62 51
0 60 774
0 58 619
3096 59 232
0 60 77
0 59 154
0 57 154
0 59 154
0 60 154
0 53 929
0 62 619
541 63 77
0 62 154
0 61 154
0 62 154
0 63 154
0 62 929
0 65 619
541 72 77
0 59 154
0 57 154
0 59 154
0 72 154
0 73 929
0 62 232
0 75 77
0 74 154
0 73 154
0 74 154
0 75 154
0 77 154
0 79 154
0 80 154
0 79 154
0 80 154
0 77 154
0 77 929
0 67 232
0 68 77
0 67 154
0 66 154
0 67 154
0 69 154
0 70 154
0 72 154
0 73 154
0 72 154
0 73 154
0 70 154
0 70 929
0 72 232
0 73 77
0 72 154
0 71 154
0 72 154
0 74 154
0 75 154
0 77 154
0 78 154
0 77 154
0 78 154
0 75 154
0 75 929
0 65 232
0 66 77
0 65 154
0 64 154
0 65 154
0 67 154
0 68 154
0 70 154
0 71 154
0 70 154
0 71 154
0 68 154
0 68 929
0 67 232
0 71 77
0 70 154
0 69 154
0 70 154
0 71 154
0 73 154
0 75 141
0 75 12
0 76 154
0 75 123
0 75 30
0 67 154
0 73 154
0 68 154
0 73 154
0 75 154
0 73 154
0 75 154
0 71 154
0 70 154
0 71 154
0 73 154
0 71 154
0 73 154
0 70 154
0 68 154
0 70 154
0 71 154
0 70 141
0 70 12
0 71 154
0 68 154
0 76 154
0 68 154
0 70 154
0 68 154
0 70 154
0 67 154
0 68 154
0 70 154
0 71 154
0 70 154
0 71 154
0 68 154
0 65 154
0 66 154
0 74 154
0 66 141
0 66 12
0 74 154
0 65 154
0 75 154
0 65 154
0 66 154
0 65 154
0 70 154
0 63 154
0 62 154
0 63 154
0 65 154
0 63 154
0 65 154
0 62 154
0 63 154
0 65 154
0 66 154
0 65 141
0 65 12
0 70 154
0 63 154
0 71 154
0 66 154
0 68 154
0 66 154
0 70 154
0 65 154
0 66 154
0 68 154
0 70 154
0 68 154
0 70 154
0 66 154
0 63 154
0 65 154
0 66 154
0 65 141
0 65 12
0 66 154
0 63 154
0 70 154
0 63 154
0 65 154
0 63 154
0 62 154
0 63 154
0 65 154
0 66 154
0 68 154
0 66 154
0 65 154
0 68 154
0 66 154
0 65 154
0 69 154
0 65 141
0 65 12
0 69 154
0 63 154
0 58 154
0 60 154
0 62 154
0 60 154
0 58 154
0 60 154
0 62 154
0 63 154
0 65 154
0 63 154
0 62 154
0 65 154
0 63 154
0 62 154
0 69 154
0 62 141
0 62 12
0 63 154
0 60 154
0 58 154
0 60 154
0 62 154
0 61 154
0 62 154
0 58 154
0 62 169
139 65 15
139 64 15
139 65 15
139 62 15
139 65 15
139 67 15
139 68 15
139 67 15
139 68 15
139 65 15
139 68 15
139 71 15
139 72 15
139 71 15
139 74 15
139 72 15
139 70 15
139 68 15
139 67 15
139 65 15
139 64 15
139 65 15
139 67 15
139 65 15
139 68 15
139 65 15
139 60 15
139 62 15
139 62 139
0 63 619
1238 67 232
0 68 77
0 67 154
0 65 154
0 67 154
0 68 154
0 69 929
0 70 1161
0 72 77
0 70 154
0 69 154
0 70 154
0 71 154
0 71 502
0 71 38
0 69 38
0 71 38
0 74 232
0 72 77
0 65 1161
0 67 77
0 65 154
0 64 154
0 65 154
0 67 154
0 68 1006
0 67 77
0 65 77
0 64 77
0 65 77
0 67 77
0 68 77
0 70 77
0 72 77
0 74 77
0 75 77
0 76 77
0 77 77
0 79 77
0 80 77
0 82 77
0 84 77
0 83 77
0 86 77
0 84 77
0 82 77
0 80 77
0 79 77
0 77 77
0 78 929
0 79 1083
0 63 154
0 67 154
0 70 154
0 75 154
0 79 154
0 82 1083
0 78 154
0 79 154
0 74 154
0 75 154
0 69 154
0 70 154
0 66 154
0 67 154
0 62 154
0 63 154
0 67 154
0 67 309
0 60 929
0 72 929
0 84 77
0 83 77
0 86 77
0 84 77
0 82 77
0 80 77
0 79 77
0 77 64
12 77 309
0 75 929
0 75 309
0 75 309
0 75 38
0 77 38
0 75 38
0 77 38
0 75 38
0 77 38
0 75 25
0 74 25
0 75 25
0 77 309
0 74 309
0 75 309
0 70 278
30 70 278
30 70 309
0 72 309
0 68 309
0 67 309
0 68 309
0 65 309
0 63 309
0 58 278
30 58 278
30 58 38
0 60 38
0 58 38
0 60 38
0 58 38
0 60 38
0 58 25
0 57 25
0 58 25
0 60 309
0 56 309
0 51 38
0 56 38
0 55 38
0 56 38
0 55 38
0 56 38
0 55 25
0 53 25
0 55 25
0 56 309
0 56 303
6 51 309
0 55 309
0 58 309
0 55 309
0 58 309
0 63 309
0 58 309
0 63 309
0 67 296
12 67 1225
12 67 296
12 63 296
12 63 38
0 68 38
0 67 38
0 68 38
0 67 38
0 68 38
0 67 25
0 65 25
0 67 25
0 65 309
0 62 296
12 62 929
0 63 309
619 58 309
0 58 309
0 66 296
0 66 12
0 66 1520
27 75 282
27 75 294
27 75 15
0 68 294
0 68 15
0 70 294
0 70 2
12 75 619
0 73 309
309 68 309
0 73 309
309 75 309
0 73 309
309 73 309
0 71 309
309 61 309
0 70 309
309 70 309
0 68 296
0 68 12
0 68 619
0 58 309
309 68 309
0 58 309
309 66 309
0 58 309
309 66 309
0 64 309
309 54 309
0 63 309
309 53 309
0 62 309
0 63 619
1238 79 619
0 77 154
0 75 154
0 65 309
0 74 296
0 74 12
0 72 154
0 70 141
12 68 619
0 60 154
0 58 141
12 58 309
0 72 154
0 56 154
0 55 154
0 56 154
0 55 154
0 77 51
0 75 51
0 74 51
0 75 154
0 77 154
0 79 154
0 80 116
0 79 38
0 82 929
0 81 154
0 82 154
0 84 154
0 82 154
0 80 154
0 79 141
12 68 309
0 77 296
0 77 12
0 70 154
0 74 141
0 74 12
0 65 606
0 65 12
0 63 154
0 70 141
0 70 12
0 68 154
0 60 154
0 58 154
0 56 154
0 74 154
0 53 154
0 75 309
0 78 309
0 79 309
309 81 309
0 82 309
309 86 309
0 87 309
309 83 309
0 84 309
309 71 309
0 72 309
309 64 309
0 65 309
309 70 774
0 72 77
0 74 77
0 75 77
0 77 77
0 79 77
0 80 77
0 82 619
0 80 309
0 77 309
0 75 387
0 74 77
0 79 84
69 75 7
69 74 7
69 72 7
69 70 7
69 69 7
69 70 7
69 75 7
69 74 7
69 72 7
69 70 7
69 68 7
69 67 7
69 66 7
69 67 7
69 72 7
69 70 7
69 68 7
69 67 7
69 65 7
69 63 7
69 62 7
69 63 7
69 68 7
69 67 7
69 65 7
69 63 7
69 62 7
69 60 7
69 57 7
69 57 69
0 58 77
0 59 77
0 60 77
0 61 77
0 62 77
0 63 77
0 64 77
0 65 77
0 66 77
0 67 77
0 68 77
0 69 77
0 70 77
0 71 77
0 72 77
0 73 77
0 74 77
0 75 77
0 76 77
0 77 61
0 78 61
0 79 61
0 80 61
0 81 61
0 82 387
0 80 77
0 77 77
0 74 77
0 70 77
0 68 77
0 65 77
0 62 77
0 63 619
929 75 619
0 79 309
0 80 232
0 77 77
0 67 619
929 66 619
0 67 309
0 68 232
0 65 77
0 63 309
0 68 464
0 65 154
0 63 309
0 68 464
0 65 154
0 63 309
0 68 154
0 67 141
0 67 12
0 56 154
0 65 141
0 65 12
0 64 51
0 65 51
0 67 51
0 56 774
0 55 619
