856 58 71
0 57 71
0 58 71
0 53 71
0 62 53
232 58 53
517 58 71
0 57 71
0 58 71
0 53 71
0 62 53
232 58 53
517 62 78
517 62 64
0 58 7
64 53 7
64 53 64
0 65 78
0 65 64
0 62 7
64 58 7
64 58 64
0 65 78
0 65 64
0 65 7
64 62 7
64 62 64
0 70 78
0 70 64
0 70 7
64 65 7
64 65 64
0 74 78
0 74 64
0 74 7
64 70 7
64 70 64
0 82 856
0 81 71
0 82 71
0 84 71
0 82 71
0 81 142
0 79 142
0 77 142
0 75 142
0 74 142
0 72 142
0 79 142
0 77 142
0 75 285
0 74 285
285 69 71
0 70 71
0 72 71
0 70 71
0 68 142
0 67 142
0 65 142
0 63 142
0 62 142
0 60 142
0 63 142
0 57 142
0 58 71
71 62 71
0 60 71
0 58 71
0 57 71
0 58 71
0 55 71
0 53 71
71 67 71
0 65 71
0 63 71
0 62 71
0 63 71
0 60 71
0 58 71
71 74 71
0 72 71
0 70 71
0 69 71
0 70 71
0 67 71
0 65 71
71 79 71
0 77 71
0 75 71
0 74 71
0 75 71
0 72 71
0 70 71
71 72 71
0 74 71
0 75 71
0 77 71
0 79 71
0 81 71
0 82 17
0 84 17
0 82 35
0 81 71
0 82 71
0 84 71
0 86 17
0 87 17
0 86 70
0 86 35
0 86 71
0 88 71
0 89 71
214 65 71
2498 77 1141
0 72 285
0 69 285
0 70 285
0 67 285
0 69 285
0 65 285
0 72 71
0 64 71
0 72 71
0 64 71
0 72 71
0 64 71
0 74 71
0 64 71
0 76 71
0 67 71
0 72 71
0 67 71
0 74 71
0 67 71
0 76 71
0 67 71
0 77 71
0 65 71
0 77 71
0 65 71
0 77 71
0 65 71
0 76 71
0 65 71
0 74 71
0 65 71
0 72 71
0 65 71
0 71 71
0 65 71
0 74 71
0 65 71
0 72 71
0 64 71
0 71 71
0 64 71
0 72 71
0 64 71
0 74 71
0 64 71
0 76 71
0 67 71
0 72 71
0 67 71
0 74 71
0 67 71
0 76 71
0 67 71
0 77 71
0 65 71
0 77 71
0 65 71
0 77 71
0 65 71
0 76 71
0 65 71
0 74 71
0 65 71
0 72 71
0 65 71
0 71 71
0 65 71
0 74 71
0 65 71
0 72 71
0 64 71
0 72 71
0 64 71
0 71 71
0 65 71
0 74 71
0 65 71
0 72 71
0 64 71
0 72 71
0 64 71
0 71 71
0 65 71
0 74 71
0 65 71
0 64 71
0 60 78
64 64 7
64 65 7
64 67 7
64 69 7
64 71 7
64 72 7
64 71 7
64 72 7
64 71 7
64 72 7
64 71 7
64 72 7
64 71 7
64 71 64
0 69 571
0 69 285
0 77 285
0 69 285
0 81 285
0 69 285
0 84 285
0 69 571
0 69 285
0 77 285
0 69 285
0 81 285
0 69 285
0 84 285
0 69 571
856 78 285
0 81 285
0 84 570
0 82 285
0 79 570
0 72 285
0 81 285
0 70 285
0 67 285
0 65 142
428 65 565
428 65 5
0 62 279
0 62 5
0 58 142
142 67 428
0 65 142
0 67 279
0 67 5
0 60 142
142 69 565
142 69 5
0 65 279
0 65 5
0 62 142
142 70 428
0 69 142
0 70 279
0 70 5
0 64 142
142 70 428
0 69 142
0 67 428
0 65 142
0 64 285
0 58 285
0 57 285
0 61 285
0 62 285
0 53 285
285 53 142
428 48 142
428 57 267
160 65 285
0 65 71
214 62 71
214 58 71
214 67 285
0 65 71
214 64 71
214 60 71
214 69 285
0 69 71
214 65 71
214 62 71
214 70 285
0 69 71
214 67 71
214 64 71
214 70 285
0 69 71
214 67 285
0 65 71
214 64 71
214 58 71
71 69 71
0 57 71
0 61 71
0 64 71
0 69 71
0 73 71
0 76 71
0 80 71
0 81 71
0 80 71
0 81 71
0 80 71
0 81 71
0 76 71
0 73 71
0 69 71
71 57 71
0 62 71
0 65 71
0 69 71
0 74 71
0 77 71
0 80 71
0 81 71
0 80 71
0 81 71
0 80 71
0 81 71
0 77 71
0 74 71
0 69 71
71 56 71
0 59 71
0 62 71
0 65 71
0 68 71
0 71 71
0 74 71
0 77 71
0 74 71
0 80 71
0 77 71
0 74 71
0 71 71
0 68 71
0 65 71
71 64 71
0 67 71
0 70 71
0 73 71
0 76 71
0 79 71
0 82 71
0 85 71
0 88 71
0 76 71
0 88 71
0 76 71
0 88 71
0 76 71
0 88 71
0 77 71
0 89 71
0 76 71
0 88 71
0 77 71
0 89 71
0 70 71
0 82 71
0 69 71
0 81 71
0 76 71
0 88 71
0 77 71
0 89 71
0 70 71
0 82 71
0 69 71
0 81 71
0 76 71
0 88 71
0 77 71
0 89 71
0 70 71
0 82 71
0 69 71
0 81 71
0 76 71
0 88 71
0 77 71
0 89 71
0 70 71
0 82 71
0 69 71
0 81 71
0 67 71
0 79 71
0 65 71
0 77 71
0 64 71
0 76 71
0 62 71
0 74 71
0 60 71
0 72 71
0 58 71
0 70 71
0 57 71
0 69 71
0 55 71
0 67 71
0 53 71
0 65 71
0 52 71
0 64 71
0 50 71
0 62 71
0 48 71
0 60 71
0 46 71
0 58 71
0 45 71
0 57 71
0 43 71
0 55 71
0 53 71
71 52 71
0 60 71
0 53 71
0 60 71
0 58 71
0 60 71
0 57 71
0 60 71
0 52 71
0 60 71
0 53 71
0 60 71
0 58 71
0 60 71
0 57 71
0 60 71
0 52 71
0 60 71
0 53 71
0 60 71
0 58 71
0 60 71
0 57 71
0 60 71
0 49 71
0 61 71
0 50 71
0 62 71
0 52 71
0 64 71
0 53 71
0 65 71
0 54 71
0 66 71
0 55 71
0 67 71
0 57 71
0 69 71
0 58 71
0 70 71
0 60 71
0 72 71
0 62 71
0 74 71
0 60 71
0 72 71
0 58 71
0 70 71
0 57 71
0 69 71
0 55 71
0 67 71
0 53 71
0 65 71
0 52 71
0 64 71
0 50 71
0 62 71
0 48 71
0 60 71
0 52 71
0 64 71
0 65 285
285 60 570
0 61 570
0 60 142
0 53 142
0 60 142
0 52 142
0 60 428
142 69 428
0 65 142
0 70 428
0 68 142
0 61 142
0 65 142
0 61 142
0 64 142
0 65 428
142 61 142
0 65 142
0 61 142
0 64 142
0 65 428
142 61 142
0 65 142
0 61 142
0 64 142
0 53 428
0 55 71
71 57 428
0 58 71
71 60 428
0 62 71
71 64 71
71 65 71
71 67 71
71 69 71
71 70 428
0 69 71
71 67 428
0 65 71
71 64 428
0 62 71
71 60 71
71 58 71
71 57 71
71 55 71
71 53 71
214 64 71
0 63 71
0 64 71
0 60 71
0 65 71
214 76 71
0 75 71
0 76 71
0 72 71
0 77 71
499 88 285
285 89 285
571 58 71
0 57 71
0 58 71
0 53 71
0 62 53
232 58 53
517 58 71
0 57 71
0 58 71
0 53 71
0 62 53
232 58 53
517 62 78
517 62 64
0 58 7
64 53 7
64 53 64
0 65 78
0 65 64
0 62 7
64 58 7
64 58 64
0 65 78
0 65 64
0 65 7
64 62 7
64 62 64
0 70 78
0 70 64
0 70 7
64 65 7
64 65 64
0 74 78
0 74 64
0 74 7
64 70 7
64 70 64
0 82 856
0 81 71
0 82 71
0 84 71
0 82 71
0 81 142
0 79 142
0 77 142
0 75 142
0 74 142
0 72 142
0 79 142
0 77 142
0 75 285
0 74 285
285 69 71
0 70 71
0 72 71
0 70 71
0 68 142
0 67 142
0 65 142
0 63 142
0 62 142
0 60 142
0 63 142
0 57 142
0 58 71
71 62 71
0 60 71
0 58 71
0 57 71
0 58 71
0 55 71
0 53 71
71 67 71
0 65 71
0 63 71
0 62 71
0 63 71
0 60 71
0 58 71
71 74 71
0 72 71
0 70 71
0 69 71
0 70 71
0 67 71
0 65 71
71 79 71
0 77 71
0 75 71
0 74 71
0 75 71
0 72 71
0 70 71
71 72 71
0 74 71
0 75 71
0 77 71
0 79 71
0 81 71
0 82 17
0 84 17
0 82 35
0 81 71
0 82 71
0 84 71
0 86 17
0 87 17
0 86 70
0 86 35
0 86 71
0 88 71
0 89 71
214 65 71
2498 77 1141
0 72 285
0 69 285
0 70 285
0 67 285
0 69 285
0 65 285
0 72 71
0 64 71
0 72 71
0 64 71
0 72 71
0 64 71
0 74 71
0 64 71
0 76 71
0 67 71
0 72 71
0 67 71
0 74 71
0 67 71
0 76 71
0 67 71
0 77 71
0 65 71
0 77 71
0 65 71
0 77 71
0 65 71
0 76 71
0 65 71
0 74 71
0 65 71
0 72 71
0 65 71
0 71 71
0 65 71
0 74 71
0 65 71
0 72 71
0 64 71
0 71 71
0 64 71
0 72 71
0 64 71
0 74 71
0 64 71
0 76 71
0 67 71
0 72 71
0 67 71
0 74 71
0 67 71
0 76 71
0 67 71
0 77 71
0 65 71
0 77 71
0 65 71
0 77 71
0 65 71
0 76 71
0 65 71
0 74 71
0 65 71
0 72 71
0 65 71
0 71 71
0 65 71
0 74 71
0 65 71
0 72 71
0 64 71
0 72 71
0 64 71
0 71 71
0 65 71
0 74 71
0 65 71
0 72 71
0 64 71
0 72 71
0 64 71
0 71 71
0 65 71
0 74 71
0 65 71
0 64 71
0 60 78
64 64 7
64 65 7
64 67 7
64 69 7
64 71 7
64 72 7
64 71 7
64 72 7
64 71 7
64 72 7
64 71 7
64 72 7
64 71 7
64 71 64
0 69 571
0 69 285
0 77 285
0 69 285
0 81 285
0 69 285
0 84 285
0 69 571
0 69 285
0 77 285
0 69 285
0 81 285
0 69 285
0 84 285
0 69 571
856 78 285
0 81 285
0 84 570
0 82 285
0 79 570
0 72 285
0 81 285
0 70 285
0 67 285
0 65 142
428 65 565
428 65 5
0 62 279
0 62 5
0 58 142
142 67 428
0 65 142
0 67 279
0 67 5
0 60 142
142 69 565
142 69 5
0 65 279
0 65 5
0 62 142
142 70 428
0 69 142
0 70 279
0 70 5
0 64 142
142 70 428
0 69 142
0 67 428
0 65 142
0 64 285
0 58 285
0 57 285
0 61 285
0 62 285
0 53 285
285 53 142
428 48 142
428 57 267
160 65 285
0 65 71
214 62 71
214 58 71
214 67 285
0 65 71
214 64 71
214 60 71
214 69 285
0 69 71
214 65 71
214 62 71
214 70 285
0 69 71
214 67 71
214 64 71
214 70 285
0 69 71
214 67 285
0 65 71
214 64 71
214 58 71
71 69 71
0 57 71
0 61 71
0 64 71
0 69 71
0 73 71
0 76 71
0 80 71
0 81 71
0 80 71
0 81 71
0 80 71
0 81 71
0 76 71
0 73 71
0 69 71
71 57 71
0 62 71
0 65 71
0 69 71
0 74 71
0 77 71
0 80 71
0 81 71
0 80 71
0 81 71
0 80 71
0 81 71
0 77 71
0 74 71
0 69 71
71 56 71
0 59 71
0 62 71
0 65 71
0 68 71
0 71 71
0 74 71
0 77 71
0 74 71
0 80 71
0 77 71
0 74 71
0 71 71
0 68 71
0 65 71
71 64 71
0 67 71
0 70 71
0 73 71
0 76 71
0 79 71
0 82 71
0 85 71
0 88 71
0 76 71
0 88 71
0 76 71
0 88 71
0 76 71
0 88 71
0 77 71
0 89 71
0 76 71
0 88 71
0 77 71
0 89 71
0 70 71
0 82 71
0 69 71
0 81 71
0 76 71
0 88 71
0 77 71
0 89 71
0 70 71
0 82 71
0 69 71
0 81 71
0 76 71
0 88 71
0 77 71
0 89 71
0 70 71
0 82 71
0 69 71
0 81 71
0 76 71
0 88 71
0 77 71
0 89 71
0 70 71
0 82 71
0 69 71
0 81 71
0 67 71
0 79 71
0 65 71
0 77 71
0 64 71
0 76 71
0 62 71
0 74 71
0 60 71
0 72 71
0 58 71
0 70 71
0 57 71
0 69 71
0 55 71
0 67 71
0 53 71
0 65 71
0 52 71
0 64 71
0 50 71
0 62 71
0 48 71
0 60 71
0 46 71
0 58 71
0 45 71
0 57 71
0 43 71
0 55 71
0 53 71
71 52 71
0 60 71
0 53 71
0 60 71
0 58 71
0 60 71
0 57 71
0 60 71
0 52 71
0 60 71
0 53 71
0 60 71
0 58 71
0 60 71
0 57 71
0 60 71
0 52 71
0 60 71
0 53 71
0 60 71
0 58 71
0 60 71
0 57 71
0 60 71
0 49 71
0 61 71
0 50 71
0 62 71
0 52 71
0 64 71
0 53 71
0 65 71
0 54 71
0 66 71
0 55 71
0 67 71
0 57 71
0 69 71
0 58 71
0 70 71
0 60 71
0 72 71
0 62 71
0 74 71
0 60 71
0 72 71
0 58 71
0 70 71
0 57 71
0 69 71
0 55 71
0 67 71
0 53 71
0 65 71
0 52 71
0 64 71
0 50 71
0 62 71
0 48 71
0 60 71
0 52 71
0 64 71
0 65 285
285 60 570
0 61 570
0 60 142
0 53 142
0 60 142
0 52 142
0 60 428
142 69 428
0 65 142
0 70 428
0 68 142
0 61 142
0 65 142
0 61 142
0 64 142
0 65 428
142 61 142
0 65 142
0 61 142
0 64 142
0 65 428
142 61 142
0 65 142
0 61 142
0 64 142
0 53 428
0 55 71
71 57 428
0 58 71
71 60 428
0 62 71
71 64 71
71 65 71
71 67 71
71 69 71
71 70 428
0 69 71
71 67 428
0 65 71
71 64 428
0 62 71
71 60 71
71 58 71
71 57 71
71 55 71
71 53 71
214 64 71
0 63 71
0 64 71
0 60 71
0 65 71
214 76 71
0 75 71
0 76 71
0 72 71
0 77 71
499 88 285
285 89 285
571 60 71
0 59 71
0 60 71
0 57 71
0 65 71
785 60 71
0 59 71
0 60 71
0 57 71
0 65 71
785 60 71
0 59 71
0 60 71
0 57 71
0 65 428
0 67 71
71 69 428
0 70 71
71 72 428
0 74 71
71 75 71
71 74 71
71 72 71
71 74 71
71 75 428
0 74 71
71 72 71
71 70 71
71 69 71
71 70 71
71 72 428
0 70 71
71 69 71
71 67 71
71 66 71
71 64 71
71 62 571
0 57 428
0 62 142
0 55 428
0 65 142
0 58 142
0 62 142
0 58 142
0 61 142
0 62 428
142 78 428
0 74 142
0 79 428
0 77 142
0 70 142
0 74 142
0 70 142
0 73 142
0 74 428
142 70 142
0 74 142
0 70 142
0 73 142
0 74 428
142 70 142
0 74 142
0 70 142
0 73 142
0 74 428
999 75 71
71 74 71
71 72 71
71 70 71
71 69 71
71 67 71
71 66 71
214 81 71
0 80 71
0 81 71
0 78 71
0 84 71
0 83 71
0 84 71
0 81 71
0 87 71
0 86 71
0 84 71
0 82 71
0 81 71
0 82 71
0 84 71
0 82 71
0 81 71
0 79 71
0 78 71
0 79 71
0 81 71
0 79 71
0 78 71
0 75 71
0 74 71
0 72 71
0 71 71
0 72 71
0 71 285
1142 80 71
71 79 71
71 77 71
71 75 71
71 74 71
71 72 71
71 71 71
214 74 71
0 73 71
0 74 71
0 71 71
0 77 71
0 76 71
0 77 71
0 74 71
0 80 71
0 79 71
0 77 71
0 75 71
0 74 71
0 75 71
0 77 71
0 75 71
0 74 71
0 72 71
0 71 71
0 72 71
0 74 71
0 72 71
0 71 71
0 68 71
0 67 71
0 65 71
0 64 71
0 65 71
0 64 285
1142 73 71
71 72 71
71 70 71
71 68 71
71 67 71
71 65 71
71 64 71
214 79 71
0 78 71
0 79 71
0 76 71
0 82 71
0 81 71
0 82 71
0 79 71
0 85 71
0 84 71
0 85 71
0 84 71
0 85 71
0 82 71
0 79 71
0 76 71
0 82 71
0 79 71
0 76 71
0 73 71
0 79 71
0 76 71
0 73 71
0 70 71
0 76 71
0 73 71
0 70 71
0 67 71
285 77 71
0 76 71
0 77 71
0 72 71
0 80 71
0 79 71
0 80 71
0 77 71
0 84 71
0 83 71
0 84 71
0 80 71
0 89 71
0 84 71
0 80 71
0 77 71
0 84 71
0 80 71
0 77 71
0 72 71
0 80 71
0 77 71
0 72 71
0 68 71
0 77 71
0 72 71
0 68 71
0 65 71
285 77 71
0 76 71
0 77 71
0 74 71
0 83 71
0 82 71
0 83 71
0 77 71
0 86 71
0 85 71
0 86 71
0 83 71
0 89 71
0 86 71
0 83 71
0 77 71
0 86 71
0 83 71
0 77 71
0 74 71
0 83 71
0 77 71
0 74 71
0 71 71
0 77 71
0 74 71
0 71 71
0 65 71
285 75 71
0 74 71
0 75 71
0 72 71
0 79 71
0 78 71
0 79 71
0 75 71
0 84 71
0 83 71
0 84 71
0 79 71
0 87 71
0 84 71
0 81 71
0 75 71
0 84 71
0 81 71
0 75 71
0 72 71
0 81 71
0 75 71
0 72 71
0 69 71
0 75 71
0 72 71
0 69 71
0 63 71
285 75 71
0 74 71
0 75 71
0 72 71
0 81 71
0 80 71
0 81 71
0 75 71
0 84 71
0 83 71
0 84 71
0 81 71
0 87 71
0 84 71
0 81 71
0 75 71
0 84 71
0 81 71
0 75 71
0 72 71
0 81 71
0 75 71
0 72 71
0 69 71
0 75 71
0 72 71
0 69 71
0 63 71
285 73 71
0 72 71
0 73 71
0 70 71
0 77 71
0 76 71
0 77 71
0 73 71
0 82 71
0 81 71
0 82 71
0 77 71
0 85 71
0 82 71
0 79 71
0 73 71
0 82 71
0 79 71
0 73 71
0 70 71
0 79 71
0 73 71
0 70 71
0 67 71
0 73 71
0 70 71
0 67 71
0 61 71
285 73 71
0 72 71
0 73 71
0 70 71
0 79 71
0 78 71
0 79 71
0 73 71
0 82 71
0 81 71
0 82 71
0 79 71
0 85 71
0 82 71
0 79 71
0 73 71
0 82 71
0 79 71
0 73 71
0 70 71
0 79 71
0 73 71
0 70 71
0 67 71
0 73 71
0 70 71
0 67 71
0 61 71
0 70 71
0 67 71
0 61 71
0 58 71
0 67 71
0 61 71
0 58 71
0 55 71
0 63 71
0 61 71
0 58 71
0 55 71
0 63 71
0 61 71
0 58 71
0 55 71
0 63 71
0 61 71
0 58 71
0 55 71
0 63 71
0 61 71
0 58 71
0 55 71
0 63 71
0 61 71
0 58 71
0 55 71
0 63 71
0 61 71
0 58 71
0 55 71
0 63 71
0 61 71
0 58 71
0 55 71
0 63 71
0 61 71
0 58 71
0 55 71
0 63 71
0 61 71
0 58 71
0 55 71
0 63 71
0 61 71
0 58 71
0 55 71
0 63 71
0 61 71
0 58 71
0 55 71
0 63 71
0 61 71
0 58 71
0 55 71
0 63 71
0 61 71
0 58 71
0 55 71
0 63 71
0 61 71
0 58 71
0 55 71
0 64 71
0 61 71
0 58 71
0 55 71
0 64 71
0 61 71
0 58 71
0 55 71
0 64 71
0 61 71
0 58 71
0 55 71
0 64 71
0 61 71
0 58 71
0 55 71
0 64 71
0 61 71
0 58 71
0 55 71
0 64 71
0 61 71
0 58 71
0 55 71
0 64 71
0 61 71
0 58 71
0 55 71
0 64 71
0 61 71
0 58 71
0 55 71
0 64 71
0 61 71
0 58 71
0 55 71
0 64 71
0 61 71
0 58 71
0 55 71
0 64 71
0 61 71
0 58 71
0 55 71
0 64 71
0 61 71
0 58 71
0 55 71
0 64 71
0 61 71
0 58 71
0 55 71
0 64 71
0 61 71
0 58 71
0 55 71
0 64 71
0 61 71
0 58 71
0 55 71
0 64 71
0 61 71
0 58 71
0 55 71
0 63 71
0 60 71
0 57 71
0 54 71
0 63 71
0 60 71
0 57 71
0 54 71
0 63 71
0 60 71
0 57 71
0 54 71
0 63 71
0 60 71
0 57 71
0 54 71
0 63 71
0 60 71
0 57 71
0 54 71
0 63 71
0 60 71
0 57 71
0 54 71
0 63 71
0 60 71
0 57 71
0 54 71
0 63 71
0 60 71
0 57 71
0 54 71
0 63 71
0 60 71
0 57 71
0 54 71
0 63 71
0 60 71
0 57 71
0 54 71
0 63 71
0 60 71
0 57 71
0 54 71
0 63 71
0 60 71
0 57 71
0 54 71
0 63 71
0 60 71
0 57 71
0 54 71
0 63 71
0 60 71
0 57 71
0 54 71
0 63 71
0 60 71
0 57 71
0 53 71
0 63 71
0 60 71
0 57 71
0 53 71
0 63 71
0 60 71
0 57 71
0 53 71
0 63 71
0 60 71
0 57 71
0 53 71
0 63 71
0 60 71
0 57 71
0 53 71
0 63 71
0 60 71
0 57 71
0 53 71
0 63 71
0 60 71
0 57 71
0 53 71
0 63 71
0 60 71
0 57 71
0 53 71
0 63 71
0 60 71
0 57 71
0 53 71
0 63 71
0 60 71
0 57 71
0 53 71
0 63 71
0 60 71
0 57 71
0 53 71
0 63 71
0 60 71
0 57 71
0 53 71
0 63 71
0 60 71
0 57 71
0 53 71
0 63 71
0 60 71
0 57 71
0 53 71
0 63 71
0 60 71
0 57 71
0 53 71
0 63 71
0 60 71
0 57 71
0 53 71
0 63 71
0 60 71
0 57 71
0 53 71
0 63 71
0 60 71
0 57 71
0 53 71
0 63 71
0 60 71
0 57 71
0 53 71
0 63 71
0 60 71
0 57 71
0 53 71
0 63 71
0 60 71
0 57 71
0 53 71
0 63 71
0 60 71
0 57 71
0 53 71
0 63 71
0 60 71
0 57 71
0 53 71
0 63 71
0 60 71
0 57 71
0 53 71
0 63 71
0 60 71
0 57 71
0 53 71
0 63 71
0 60 71
0 57 71
0 53 71
0 63 71
0 60 71
0 57 71
0 53 71
0 63 71
0 60 71
0 57 71
0 53 71
0 63 71
0 60 71
0 57 71
0 53 71
0 63 71
0 60 71
0 57 71
0 53 71
142 52 149
135 55 7
135 57 7
135 58 7
135 60 7
135 62 7
135 63 7
135 64 7
135 65 7
135 67 7
135 69 7
135 70 7
135 72 7
135 74 7
135 63 7
135 63 1848
142 58 71
0 57 71
0 58 71
0 53 71
0 62 53
232 58 53
517 58 71
0 57 71
0 58 71
0 53 71
0 62 53
232 58 53
517 62 78
517 62 64
0 58 7
64 53 7
64 53 64
0 65 78
0 65 64
0 62 7
64 58 7
64 58 64
0 65 78
0 65 64
0 65 7
64 62 7
64 62 64
0 70 78
0 70 64
0 70 7
64 65 7
64 65 64
0 74 78
0 74 64
0 74 7
64 70 7
64 70 64
0 82 856
0 81 71
0 82 71
0 84 71
0 82 71
0 81 142
0 79 142
0 77 142
0 75 142
0 74 142
0 72 142
0 79 142
0 77 142
0 75 285
0 74 285
285 69 71
0 70 71
0 72 71
0 70 71
0 68 142
0 67 142
0 65 142
0 63 142
0 62 142
0 60 142
0 63 142
0 57 142
0 58 71
71 62 71
0 60 71
0 58 71
0 57 71
0 58 71
0 55 71
0 53 71
71 67 71
0 65 71
0 63 71
0 62 71
0 63 71
0 60 71
0 58 71
71 74 71
0 72 71
0 70 71
0 69 71
0 70 71
0 67 71
0 65 71
71 79 71
0 77 71
0 75 71
0 74 71
0 75 71
0 72 71
0 70 71
71 72 71
0 74 71
0 75 71
0 77 71
0 79 71
0 81 71
0 82 17
0 84 17
0 82 35
0 81 71
0 82 71
0 84 71
0 86 17
0 87 17
0 86 70
0 86 35
0 86 71
0 88 71
0 89 71
214 65 71
1070 62 71
0 61 71
0 62 71
0 58 71
0 65 71
214 62 71
499 62 71
0 61 71
0 62 71
0 58 71
0 65 71
214 62 71
1927 80 1141
0 75 285
0 72 285
0 74 285
0 71 285
0 72 285
0 69 285
0 70 285
0 67 285
0 68 285
0 65 285
0 67 285
0 63 285
0 70 279
0 70 5
0 58 285
0 57 142
0 65 71
0 57 71
0 65 71
0 57 71
0 67 71
0 57 71
0 69 71
0 60 71
0 65 71
0 60 71
0 67 71
0 60 71
0 69 71
0 60 71
0 70 71
0 58 71
0 70 71
0 58 71
0 70 71
0 58 71
0 68 71
0 58 71
0 67 71
0 58 71
0 65 71
0 58 71
0 64 71
0 58 71
0 67 71
0 58 71
0 60 142
0 77 71
0 69 71
0 77 71
0 69 71
0 79 71
0 69 71
0 81 71
0 72 71
0 77 71
0 72 71
0 79 71
0 72 71
0 81 71
0 72 71
0 82 71
0 70 71
0 82 71
0 70 71
0 82 71
0 70 71
0 80 71
0 70 71
0 79 71
0 70 71
0 77 71
0 70 71
0 76 71
0 70 71
0 79 71
0 70 71
0 77 71
0 69 71
0 77 71
0 69 71
0 76 71
0 70 71
0 79 71
0 70 71
0 77 71
0 69 71
0 77 71
0 69 71
0 76 71
0 70 71
0 79 71
0 70 71
0 69 71
0 65 78
64 69 7
64 70 7
64 72 7
64 74 7
64 76 7
64 77 7
64 76 7
64 77 7
64 76 7
64 77 7
64 76 7
64 77 7
64 76 7
64 76 64
0 74 447
0 74 223
0 82 223
0 74 223
0 86 223
0 74 223
0 89 223
0 74 447
0 74 223
0 82 223
0 74 223
0 86 223
0 74 223
0 89 223
0 74 447
671 83 223
0 86 223
0 89 446
0 87 223
0 84 446
0 77 223
0 86 223
0 75 223
0 72 223
0 70 111
335 70 442
335 70 4
0 67 219
0 67 4
0 63 111
111 72 335
0 70 111
0 72 219
0 72 4
0 65 111
111 74 442
111 74 4
0 70 219
0 70 4
0 67 111
111 75 335
0 74 111
0 75 219
0 75 4
0 69 111
111 75 335
0 74 111
0 72 335
0 70 111
0 69 223
0 63 223
0 62 223
0 66 223
0 67 223
0 60 223
223 58 111
335 57 111
335 62 209
125 70 223
0 70 55
167 67 55
167 63 55
167 72 223
0 70 55
167 69 55
167 65 55
167 74 223
0 74 55
167 70 55
167 67 55
167 75 223
0 74 55
167 72 55
167 69 55
167 75 223
0 74 55
167 72 223
0 70 55
167 69 55
167 63 55
55 74 55
0 62 55
0 66 55
0 69 55
0 74 55
0 78 55
0 81 55
0 85 55
0 86 55
0 85 55
0 86 55
0 85 55
0 86 55
0 81 55
0 78 55
0 74 55
55 62 55
0 67 55
0 70 55
0 74 55
0 79 55
0 82 55
0 85 55
0 86 55
0 85 55
0 86 55
0 85 55
0 86 55
0 82 55
0 79 55
0 74 55
55 61 55
0 64 55
0 67 55
0 70 55
0 73 55
0 76 55
0 79 55
0 82 55
0 79 55
0 85 55
0 82 55
0 79 55
0 76 55
0 73 55
0 70 55
55 57 55
0 60 55
0 63 55
0 66 55
0 69 55
0 72 55
0 75 55
0 78 55
0 81 55
0 69 55
0 81 55
0 69 55
0 81 55
0 69 55
0 81 55
0 70 55
0 82 55
0 69 55
0 81 55
0 70 55
0 82 55
0 63 55
0 75 55
0 62 55
0 74 55
0 69 55
0 81 55
0 70 55
0 82 55
0 63 55
0 75 55
0 62 55
0 74 55
0 69 55
0 81 55
0 70 55
0 82 55
0 63 55
0 75 55
0 62 55
0 74 55
0 69 55
0 81 55
0 70 55
0 82 55
0 63 55
0 75 55
0 62 55
0 74 55
0 69 55
0 81 55
0 70 55
0 82 55
0 69 55
0 81 55
0 67 55
0 79 55
0 65 55
0 77 55
0 63 55
0 75 55
0 62 55
0 74 55
0 60 55
0 72 55
0 58 55
0 70 55
0 57 55
0 69 55
0 55 55
0 67 55
0 53 55
0 65 55
0 51 55
0 63 55
0 50 55
0 62 55
0 48 55
0 60 55
0 58 55
55 57 55
0 53 55
0 58 55
0 53 55
0 63 55
0 53 55
0 62 55
0 53 55
0 57 55
0 53 55
0 58 55
0 53 55
0 63 55
0 53 55
0 62 55
0 53 55
0 57 55
0 53 55
0 58 55
0 53 55
0 63 55
0 53 55
0 62 111
0 54 55
0 66 55
0 55 55
0 67 55
0 57 55
0 69 55
0 58 55
0 70 55
0 59 55
0 71 55
0 60 55
0 72 55
0 62 55
0 74 55
0 63 55
0 75 55
0 65 55
0 77 55
0 67 55
0 79 55
0 65 55
0 77 55
0 63 55
0 75 55
0 62 55
0 74 55
0 60 55
0 72 55
0 58 55
0 70 55
0 57 55
0 69 55
0 55 55
0 67 55
0 53 55
0 65 55
0 57 55
0 69 55
0 70 223
223 65 446
0 66 446
0 66 111
0 58 111
0 66 111
0 57 111
0 65 335
111 74 335
0 70 111
0 75 335
0 73 111
0 66 111
0 70 111
0 66 111
0 69 111
0 70 335
111 66 111
0 70 111
0 66 111
0 69 111
0 70 335
111 66 111
0 70 111
0 66 111
0 69 111
0 58 335
0 60 55
55 62 335
0 63 55
55 65 335
0 67 55
55 69 55
55 70 55
55 72 55
55 74 55
55 75 335
0 74 55
55 72 335
0 70 55
55 69 335
0 67 55
55 65 55
55 63 55
55 62 55
55 60 55
55 58 55
167 69 55
0 68 55
0 69 55
0 65 55
0 70 55
167 81 55
0 80 55
0 81 55
0 77 55
0 82 55
391 81 223
223 82 223
