0 89 84
84 58 84
0 57 84
0 58 84
0 62 84
0 65 84
0 62 84
0 65 84
0 68 84
0 65 84
0 62 84
0 68 84
0 65 84
0 68 84
0 70 84
0 68 84
0 65 84
0 70 84
0 68 84
0 70 84
0 74 84
0 70 84
0 68 84
0 77 84
0 74 84
0 77 84
0 80 84
0 77 84
0 74 84
0 80 84
0 77 84
0 80 84
0 82 84
0 80 84
0 77 84
0 82 84
0 80 84
0 82 84
0 86 84
0 82 84
0 80 84
0 86 84
0 82 84
0 86 84
0 89 84
0 86 84
0 82 84
0 89 84
0 86 84
0 89 84
0 92 84
0 89 84
0 86 84
0 82 84
0 81 84
0 82 84
0 86 84
0 89 84
0 86 84
0 89 84
0 86 84
0 89 84
0 92 84
0 89 84
0 86 84
0 82 84
0 81 84
0 82 84
0 86 84
0 89 84
0 86 84
0 77 84
0 74 84
0 77 84
0 80 84
0 77 84
0 74 84
0 70 84
0 69 84
0 70 84
0 74 84
0 77 84
0 74 84
0 77 84
0 74 84
0 77 84
0 80 84
0 77 84
0 74 84
0 70 84
0 69 84
0 70 84
0 74 84
0 77 84
0 74 84
0 80 84
84 58 84
0 57 84
0 58 84
0 57 84
0 60 84
0 58 84
0 63 84
0 62 84
0 67 84
0 65 84
0 70 84
0 69 84
0 72 84
0 70 84
0 75 84
0 74 84
0 79 84
0 77 84
0 82 84
0 81 84
0 84 84
0 82 84
0 82 168
0 79 168
0 75 168
0 74 168
0 77 168
0 82 126
42 82 168
0 79 168
0 75 126
42 75 168
0 79 168
0 84 126
42 84 168
0 80 168
0 77 168
0 76 168
0 79 168
0 84 126
42 84 168
0 80 168
0 77 168
0 74 168
0 77 168
0 82 126
42 82 168
0 79 168
0 75 168
0 72 168
0 77 168
0 80 126
42 70 168
0 75 168
0 79 126
42 68 168
0 74 168
0 77 126
42 75 168
168 79 168
0 80 84
0 79 84
0 80 84
0 77 84
0 82 84
0 80 84
0 79 168
0 94 168
504 67 126
378 68 168
0 70 84
0 68 84
0 70 84
0 67 84
0 72 84
0 70 84
0 68 168
0 84 168
504 77 126
378 79 168
0 80 84
0 79 84
0 80 84
0 77 84
0 92 126
378 75 126
42 77 84
0 75 84
0 77 84
0 74 84
0 89 126
42 67 84
0 79 84
0 67 84
0 79 84
0 70 84
0 82 84
0 70 84
0 82 84
0 70 84
0 82 84
0 68 84
0 80 84
0 67 84
0 79 84
0 67 84
0 79 84
0 70 84
0 82 84
0 70 84
0 82 84
0 70 84
0 82 84
0 67 84
0 79 84
0 68 84
0 80 84
0 68 84
0 80 84
0 72 84
0 84 84
0 72 84
0 84 84
0 72 84
0 84 84
0 70 84
0 82 84
0 68 84
0 80 84
0 68 84
0 80 84
0 72 84
0 84 84
0 72 84
0 84 84
0 70 84
0 82 84
0 68 84
0 80 84
0 67 84
0 79 84
0 70 84
0 82 84
0 75 84
0 87 84
0 75 84
0 87 84
0 72 84
0 84 84
0 68 84
0 80 84
0 75 84
0 87 84
0 70 84
0 82 84
0 67 84
0 79 84
0 70 84
0 82 84
0 68 84
0 80 84
0 65 84
0 77 84
0 55 84
0 63 84
0 58 84
0 67 84
0 63 84
0 70 84
0 67 84
0 75 84
0 70 84
0 79 84
0 75 84
0 82 84
0 79 84
0 87 84
0 82 84
0 91 84
0 87 84
0 94 84
0 93 84
0 94 84
0 93 84
0 94 84
0 93 84
0 94 84
0 96 84
0 94 84
0 92 84
0 91 84
0 89 84
0 87 84
0 86 84
0 84 84
0 82 84
0 80 84
0 79 84
0 77 84
0 75 84
0 74 84
0 72 84
0 70 84
0 68 84
0 67 84
0 65 84
0 63 84
0 62 84
0 65 84
0 68 84
0 62 84
0 55 84
0 63 84
0 58 84
0 67 84
0 63 84
0 70 84
0 67 84
0 75 84
0 70 84
0 79 84
0 75 84
0 82 84
0 79 84
0 87 84
0 82 84
0 91 84
0 87 84
0 94 84
0 93 84
0 94 84
0 93 84
0 94 84
0 93 84
0 94 84
0 96 84
0 94 84
0 92 84
0 91 84
0 89 84
0 87 84
0 86 84
0 84 84
0 82 84
0 80 84
0 79 84
0 77 84
0 75 56
0 74 110
0 70 56
0 68 56
0 67 56
0 65 56
0 63 56
0 62 56
0 60 84
0 58 84
0 57 84
0 60 84
0 63 84
0 57 84
0 58 168
336 70 168
336 73 168
336 78 168
336 73 168
336 70 168
336 66 168
336 61 168
336 57 168
336 69 168
336 72 168
336 77 168
336 72 168
336 69 168
336 65 168
336 60 168
336 73 84
210 84 42
0 82 84
0 81 84
0 82 84
210 87 42
0 85 84
0 84 84
0 85 84
210 92 42
0 90 84
0 89 84
0 90 84
210 87 42
0 85 84
0 84 84
0 85 84
210 84 42
0 82 84
0 81 84
0 82 84
210 80 42
0 78 84
0 77 84
0 78 84
210 75 42
0 73 84
0 72 84
0 73 336
168 72 84
210 82 42
0 81 84
0 79 84
0 81 84
210 86 42
0 84 84
0 83 84
0 84 84
210 90 42
0 89 84
0 88 84
0 89 84
210 85 42
0 84 84
0 83 84
0 84 84
210 82 42
0 81 84
0 79 84
0 81 84
210 78 42
0 77 84
0 76 84
0 77 84
210 73 42
0 72 84
0 71 84
0 72 168
168 73 168
0 74 84
0 67 84
0 65 84
0 67 84
0 65 84
0 67 84
0 65 84
0 67 84
0 65 84
0 67 84
0 65 84
0 67 84
0 65 84
0 67 84
0 65 84
0 67 84
0 65 84
0 67 84
0 65 84
0 67 84
0 65 84
0 67 84
0 65 84
0 67 84
0 65 84
0 67 84
0 65 84
0 67 84
0 65 84
0 67 84
0 65 84
0 67 84
0 65 84
0 67 84
0 65 84
0 67 84
0 65 84
0 67 84
0 65 84
0 67 84
0 65 84
0 67 84
0 65 84
0 67 84
0 65 84
0 67 84
0 65 84
0 67 84
0 74 84
0 77 84
0 79 56
0 81 56
0 82 56
0 84 56
0 86 56
0 87 56
0 89 84
0 87 84
0 86 84
0 84 84
0 82 84
0 81 84
0 79 84
0 81 84
0 82 84
0 84 84
0 86 56
0 87 56
0 89 56
0 91 84
0 89 84
0 87 56
0 86 56
0 84 56
0 82 56
0 81 56
0 79 56
0 77 84
0 86 84
0 82 84
0 89 84
0 86 84
0 94 84
0 89 56
0 98 56
0 94 56
0 101 56
0 98 56
0 94 56
0 89 56
0 86 56
0 82 56
0 77 336
168 84 56
0 86 56
0 84 56
0 86 56
0 84 56
0 86 56
0 84 56
0 86 56
0 84 56
0 86 84
0 79 84
0 77 84
0 79 84
0 77 84
0 79 84
0 77 84
0 79 84
0 77 84
0 79 84
0 77 84
0 79 84
0 77 84
0 79 84
0 77 84
0 79 84
0 77 84
0 79 84
0 77 84
0 79 84
0 77 84
0 79 84
0 77 84
0 79 84
0 77 84
0 79 84
0 77 84
0 79 84
0 77 84
0 79 84
0 82 84
0 79 84
0 77 84
0 79 84
0 77 84
0 79 84
0 77 84
0 79 84
0 77 84
0 79 84
0 77 84
0 79 84
0 87 84
0 79 84
0 77 84
0 79 84
0 77 84
0 79 84
168 86 84
84 86 84
84 86 84
84 86 84
84 86 84
252 84 84
84 82 84
84 82 84
84 84 84
84 84 84
252 86 84
84 86 84
84 86 84
84 86 84
84 89 84
84 87 84
84 89 84
84 87 84
84 89 84
84 87 84
84 89 84
420 80 504
0 79 168
336 78 504
0 77 168
336 68 504
0 67 168
336 66 504
0 65 168
168 70 84
84 65 84
252 70 84
84 74 84
252 63 84
84 72 84
252 70 84
84 69 84
252 70 84
84 65 84
252 55 84
84 62 84
252 62 84
84 60 84
252 48 84
84 51 84
84 46 84
0 48 84
0 50 84
0 51 84
0 53 56
0 55 56
0 57 56
0 58 56
0 60 56
0 62 56
0 63 56
0 65 56
0 67 56
0 69 84
0 57 84
0 58 84
0 60 84
0 62 84
0 63 84
0 65 56
0 67 56
0 69 56
0 70 56
0 72 56
0 74 56
0 75 56
0 77 56
0 79 56
0 81 84
0 69 84
0 70 84
0 72 84
0 74 84
0 75 84
0 77 56
0 79 56
0 81 56
0 82 84
0 84 84
0 86 56
0 87 56
0 89 56
0 91 56
0 93 56
0 81 56
0 94 336
168 77 336
168 62 336
504 82 168
0 82 168
0 79 168
0 75 168
0 74 168
0 77 168
0 82 126
42 82 168
0 79 168
0 75 126
42 75 168
0 79 168
0 84 126
42 84 168
0 80 168
0 77 168
0 76 168
0 79 168
0 84 126
42 84 168
0 80 168
0 77 168
0 74 168
0 77 168
0 82 126
42 82 168
0 79 168
0 75 168
0 72 168
0 77 168
0 80 126
42 70 168
0 75 168
0 79 126
42 68 168
0 74 168
0 77 126
42 75 168
168 79 168
0 80 84
0 79 84
0 80 84
0 77 84
0 82 84
0 80 84
0 79 168
0 94 168
504 67 126
378 68 168
0 70 84
0 68 84
0 70 84
0 67 84
0 72 84
0 70 84
0 68 168
0 84 168
504 77 126
378 79 168
0 80 84
0 79 84
0 80 84
0 77 84
0 92 126
378 75 126
42 77 84
0 75 84
0 77 84
0 74 84
0 89 126
42 67 84
0 79 84
0 67 84
0 79 84
0 70 84
0 82 84
0 70 84
0 82 84
0 70 84
0 82 84
0 68 84
0 80 84
0 67 84
0 79 84
0 67 84
0 79 84
0 70 84
0 82 84
0 70 84
0 82 84
0 70 84
0 82 84
0 67 84
0 79 84
0 68 84
0 80 84
0 68 84
0 80 84
0 72 84
0 84 84
0 72 84
0 84 84
0 72 84
0 84 84
0 70 84
0 82 84
0 68 84
0 80 84
0 68 84
0 80 84
0 72 84
0 84 84
0 72 84
0 84 84
0 70 84
0 82 84
0 68 84
0 80 84
0 67 84
0 79 84
0 70 84
0 82 84
0 75 84
0 87 84
0 75 84
0 87 84
0 72 84
0 84 84
0 68 84
0 80 84
0 75 84
0 87 84
0 70 84
0 82 84
0 67 84
0 79 84
0 70 84
0 82 84
0 68 84
0 80 84
0 65 84
0 77 84
0 55 84
0 63 84
0 58 84
0 67 84
0 63 84
0 70 84
0 67 84
0 75 84
0 70 84
0 79 84
0 75 84
0 82 84
0 79 84
0 87 84
0 82 84
0 91 84
0 87 84
0 94 84
0 93 84
0 94 84
0 93 84
0 94 84
0 93 84
0 94 84
0 96 84
0 94 84
0 92 84
0 91 84
0 89 84
0 87 84
0 86 84
0 84 84
0 82 84
0 80 84
0 79 84
0 77 84
0 75 84
0 74 84
0 72 84
0 70 84
0 68 84
0 67 84
0 65 84
0 63 84
0 62 84
0 65 84
0 68 84
0 62 84
0 55 84
0 63 84
0 58 84
0 67 84
0 63 84
0 70 84
0 67 84
0 75 84
0 70 84
0 79 84
0 75 84
0 82 84
0 79 84
0 87 84
0 82 84
0 91 84
0 87 84
0 94 84
0 93 84
0 94 84
0 93 84
0 94 84
0 93 84
0 94 84
0 96 84
0 94 84
0 92 84
0 91 84
0 89 84
0 87 84
0 86 84
0 84 84
0 82 84
0 80 84
0 79 84
0 77 84
0 75 56
0 74 110
0 70 56
0 68 56
0 67 56
0 65 56
0 63 56
0 62 56
0 60 84
0 58 84
0 57 84
0 60 84
0 63 84
0 57 84
0 58 168
336 70 168
336 73 168
336 78 168
336 73 168
336 70 168
336 66 168
336 61 168
336 57 168
336 69 168
336 72 168
336 77 168
336 72 168
336 69 168
336 65 168
336 60 168
336 73 84
210 84 42
0 82 84
0 81 84
0 82 84
210 87 42
0 85 84
0 84 84
0 85 84
210 92 42
0 90 84
0 89 84
0 90 84
210 87 42
0 85 84
0 84 84
0 85 84
210 84 42
0 82 84
0 81 84
0 82 84
210 80 42
0 78 84
0 77 84
0 78 84
210 75 42
0 73 84
0 72 84
0 73 336
168 72 84
210 82 42
0 81 84
0 79 84
0 81 84
210 86 42
0 84 84
0 83 84
0 84 84
210 90 42
0 89 84
0 88 84
0 89 84
210 85 42
0 84 84
0 83 84
0 84 84
210 82 42
0 81 84
0 79 84
0 81 84
210 78 42
0 77 84
0 76 84
0 77 84
210 73 42
0 72 84
0 71 84
0 72 168
168 73 168
0 74 84
0 67 84
0 65 84
0 67 84
0 65 84
0 67 84
0 65 84
0 67 84
0 65 84
0 67 84
0 65 84
0 67 84
0 65 84
0 67 84
0 65 84
0 67 84
0 65 84
0 67 84
0 65 84
0 67 84
0 65 84
0 67 84
0 65 84
0 67 84
0 65 84
0 67 84
0 65 84
0 67 84
0 65 84
0 67 84
0 65 84
0 67 84
0 65 84
0 67 84
0 65 84
0 67 84
0 65 84
0 67 84
0 65 84
0 67 84
0 65 84
0 67 84
0 65 84
0 67 84
0 65 84
0 67 84
0 65 84
0 67 84
0 74 84
0 77 84
0 79 56
0 81 56
0 82 56
0 84 56
0 86 56
0 87 56
0 89 84
0 87 84
0 86 84
0 84 84
0 82 84
0 81 84
0 79 84
0 81 84
0 82 84
0 84 84
0 86 56
0 87 56
0 89 56
0 91 84
0 89 84
0 87 56
0 86 56
0 84 56
0 82 56
0 81 56
0 79 56
0 77 84
0 86 84
0 82 84
0 89 84
0 86 84
0 94 84
0 89 56
0 98 56
0 94 56
0 101 56
0 98 56
0 94 56
0 89 56
0 86 56
0 82 56
0 77 336
168 84 56
0 86 56
0 84 56
0 86 56
0 84 56
0 86 56
0 84 56
0 86 56
0 84 56
0 86 84
0 79 84
0 77 84
0 79 84
0 77 84
0 79 84
0 77 84
0 79 84
0 77 84
0 79 84
0 77 84
0 79 84
0 77 84
0 79 84
0 77 84
0 79 84
0 77 84
0 79 84
0 77 84
0 79 84
0 77 84
0 79 84
0 77 84
0 79 84
0 77 84
0 79 84
0 77 84
0 79 84
0 77 84
0 79 84
0 82 84
0 79 84
0 77 84
0 79 84
0 77 84
0 79 84
0 77 84
0 79 84
0 77 84
0 79 84
0 77 84
0 79 84
0 87 84
0 79 84
0 77 84
0 79 84
0 77 84
0 79 84
168 86 84
84 86 84
84 86 84
84 86 84
84 86 84
252 84 84
84 82 84
84 82 84
84 84 84
84 84 84
252 86 84
84 86 84
84 86 84
84 86 84
84 89 84
84 87 84
84 89 84
84 87 84
84 89 84
84 87 84
84 89 84
420 80 504
0 79 168
336 78 504
0 77 168
336 68 504
0 67 168
336 66 504
0 65 168
168 70 84
84 65 84
252 70 84
84 74 84
252 63 84
84 72 84
252 70 84
84 69 84
252 70 84
84 65 84
252 55 84
84 62 84
252 62 84
84 60 84
252 48 84
84 51 84
84 46 84
0 48 84
0 50 84
0 51 84
0 53 56
0 55 56
0 57 56
0 58 56
0 60 56
0 62 56
0 63 56
0 65 56
0 67 56
0 69 84
0 57 84
0 58 84
0 60 84
0 62 84
0 63 84
0 65 56
0 67 56
0 69 56
0 70 56
0 72 56
0 74 56
0 75 56
0 77 56
0 79 56
0 81 84
0 69 84
0 70 84
0 72 84
0 74 84
0 75 84
0 77 56
0 79 56
0 81 56
0 82 84
0 84 84
0 86 56
0 87 56
0 89 56
0 91 56
0 93 56
0 81 56
0 82 336
168 82 336
168 62 336
504 70 84
84 70 126
42 66 84
84 63 84
1428 82 168
0 82 504
0 71 504
0 72 504
0 85 336
0 73 84
84 73 126
42 70 84
84 66 84
1428 73 166
1 85 504
0 75 1008
0 76 1008
0 90 504
0 91 504
0 92 1008
0 90 504
0 76 504
0 73 504
0 75 336
0 80 168
0 78 336
0 75 168
0 85 336
0 80 168
0 78 336
0 73 168
0 87 84
0 80 84
0 78 84
0 80 84
0 78 84
0 80 84
0 78 84
0 80 84
0 78 84
0 80 84
0 78 84
0 80 84
0 82 84
0 80 84
0 78 84
0 80 84
0 78 84
0 80 84
0 90 84
0 80 84
0 78 84
0 80 84
0 78 84
0 80 84
0 90 504
0 78 504
0 66 504
0 79 336
0 81 168
0 74 336
0 76 168
0 74 336
0 83 168
0 69 336
0 88 168
0 86 336
0 81 168
0 83 84
0 76 84
0 74 84
0 76 84
0 74 84
0 76 84
0 74 84
0 76 84
0 74 84
0 76 84
0 74 84
0 76 84
0 78 84
0 76 84
0 74 84
0 76 84
0 74 84
0 76 84
0 84 84
0 76 84
0 74 84
0 76 84
0 74 168
0 74 168
0 71 168
0 86 84
84 86 168
0 83 168
0 71 84
252 71 168
0 74 168
0 79 168
0 83 168
0 79 84
84 88 168
0 76 168
0 72 168
0 71 168
0 72 168
0 76 168
168 79 168
0 84 168
0 76 336
0 75 168
0 87 168
0 84 168
0 80 126
42 79 168
0 82 168
0 75 126
42 75 168
0 72 168
0 68 126
42 75 168
0 70 168
0 82 126
42 70 168
0 67 168
0 63 168
0 62 168
0 77 168
0 82 126
42 70 168
0 67 168
0 63 126
42 63 168
0 79 168
0 84 126
42 72 168
0 68 168
0 65 168
0 64 168
0 67 168
0 72 126
42 84 168
0 68 168
0 77 168
0 74 168
0 65 168
0 70 126
42 70 168
0 67 168
0 63 168
0 60 168
0 77 168
0 80 126
42 70 168
0 75 168
0 79 126
42 70 168
0 74 168
0 68 84
0 77 84
84 79 84
0 82 84
0 87 84
0 91 84
0 79 84
84 80 84
0 82 84
0 89 84
0 92 84
0 80 84
84 79 84
0 82 84
0 87 84
0 91 84
0 79 84
84 79 84
0 82 84
0 87 84
0 91 84
0 88 84
84 80 84
0 84 84
0 89 84
0 92 84
0 80 84
84 82 84
0 84 84
0 91 84
0 94 84
0 82 84
84 80 84
0 84 84
0 89 84
0 92 84
0 80 84
84 80 84
0 82 84
0 89 84
0 92 84
0 80 84
84 79 84
0 82 84
0 87 84
0 91 84
0 79 84
84 92 84
0 89 84
0 87 84
0 80 84
0 92 84
84 94 84
0 91 84
0 87 84
0 82 84
0 94 84
84 94 84
0 89 84
0 86 84
0 82 84
0 94 84
0 55 84
0 63 84
0 58 84
0 67 84
0 63 84
0 70 84
0 67 84
0 75 84
0 70 84
0 79 84
0 75 84
0 82 84
0 79 84
0 87 84
0 82 84
0 91 84
0 87 84
0 94 84
0 93 84
0 94 84
0 93 84
0 94 84
0 93 84
0 94 84
0 96 84
0 94 84
0 92 84
0 91 84
0 89 84
0 87 84
0 86 84
0 84 84
0 82 84
0 80 84
0 79 84
0 77 84
0 75 84
0 74 84
0 72 84
0 70 84
0 68 84
0 67 84
0 65 84
0 63 84
0 62 84
0 65 84
0 68 84
0 62 84
0 55 84
0 63 84
0 58 84
0 67 84
0 63 84
0 70 84
0 67 84
0 75 84
0 70 84
0 79 84
0 75 84
0 82 84
0 79 84
0 87 84
0 82 84
0 91 84
0 87 84
0 94 84
0 93 84
0 94 84
0 93 84
0 94 84
0 93 84
0 94 84
0 96 84
0 94 84
0 92 84
0 91 84
0 89 84
0 87 84
0 85 84
0 84 84
0 82 84
0 80 84
0 79 84
0 77 84
167 72 83
0 70 84
0 68 84
0 67 84
0 65 84
0 63 84
0 62 84
0 65 84
0 68 84
0 62 84
0 63 168
336 75 168
336 78 168
336 83 168
336 78 168
336 75 168
336 71 168
336 66 168
336 62 168
336 74 168
336 77 168
336 82 168
336 77 168
336 74 168
336 70 168
336 65 168
336 78 84
210 89 42
0 87 84
0 86 84
0 87 168
126 92 42
0 90 84
0 89 84
0 90 84
210 97 42
0 95 84
0 94 84
0 95 168
126 92 42
0 90 84
0 89 84
0 90 84
210 89 42
0 87 84
0 86 84
0 87 168
126 85 42
0 83 84
0 82 84
0 83 84
210 80 42
0 78 84
0 77 84
0 78 336
168 77 84
210 87 42
0 86 84
0 84 84
0 86 168
126 90 42
0 89 84
0 88 84
0 89 84
210 95 42
0 94 84
0 93 84
0 94 168
126 90 42
0 89 84
0 88 84
0 89 84
210 87 42
0 86 84
0 84 84
0 86 168
126 83 42
0 82 84
0 81 84
0 82 84
210 78 42
0 77 84
0 76 84
0 77 168
168 78 168
0 79 84
0 72 84
0 70 84
0 72 84
0 70 84
0 72 84
0 70 84
0 72 84
0 70 84
0 72 84
0 70 84
0 72 84
0 74 84
0 72 84
0 70 84
0 72 84
0 70 84
0 72 84
0 70 84
0 72 84
0 70 84
0 72 84
0 70 84
0 72 84
0 70 84
0 72 84
0 70 84
0 72 84
0 70 84
0 72 84
0 75 84
0 72 84
0 70 84
0 72 84
0 70 84
0 72 84
0 70 84
0 72 84
0 70 84
0 72 84
0 70 84
0 72 84
0 80 84
0 72 84
0 70 84
0 72 84
0 70 84
0 72 84
0 70 84
0 72 84
0 74 84
0 75 84
0 77 56
0 79 56
0 80 56
0 82 84
0 80 84
0 79 56
0 77 56
0 75 56
0 74 56
0 72 56
0 71 56
0 72 84
0 75 84
0 77 84
0 79 84
0 80 84
0 82 84
0 84 84
0 82 84
0 80 56
0 79 56
0 77 56
0 75 56
0 74 56
0 72 56
0 70 84
0 79 84
0 75 84
0 82 84
0 79 84
0 87 84
0 82 84
0 91 84
0 87 83
0 87 79
4 91 84
0 87 84
0 82 336
168 89 56
0 91 56
0 89 56
0 91 56
0 89 56
0 91 56
0 89 56
0 91 56
0 89 56
0 91 84
0 84 84
0 82 84
0 84 84
0 82 84
0 84 84
0 87 84
0 84 84
0 82 84
0 84 84
0 82 84
0 84 84
0 82 84
0 84 84
0 82 84
0 84 84
0 82 84
0 84 84
0 92 84
0 84 84
0 82 84
0 84 84
0 82 84
0 84 84
0 91 84
0 84 84
0 82 84
0 84 84
0 82 84
0 84 84
0 82 84
0 84 84
0 82 84
0 84 84
0 82 84
0 84 84
0 86 84
0 84 84
0 82 84
0 84 84
0 82 84
0 84 84
0 82 84
0 84 84
0 82 84
0 84 84
0 82 84
0 84 84
168 87 84
84 91 84
84 87 84
84 87 84
84 87 84
252 87 84
84 89 84
84 89 84
84 89 84
84 89 84
252 91 84
84 91 84
84 91 84
84 91 84
84 91 84
84 89 84
84 89 84
84 89 84
84 86 84
84 86 84
84 86 84
420 85 504
0 96 168
336 71 504
0 70 168
336 61 504
0 60 168
336 47 504
0 46 168
168 70 84
84 70 84
252 68 84
84 67 84
252 67 84
84 65 84
252 63 84
84 62 84
252 82 84
84 82 84
252 80 84
84 79 84
252 79 84
84 77 84
252 75 84
84 74 84
252 75 84
84 70 84
252 60 84
84 67 84
252 67 84
84 65 84
252 53 84
84 62 84
84 51 84
0 53 84
0 55 84
0 56 84
0 58 56
0 60 56
0 62 56
0 63 56
0 65 56
0 67 56
0 68 56
0 70 56
0 72 56
0 74 84
0 62 84
0 63 84
0 65 84
0 67 84
0 68 84
0 70 56
0 72 56
0 74 56
0 75 56
0 77 56
0 79 56
0 80 56
0 82 56
0 84 56
0 86 84
0 74 84
0 75 84
0 77 84
0 79 84
0 80 84
0 82 56
0 84 56
0 86 56
0 87 84
0 89 84
0 91 84
0 92 84
0 94 56
0 96 56
0 98 56
0 99 336
168 67 336
168 55 336
168 70 336
0 70 168
0 70 168
0 67 168
0 63 168
0 62 168
0 65 168
0 70 126
42 70 168
0 67 168
0 63 168
0 64 168
0 67 168
0 72 126
42 72 168
0 68 168
0 65 168
0 66 168
0 69 168
0 74 126
42 74 168
0 70 168
0 67 168
0 68 168
0 70 168
0 74 126
42 75 168
0 70 168
0 67 126
42 67 168
0 70 168
0 75 126
42 79 168
0 75 168
0 70 126
42 70 168
0 75 168
0 79 126
42 79 168
0 75 168
0 75 168
0 79 168
0 70 168
0 67 126
42 70 168
0 67 168
0 67 168
0 70 168
0 60 168
0 62 126
42 67 84
0 74 84
0 75 84
0 70 84
0 67 84
42 68 42
0 67 84
0 66 84
0 67 84
0 70 84
0 75 84
84 67 84
0 78 84
0 79 84
0 75 84
0 70 84
42 72 42
0 70 84
0 69 84
0 70 84
0 75 84
0 79 84
84 82 84
0 84 84
0 82 84
0 79 84
0 67 168
0 79 84
0 80 84
0 79 84
0 75 84
0 67 168
0 75 84
0 77 84
0 75 84
0 70 84
0 63 168
0 70 168
0 60 168
0 62 126
126 79 168
0 75 166
1 75 166
1 79 166
1 70 166
1 67 166
1 70 166
1 67 166
1 67 166
1 62 166
1 62 166
1 62 84
0 82 84
0 94 84
0 79 84
0 91 84
0 75 84
0 87 84
0 79 84
0 91 84
0 75 84
0 87 84
0 70 84
0 82 84
0 75 84
0 87 84
0 70 84
0 82 84
0 67 84
0 79 84
0 70 84
0 82 84
0 68 84
0 80 84
0 65 84
0 77 84
0 63 84
0 75 84
0 67 84
0 79 84
0 67 84
0 79 84
0 67 84
0 79 84
0 70 84
0 82 84
0 70 84
0 82 84
0 70 84
0 82 84
0 75 84
0 87 84
0 75 84
0 87 84
0 75 84
0 87 84
0 79 84
0 91 84
0 82 84
0 94 84
0 87 336
168 74 336
168 67 336
