0 67 537
0 66 179
0 69 2150
0 67 537
0 66 179
0 69 1970
0 75 170
0 75 8
0 75 716
0 62 537
0 67 170
0 67 8
0 67 716
0 60 537
0 69 170
0 69 8
0 69 537
0 71 895
0 59 477
0 71 119
0 69 119
0 71 358
0 72 358
0 75 537
0 74 179
0 77 1971
0 74 89
0 77 89
0 75 537
0 74 179
0 77 1970
0 80 170
0 80 8
0 80 716
0 67 537
0 72 170
0 72 8
0 72 716
0 65 537
0 74 170
0 74 8
0 74 537
0 75 895
0 63 358
0 68 358
0 67 358
0 68 358
0 72 358
0 70 89
0 72 89
0 70 89
0 69 89
0 70 537
0 72 179
0 73 896
0 72 179
0 82 179
0 79 170
8 79 1075
0 82 179
0 80 179
716 68 358
0 67 350
7 57 537
0 66 179
0 69 1433
0 62 537
0 67 170
0 67 8
0 60 537
0 66 179
0 58 537
0 67 179
0 57 537
0 69 179
0 66 179
0 69 179
0 72 179
0 75 179
0 74 179
0 72 179
0 70 179
0 69 179
0 72 179
0 78 179
0 81 179
0 84 179
0 82 179
0 81 179
0 79 179
0 78 179
0 81 179
0 84 179
0 86 179
0 87 179
0 86 179
0 84 179
0 82 179
0 81 179
0 84 179
0 81 179
0 79 179
0 78 179
0 84 179
0 81 179
0 79 179
0 78 179
0 81 134
44 78 134
44 75 134
44 74 134
44 74 716
0 69 1433
0 71 358
0 67 353
4 67 358
0 66 89
0 67 89
0 66 89
0 64 89
0 66 358
0 67 358
0 69 358
0 71 358
0 72 179
0 73 171
7 73 179
0 74 179
0 73 179
0 74 179
0 76 179
0 74 179
0 69 896
0 71 89
0 69 89
0 71 89
0 69 89
0 72 89
0 71 89
0 72 89
0 71 89
0 74 89
0 73 89
0 74 44
0 73 44
0 76 44
0 74 44
0 67 174
4 67 716
0 66 50
0 67 50
1 66 50
0 67 50
0 66 50
0 64 50
0 66 50
1 67 358
0 69 358
0 70 358
0 72 179
0 73 173
5 73 179
0 74 171
7 74 358
0 82 358
358 82 358
358 81 358
358 79 358
358 79 358
358 79 358
358 77 358
358 75 358
0 73 537
0 76 179
0 79 2150
0 73 537
0 76 179
0 79 1433
0 73 537
0 85 173
0 85 5
0 85 716
0 72 537
0 77 170
0 77 8
0 77 716
0 70 537
0 79 170
0 79 8
0 79 537
0 80 895
0 72 358
1 73 177
1 73 180
0 72 358
0 73 358
0 77 358
0 75 89
0 77 89
0 75 89
0 74 89
0 75 537
0 77 179
0 78 896
0 77 179
0 87 179
0 84 176
2 84 1075
0 87 179
0 85 179
716 66 358
0 65 357
0 65 537
0 65 177
1 67 356
1 67 1
1073 56 1
0 60 537
0 65 170
0 65 7
0 65 1
0 58 537
0 58 168
0 58 10
0 56 537
0 65 170
0 65 8
0 55 537
0 67 170
7 64 1
7 64 177
1 67 179
0 70 179
0 73 179
0 72 179
0 70 179
0 68 179
0 67 179
0 70 178
0 70 177
1 79 179
0 82 179
0 80 179
0 79 179
0 77 178
0 77 177
1 79 179
0 82 179
0 84 179
0 85 179
0 84 179
0 82 179
0 80 179
0 79 179
0 82 179
0 79 179
0 77 178
0 77 177
1 82 179
0 79 179
0 77 178
0 77 177
0 91 133
0 91 1
43 88 134
44 85 133
44 85 1
43 84 133
43 84 1
43 84 716
0 79 1433
0 81 358
0 77 350
7 77 358
0 76 89
0 77 89
0 76 89
0 74 89
0 76 358
0 77 358
0 79 358
0 81 358
0 82 179
0 83 170
8 83 179
0 84 179
0 83 179
0 84 179
0 86 179
0 84 179
0 79 896
0 81 89
0 79 89
0 81 89
0 79 89
0 82 89
0 81 89
0 82 89
0 81 89
0 84 89
0 83 89
0 84 44
0 83 44
0 86 44
0 84 44
0 89 89
0 77 85
4 77 358
0 76 89
0 77 89
0 76 89
0 74 89
0 76 358
0 77 358
0 79 358
0 80 358
0 82 179
0 83 170
8 83 179
0 84 170
8 84 358
0 84 358
358 80 358
358 79 358
358 68 358
0 77 358
0 80 358
358 65 358
358 65 358
358 65 358
0 68 537
0 71 179
0 74 2150
0 72 537
0 71 179
0 74 358
358 74 537
0 72 179
0 75 358
358 68 537
0 74 179
0 77 2150
0 75 537
0 74 179
0 77 358
358 77 537
0 75 179
0 79 358
358 68 537
0 77 179
0 80 1254
0 77 179
0 86 1254
0 80 179
0 89 1254
0 86 179
0 92 716
