297 60 99
0 59 99
0 60 99
0 65 49
49 65 49
49 63 198
99 60 99
0 59 99
0 60 99
0 68 49
49 68 49
49 67 198
99 60 99
0 59 99
0 60 99
0 72 49
49 72 49
49 72 99
0 74 24
0 72 24
0 71 24
0 72 24
0 75 99
0 74 99
0 77 99
0 75 99
0 74 99
0 72 99
0 71 198
99 55 99
0 54 99
0 55 99
0 60 49
49 60 49
49 59 198
99 55 99
0 54 99
0 55 99
0 63 49
49 63 49
49 62 198
99 55 49
49 59 49
49 62 49
49 65 49
49 68 49
49 71 49
49 74 49
49 77 49
49 80 49
49 79 49
49 77 49
49 75 49
49 74 49
49 72 198
99 72 99
0 71 99
0 72 99
0 84 49
49 84 49
49 84 198
99 89 99
0 87 99
0 86 99
0 84 99
0 83 99
0 86 99
0 84 99
99 72 99
0 71 99
0 72 99
0 84 49
49 84 49
49 84 198
0 86 24
0 84 24
0 83 24
0 84 24
0 89 99
0 87 99
0 86 99
0 84 99
0 83 99
0 84 49
0 86 49
0 84 49
0 83 49
0 84 49
0 87 49
0 86 49
0 84 49
0 83 49
0 84 49
0 83 49
0 80 49
0 79 49
0 77 49
0 75 49
0 74 49
0 72 49
0 74 49
0 72 49
0 71 49
0 72 49
0 75 49
0 74 49
0 72 49
0 71 49
0 72 49
0 71 49
0 68 49
0 67 49
0 65 49
0 63 49
0 62 49
0 60 49
0 62 49
0 60 49
0 59 49
0 60 49
0 63 49
0 62 49
0 60 49
0 59 49
0 67 49
0 62 49
0 59 49
0 55 49
0 67 49
0 63 49
0 60 49
0 55 49
0 67 49
0 62 49
0 59 49
0 55 49
0 67 49
0 63 49
0 60 49
0 55 49
0 67 49
0 62 49
0 59 49
0 55 49
0 67 49
0 63 49
0 60 49
0 55 396
99 58 49
49 60 49
49 62 49
49 55 49
49 65 49
49 67 49
49 67 148
0 58 49
148 58 49
148 56 396
99 58 49
49 60 49
49 62 49
49 55 49
49 65 49
49 67 49
49 67 148
0 53 49
148 60 49
148 50 396
99 58 49
49 60 49
49 62 49
49 55 49
49 65 49
49 67 49
49 67 148
0 58 49
148 58 49
130 60 414
130 60 99
0 72 49
49 70 49
49 68 49
49 67 99
0 65 99
0 63 49
49 62 49
49 53 198
0 58 198
0 51 396
99 70 49
49 68 49
49 67 49
49 67 99
0 65 99
0 63 49
49 62 49
49 53 198
0 58 198
0 51 396
99 82 49
49 80 49
49 79 49
49 79 99
0 77 99
0 75 49
49 74 49
49 60 49
49 58 49
49 60 49
49 62 49
49 63 49
0 75 49
0 63 49
0 75 49
0 63 49
0 75 49
0 63 49
0 75 49
0 63 49
0 75 49
0 63 49
0 75 49
0 63 49
0 75 49
0 63 49
0 75 49
0 63 49
0 75 49
0 63 49
0 75 49
0 63 49
0 75 49
0 63 49
0 75 49
0 63 49
0 75 49
0 63 49
0 75 49
0 63 49
0 75 49
0 63 49
0 75 49
0 63 198
99 75 99
0 74 99
0 75 99
0 84 49
49 80 49
49 80 198
49 80 49
0 82 49
0 80 49
0 79 49
0 77 49
0 75 49
0 74 49
0 72 49
0 71 49
0 70 49
0 69 49
0 68 49
0 67 66
0 68 66
0 70 66
0 68 66
0 67 66
0 65 66
0 63 66
0 62 66
0 60 66
0 58 66
0 56 66
0 55 66
49 53 49
0 56 49
0 60 49
0 65 99
148 53 49
0 56 49
0 58 49
0 62 99
99 74 49
0 86 49
0 74 49
0 86 49
0 74 49
0 86 49
0 74 49
0 86 49
0 74 49
0 86 49
0 74 49
0 86 49
0 74 49
0 86 49
0 74 49
0 86 49
0 75 49
0 87 49
0 75 49
0 87 49
0 75 49
0 87 49
0 75 49
0 87 49
0 75 49
0 87 49
0 75 49
0 87 49
0 76 49
0 88 49
0 76 49
0 88 49
49 77 49
0 80 49
0 84 49
0 89 99
148 74 49
0 77 49
0 80 49
0 86 99
99 75 198
0 82 49
49 82 49
49 82 99
99 82 49
49 82 49
49 82 99
99 53 99
297 53 49
148 55 49
148 60 49
148 58 49
148 56 49
148 55 49
148 82 49
0 84 49
0 82 49
0 81 49
0 82 99
99 82 49
0 84 49
0 82 49
0 81 49
0 82 99
99 53 99
297 51 396
0 60 49
148 58 49
148 56 49
148 55 99
99 62 99
0 63 99
198 68 99
0 67 99
198 80 99
0 75 99
198 86 99
0 79 99
198 55 198
693 60 99
0 59 99
0 60 99
0 65 49
49 65 49
49 63 198
99 60 99
0 59 99
0 60 99
0 68 49
49 68 49
49 67 198
99 60 99
0 59 99
0 60 99
0 72 49
49 72 49
49 72 99
0 74 24
0 72 24
0 71 24
0 72 24
0 75 99
0 74 99
0 77 99
0 75 99
0 74 99
0 72 99
0 71 198
99 55 99
0 54 99
0 55 99
0 60 49
49 60 49
49 59 198
99 55 99
0 54 99
0 55 99
0 63 49
49 63 49
49 62 198
99 55 49
49 59 49
49 62 49
49 65 49
49 68 49
49 71 49
49 74 49
49 77 49
49 80 49
49 79 49
49 77 49
49 75 49
49 74 49
49 72 198
99 72 99
0 71 99
0 72 99
0 84 49
49 84 49
49 84 198
99 89 99
0 87 99
0 86 99
0 84 99
0 83 99
0 86 99
0 84 99
99 72 99
0 71 99
0 72 99
0 84 49
49 84 49
49 84 198
0 86 24
0 84 24
0 83 24
0 84 24
0 89 99
0 87 99
0 86 99
0 84 99
0 83 99
0 84 49
0 86 49
0 84 49
0 83 49
0 84 49
0 87 49
0 86 49
0 84 49
0 83 49
0 84 49
0 83 49
0 80 49
0 79 49
0 77 49
0 75 49
0 74 49
0 72 49
0 74 49
0 72 49
0 71 49
0 72 49
0 75 49
0 74 49
0 72 49
0 71 49
0 72 49
0 71 49
0 68 49
0 67 49
0 65 49
0 63 49
0 62 49
0 60 49
0 62 49
0 60 49
0 59 49
0 60 49
0 63 49
0 62 49
0 60 49
0 59 49
0 67 49
0 62 49
0 59 49
0 55 49
0 67 49
0 63 49
0 60 49
0 55 49
0 67 49
0 62 49
0 59 49
0 55 49
0 67 49
0 63 49
0 60 49
0 55 49
0 67 49
0 62 49
0 59 49
0 55 49
0 67 49
0 63 49
0 60 49
0 55 396
99 58 49
49 60 49
49 62 49
49 55 49
49 65 49
49 67 49
49 67 148
0 58 49
148 58 49
148 56 396
99 58 49
49 60 49
49 62 49
49 55 49
49 65 49
49 67 49
49 67 148
0 53 49
148 60 49
148 50 396
99 58 49
49 60 49
49 62 49
49 55 49
49 65 49
49 67 49
49 67 148
0 58 49
148 58 49
130 60 414
130 60 99
0 72 49
49 70 49
49 68 49
49 67 99
0 65 99
0 63 49
49 62 49
49 53 198
0 58 198
0 51 396
99 70 49
49 68 49
49 67 49
49 67 99
0 65 99
0 63 49
49 62 49
49 53 198
0 58 198
0 51 396
99 82 49
49 80 49
49 79 49
49 79 99
0 77 99
0 75 49
49 74 49
49 60 49
49 58 49
49 60 49
49 62 49
49 63 49
0 75 49
0 63 49
0 75 49
0 63 49
0 75 49
0 63 49
0 75 49
0 63 49
0 75 49
0 63 49
0 75 49
0 63 49
0 75 49
0 63 49
0 75 49
0 63 49
0 75 49
0 63 49
0 75 49
0 63 49
0 75 49
0 63 49
0 75 49
0 63 49
0 75 49
0 63 49
0 75 49
0 63 49
0 75 49
0 63 49
0 75 49
0 63 198
99 75 99
0 74 99
0 75 99
0 84 49
49 80 49
49 80 198
49 80 49
0 82 49
0 80 49
0 79 49
0 77 49
0 75 49
0 74 49
0 72 49
0 71 49
0 70 49
0 69 49
0 68 49
0 67 66
0 68 66
0 70 66
0 68 66
0 67 66
0 65 66
0 63 66
0 62 66
0 60 66
0 58 66
0 56 66
0 55 66
49 53 49
0 56 49
0 60 49
0 65 99
148 53 49
0 56 49
0 58 49
0 62 99
99 74 49
0 86 49
0 74 49
0 86 49
0 74 49
0 86 49
0 74 49
0 86 49
0 74 49
0 86 49
0 74 49
0 86 49
0 74 49
0 86 49
0 74 49
0 86 49
0 75 49
0 87 49
0 75 49
0 87 49
0 75 49
0 87 49
0 75 49
0 87 49
0 75 49
0 87 49
0 75 49
0 87 49
0 76 49
0 88 49
0 76 49
0 88 49
49 77 49
0 80 49
0 84 49
0 89 99
148 74 49
0 77 49
0 80 49
0 86 99
99 75 198
0 82 49
49 82 49
49 82 99
99 82 49
49 82 49
49 82 99
99 53 99
297 53 49
148 55 49
148 60 49
148 58 49
148 56 49
148 55 49
148 82 49
0 84 49
0 82 49
0 81 49
0 82 99
99 82 49
0 84 49
0 82 49
0 81 49
0 82 99
99 53 99
297 51 396
0 60 49
148 58 49
148 56 49
148 55 99
99 62 99
0 63 99
198 68 99
0 67 99
198 80 99
0 75 99
198 86 99
0 79 99
198 55 198
1486 63 99
0 62 99
0 63 99
0 70 49
49 70 49
49 61 99
0 62 99
0 70 49
49 70 49
743 65 99
0 64 99
0 65 99
0 70 49
49 70 49
49 63 99
0 64 99
0 70 49
49 70 49
49 64 99
0 65 99
0 73 49
49 73 49
49 66 99
0 67 99
0 73 49
49 73 49
49 72 99
0 70 99
0 69 99
0 70 99
0 67 99
0 68 99
0 77 49
49 77 49
49 71 99
0 72 99
0 80 49
49 80 49
49 76 99
0 77 99
0 83 49
49 83 49
49 79 99
0 80 99
0 86 49
49 86 49
49 85 99
0 86 99
0 89 49
49 89 49
49 89 396
99 68 89
9 68 89
9 68 89
9 59 396
99 44 89
9 44 89
9 44 89
9 35 99
0 44 89
9 44 89
9 44 89
9 35 288
8 60 99
0 59 99
0 60 99
0 65 49
49 65 49
49 63 198
99 60 99
0 59 99
0 60 99
0 68 49
49 68 49
49 67 198
99 60 99
0 59 99
0 60 99
0 72 49
49 72 49
49 72 99
0 74 24
0 72 24
0 71 24
0 72 24
0 75 99
0 74 99
0 77 99
0 75 99
0 74 99
0 72 99
0 71 198
99 55 99
0 54 99
0 55 99
0 60 49
49 60 49
49 59 198
99 55 99
0 54 99
0 55 99
0 63 49
49 63 49
49 62 198
99 55 49
49 59 49
49 62 49
49 65 49
49 68 49
49 71 49
49 74 49
49 77 49
49 80 49
49 79 49
49 77 49
49 75 49
49 74 49
49 72 198
99 72 99
0 71 99
0 72 99
0 84 49
49 84 49
49 84 198
99 89 99
0 87 99
0 86 99
0 84 99
0 83 99
0 86 99
0 84 99
99 72 99
0 71 39
0 72 39
0 73 39
0 74 39
0 75 39
0 76 49
0 77 49
0 78 49
0 79 49
0 80 49
0 81 49
0 82 49
0 83 49
0 84 99
0 89 99
0 87 99
0 86 99
0 84 99
0 83 99
0 84 49
0 86 49
0 84 49
0 83 49
0 84 49
0 87 49
0 86 49
0 84 49
0 83 49
0 84 49
0 83 49
0 80 49
0 79 49
0 77 49
0 75 49
0 74 49
0 72 49
0 74 49
0 72 49
0 71 49
0 72 49
0 75 49
0 74 49
0 72 49
0 71 49
0 72 49
0 71 49
0 68 49
0 67 49
0 65 49
0 63 49
0 62 49
0 60 49
0 62 49
0 60 49
0 59 49
0 60 49
0 63 49
0 62 49
0 60 49
0 59 49
0 67 49
0 62 49
0 59 49
0 55 49
0 67 49
0 63 49
0 60 49
0 55 49
0 67 49
0 62 49
0 59 49
0 55 49
0 67 49
0 63 49
0 60 49
0 55 49
0 67 49
0 62 49
0 59 49
0 55 49
0 67 49
0 63 49
0 60 49
0 55 396
99 67 49
49 69 49
49 71 49
49 64 49
49 74 49
49 76 49
49 76 148
0 62 49
148 64 49
148 65 396
99 67 49
49 69 49
49 71 49
49 64 49
49 74 49
49 76 49
49 76 148
0 62 49
148 69 49
148 59 396
99 67 49
49 69 49
49 71 49
49 64 49
49 74 49
49 76 49
49 76 148
0 62 49
148 64 49
130 69 414
130 69 99
0 81 49
49 79 49
49 77 49
49 76 99
0 74 99
0 72 49
49 71 49
49 62 198
0 67 198
0 60 396
99 79 49
49 77 49
49 76 49
49 76 99
0 74 99
0 72 49
49 71 49
49 62 198
0 67 198
0 60 396
99 79 49
49 77 49
49 75 49
49 75 99
0 74 99
0 72 49
49 71 49
49 56 49
49 55 49
49 57 49
49 59 49
49 60 198
99 72 99
0 71 99
0 72 99
0 74 49
49 74 49
49 72 198
99 72 99
0 71 99
0 72 99
0 77 49
49 77 49
49 75 198
99 84 99
0 83 99
0 84 99
0 89 49
49 86 49
49 86 198
49 86 49
0 87 49
0 86 49
0 84 49
0 83 49
0 84 49
0 86 49
0 84 49
0 83 49
0 80 49
0 79 49
0 77 49
0 75 66
0 77 66
0 79 66
0 77 66
0 75 66
0 74 66
0 72 66
0 70 66
0 68 66
0 67 66
0 65 66
0 63 66
49 62 49
0 65 49
0 68 49
0 74 99
148 59 49
0 62 49
0 65 49
0 71 99
99 71 49
0 83 49
0 71 49
0 83 49
0 71 49
0 83 49
0 71 49
0 83 49
0 71 49
0 83 49
0 71 49
0 83 49
0 71 49
0 83 49
0 71 49
0 83 49
0 72 49
0 84 49
0 72 49
0 84 49
0 72 49
0 84 49
0 72 49
0 84 49
0 72 49
0 84 49
0 72 49
0 84 49
0 72 49
0 84 49
0 72 49
0 84 49
49 77 49
0 80 49
0 86 49
0 89 99
148 74 49
0 77 49
0 83 49
0 86 99
99 72 198
0 79 49
49 79 49
49 79 99
99 79 49
49 79 49
49 79 99
99 50 99
297 50 49
148 48 49
148 57 49
148 55 49
148 53 49
148 51 49
148 79 49
0 80 49
0 79 49
0 78 49
0 79 99
99 79 49
0 80 49
0 79 49
0 78 49
0 79 99
99 50 99
297 48 396
0 57 49
148 55 49
148 53 49
148 51 99
99 59 99
0 60 99
198 65 99
0 63 99
198 77 99
0 72 99
198 83 99
0 75 99
198 60 99
0 61 99
198 65 99
0 66 99
198 77 99
0 72 99
198 85 99
0 78 99
0 87 792
0 85 198
0 84 198
0 82 198
0 80 99
0 77 33
0 78 33
0 80 33
0 78 396
99 56 49
49 58 49
49 60 49
49 53 49
49 63 49
49 65 49
49 65 148
0 56 48
144 56 48
144 54 481
0 56 48
48 58 48
48 60 48
48 53 48
48 63 48
48 65 48
48 65 144
0 51 48
144 58 48
144 48 384
96 56 48
48 58 48
48 60 48
48 53 48
48 63 48
48 65 48
48 65 144
0 56 48
144 56 48
144 54 288
0 63 95
0 60 384
255 54 415
0 63 95
0 63 1
0 60 384
256 55 42
0 60 85
0 67 48
48 63 48
48 60 48
48 55 48
914 60 48
48 62 48
48 64 48
48 65 48
48 67 48
48 68 48
48 84 96
0 83 96
0 84 96
0 89 48
48 89 48
48 88 192
288 60 48
48 62 48
48 64 48
48 65 48
48 67 48
48 68 48
48 84 96
0 83 96
0 84 96
0 89 48
48 89 48
48 88 192
96 72 96
0 71 96
0 72 96
0 77 48
48 77 48
48 76 192
96 60 96
0 59 95
0 60 96
0 65 48
48 65 48
48 64 192
96 36 95
0 36 192
96 36 96
0 36 192
