538 67 67
201 55 403
0 66 134
0 64 67
201 57 134
403 69 269
0 66 403
0 67 134
0 69 201
67 71 201
336 71 67
201 62 403
0 69 134
0 67 67
201 61 134
403 73 269
0 70 403
0 71 134
0 73 201
67 74 201
336 74 538
0 79 269
0 76 269
0 74 269
0 72 255
13 72 538
0 81 269
0 72 538
0 71 255
13 71 538
0 67 255
13 67 538
0 64 255
13 64 538
0 55 269
0 52 269
0 51 484
53 76 672
0 75 134
0 76 269
0 60 538
0 66 269
0 57 403
0 67 134
0 69 134
0 67 134
0 66 269
0 64 269
0 76 672
0 75 134
0 76 269
0 60 538
0 66 269
0 57 403
0 69 134
0 67 134
0 66 134
0 55 269
269 59 67
201 71 538
0 64 67
201 76 538
0 71 67
201 83 538
0 88 67
201 76 538
0 77 67
201 77 403
0 88 73
60 84 6
60 83 6
60 81 6
60 79 6
60 77 6
60 76 6
60 74 6
60 72 6
60 71 6
38 69 4
40 67 4
40 65 4
40 64 4
40 62 4
40 60 4
49 59 5
48 57 5
48 55 5
48 54 5
48 55 5
48 55 128
403 65 67
201 64 134
403 74 67
201 74 403
0 84 73
60 81 6
60 80 6
60 78 6
60 76 6
60 74 6
60 72 6
60 71 6
60 69 6
60 68 6
38 66 4
40 64 4
40 62 4
40 60 4
40 59 4
40 57 4
49 56 5
48 54 5
48 52 5
48 51 5
48 52 5
48 52 263
269 62 67
201 60 134
403 82 252
16 82 403
0 81 73
60 77 6
60 75 6
60 74 6
60 72 6
60 70 6
60 69 6
60 67 6
60 65 6
60 63 6
82 62 8
80 60 8
80 58 8
80 58 254
5 58 1345
0 67 242
26 67 538
0 67 242
26 73 538
0 73 242
26 73 538
0 78 269
0 77 538
0 78 242
26 71 807
0 71 807
0 66 67
201 72 67
471 72 67
201 75 67
471 75 67
201 76 67
471 76 67
201 77 67
471 68 67
67 77 67
67 77 67
67 77 67
67 77 67
67 77 67
67 68 67
67 77 67
67 77 67
67 77 67
67 77 67
67 77 67
67 78 67
67 79 67
67 79 67
67 79 67
67 79 67
67 79 67
67 79 67
67 79 67
67 79 67
67 79 67
67 79 67
67 79 67
67 91 269
0 90 807
0 71 807
0 66 807
0 59 538
0 59 269
0 67 269
0 66 263
5 66 538
0 70 269
0 71 134
0 79 134
0 91 403
0 90 134
134 90 134
0 85 403
0 83 134
134 83 134
0 79 403
0 78 134
134 78 134
0 73 403
0 71 128
5 71 269
0 67 269
0 66 263
5 66 134
0 62 134
0 59 134
0 55 134
0 54 134
0 58 134
0 59 269
538 59 807
0 60 538
0 67 269
0 64 538
0 66 263
0 66 5
0 66 269
538 59 807
0 60 538
0 67 269
0 64 538
0 66 263
0 66 5
553 67 807
0 66 254
0 66 15
538 67 807
538 67 254
0 59 269
538 59 269
538 59 269
538 71 801
5 71 801
5 71 532
5 81 67
67 71 67
67 71 67
67 71 67
67 71 67
67 71 67
0 71 67
0 71 67
0 71 67
67 71 67
67 71 67
67 71 67
0 71 67
67 71 67
67 71 67
67 71 67
67 71 67
67 71 67
0 71 67
67 71 67
67 71 67
67 71 67
0 71 67
0 71 67
0 71 67
0 71 67
0 71 67
67 72 269
269 72 67
201 72 403
0 71 134
0 69 67
201 86 134
403 74 67
201 74 403
0 72 134
0 74 67
201 75 403
0 74 134
0 87 134
134 63 403
0 62 134
0 63 134
134 63 403
0 65 3
0 65 131
0 66 134
134 78 403
0 77 134
0 78 134
134 84 403
0 83 134
0 84 134
134 57 403
0 56 134
0 57 134
134 90 403
0 89 134
0 90 134
134 66 403
0 66 134
0 66 134
134 71 269
134 69 67
67 67 67
201 75 269
134 66 67
67 65 67
201 73 269
134 63 67
67 62 67
201 61 67
201 60 67
201 60 67
201 67 67
201 66 67
201 65 67
201 64 67
201 63 67
201 62 67
201 61 67
201 60 67
201 59 67
201 58 67
201 57 67
201 56 67
201 56 134
0 55 134
0 67 1071
5 67 538
0 72 269
0 69 269
0 67 269
0 65 263
5 65 538
0 74 269
0 65 538
0 64 252
16 64 67
0 67 67
0 72 67
0 76 67
0 77 67
0 72 67
0 69 67
0 65 67
0 69 67
0 72 67
0 77 67
0 81 61
5 81 67
0 74 67
0 81 67
0 86 67
0 81 67
0 74 67
0 81 67
0 82 67
0 79 67
0 74 67
0 79 67
0 82 67
0 79 67
0 73 67
0 79 67
0 82 67
0 79 67
0 72 67
0 79 67
0 82 67
0 76 67
0 72 67
0 76 67
0 79 61
5 79 67
0 76 67
0 79 67
0 84 67
0 79 67
0 76 67
0 79 67
0 84 67
0 81 67
0 77 67
0 81 67
0 84 67
0 81 67
0 77 67
0 81 67
0 84 67
0 81 67
0 77 67
0 81 67
0 86 67
0 81 67
0 77 67
0 81 67
0 86 67
0 82 67
0 77 67
0 82 67
0 86 67
0 83 67
0 77 67
0 83 67
0 86 67
0 83 67
0 76 67
0 83 67
0 86 67
0 83 67
0 76 67
0 83 67
0 86 67
0 83 67
0 76 67
0 83 67
0 86 67
0 83 67
0 76 67
0 83 67
0 86 67
0 83 67
0 76 67
0 83 67
0 86 67
0 83 67
0 76 67
0 83 67
0 84 67
0 81 67
0 76 67
0 81 67
0 84 67
0 81 67
0 76 67
0 81 67
0 84 67
0 81 67
0 74 67
0 81 67
0 83 67
0 80 67
0 74 67
0 80 67
0 83 67
0 80 67
0 74 67
0 80 67
0 83 67
0 80 67
0 72 67
0 80 67
0 83 67
0 80 67
0 81 67
0 72 67
0 81 67
0 80 67
0 81 67
0 72 67
0 81 61
5 81 67
0 71 67
0 81 67
0 83 67
0 81 67
0 71 67
0 81 67
0 83 67
0 81 67
0 71 67
0 81 67
0 83 67
0 81 67
0 71 67
0 81 67
0 83 67
0 81 67
0 71 67
0 81 67
0 83 67
0 81 67
0 71 67
0 81 67
0 83 67
0 81 67
0 71 67
0 81 67
0 83 67
0 81 67
0 71 67
0 81 67
0 83 67
0 81 67
0 71 67
0 81 67
0 83 67
0 79 67
0 71 67
0 79 67
0 83 67
0 79 67
0 71 67
0 79 67
0 83 61
5 83 67
0 76 67
0 83 67
0 88 67
0 84 67
0 76 67
0 84 67
0 88 67
0 84 67
0 76 67
0 84 67
0 88 67
0 84 67
0 76 67
0 84 67
0 88 67
0 85 67
0 79 67
0 85 67
0 88 67
0 85 67
0 79 67
0 85 67
0 88 67
0 85 67
0 79 67
0 85 67
0 88 67
0 83 67
0 79 67
0 83 67
0 88 67
0 91 67
0 90 67
0 88 67
0 87 67
0 88 67
0 87 67
0 88 67
0 90 67
0 91 67
0 90 67
0 88 67
0 87 67
0 91 67
0 90 67
0 88 67
0 87 67
0 91 67
0 90 67
0 88 67
0 87 67
0 91 67
0 90 67
0 88 67
0 87 67
0 88 134
403 91 134
0 90 134
0 88 134
0 87 134
0 88 269
0 91 269
0 90 269
0 88 269
0 87 269
0 88 269
269 91 538
0 90 538
0 88 269
269 67 538
0 66 134
0 64 128
5 64 269
807 67 263
5 66 134
0 64 128
5 64 128
274 67 134
0 66 134
0 64 134
134 91 134
0 90 134
0 88 134
134 67 134
0 66 134
0 64 134
269 67 67
201 55 403
0 66 134
0 64 67
201 57 134
403 69 269
0 66 403
0 67 134
0 69 201
67 71 201
336 71 67
201 62 403
0 69 134
0 67 67
201 61 134
403 73 269
0 70 403
0 71 134
0 73 201
67 74 201
336 74 538
0 79 269
0 76 269
0 74 269
0 72 255
13 72 538
0 81 269
0 72 538
0 71 255
13 71 538
0 67 255
13 67 538
0 64 255
13 64 538
0 55 269
0 52 269
0 51 484
53 76 672
0 75 134
0 76 269
0 60 538
0 66 269
0 57 403
0 67 134
0 69 134
0 67 134
0 66 269
0 64 269
0 76 672
0 75 134
0 76 269
0 60 538
0 66 269
0 57 403
0 69 134
0 67 134
0 66 134
0 55 269
269 55 67
201 67 538
0 60 67
201 72 538
0 67 67
201 79 538
0 84 67
201 72 538
0 77 67
201 77 403
0 88 73
60 84 6
60 83 6
60 81 6
60 79 6
60 77 6
60 76 6
60 74 6
60 72 6
60 71 6
38 69 4
40 67 4
40 65 4
40 64 4
40 62 4
40 60 4
49 59 5
48 57 5
48 55 5
48 54 5
48 55 5
48 55 128
403 65 67
201 64 134
403 74 67
201 74 403
0 84 73
60 81 6
60 80 6
60 78 6
60 76 6
60 74 6
60 72 6
60 71 6
60 69 6
60 68 6
38 66 4
40 64 4
40 62 4
40 60 4
40 59 4
40 57 4
49 56 5
48 54 5
48 52 5
48 51 5
48 52 5
48 52 263
269 62 67
201 60 134
403 84 134
134 84 403
0 82 67
0 81 67
0 79 67
0 77 67
0 76 67
0 74 67
0 72 67
0 70 67
0 69 67
0 67 67
0 66 53
0 64 53
0 62 53
0 60 53
0 58 53
0 57 263
5 57 538
0 57 242
26 57 538
0 63 242
26 63 538
0 63 242
26 63 538
0 75 242
26 72 538
0 71 269
0 70 538
0 71 242
26 71 807
0 76 807
0 71 67
201 72 67
471 76 67
201 74 67
471 76 67
201 76 67
471 81 67
201 79 67
471 73 67
67 82 67
67 82 67
67 82 67
67 82 67
67 82 67
67 73 67
67 82 67
67 82 67
67 82 67
67 82 67
67 82 67
67 83 67
67 84 67
67 84 67
67 84 67
67 84 67
67 84 67
67 84 67
67 84 67
67 84 67
67 84 67
67 84 67
67 84 67
67 96 269
0 95 807
0 76 807
0 71 807
0 64 538
0 64 269
0 72 269
0 71 263
5 71 538
0 75 269
0 76 134
0 72 134
0 84 403
0 83 134
134 83 134
0 78 403
0 76 134
134 76 134
0 72 403
0 71 134
134 71 134
0 66 403
0 64 128
5 64 269
0 60 269
0 59 263
5 59 134
0 55 134
0 52 134
0 48 134
0 47 134
0 51 134
0 52 269
538 64 807
0 65 538
0 72 269
0 69 538
0 71 263
0 71 5
0 71 269
538 52 807
0 53 538
0 60 269
0 57 538
0 59 263
0 59 5
553 60 807
0 59 254
0 59 15
538 60 807
538 60 254
0 55 269
284 72 807
0 71 254
0 71 15
523 72 807
0 71 269
553 72 807
553 72 254
0 67 269
284 84 807
0 83 254
0 83 15
1330 78 269
0 76 403
0 75 134
0 76 201
67 81 201
336 81 255
13 78 403
0 79 134
0 78 201
67 83 201
336 83 255
13 83 403
0 81 134
0 79 201
67 84 201
336 76 672
0 75 134
0 76 269
0 60 538
0 66 269
0 57 403
0 67 134
0 69 134
0 67 134
0 66 269
0 64 269
0 76 672
0 75 134
0 76 269
0 60 538
0 66 269
0 57 403
0 69 134
0 67 134
0 66 134
0 55 269
