0 60 882
0 70 73
0 68 73
0 67 73
0 68 73
0 72 882
0 70 294
0 60 1765
0 69 588
0 63 588
294 72 73
0 70 73
0 69 73
0 70 73
0 73 588
0 68 294
0 72 294
0 67 1765
0 71 588
0 72 1030
0 68 147
0 75 1030
0 72 147
0 65 1030
0 73 147
147 68 1027
147 68 294
0 79 269
24 77 269
24 75 269
24 75 24
0 70 588
0 68 588
0 63 588
0 63 294
0 72 294
0 63 36
0 72 36
0 70 36
0 72 36
0 70 49
0 69 49
0 70 49
0 73 147
0 72 147
0 75 147
0 73 147
0 72 98
0 73 98
0 70 98
0 60 882
0 70 73
0 68 73
0 67 73
0 68 73
0 72 882
0 70 294
0 60 1177
1177 70 588
294 72 73
0 70 73
0 69 73
0 70 73
0 73 882
0 72 294
0 67 1177
1140 63 109
1140 63 956
0 68 146
0 75 110
0 75 919
0 72 73
36 65 109
36 65 1692
0 69 294
0 70 294
0 68 588
0 75 588
0 67 588
0 70 588
0 61 588
0 60 147
0 61 147
0 63 147
0 61 147
0 60 588
551 77 109
551 77 809
0 87 42
0 87 41
0 81 82
0 75 42
40 69 1
40 69 41
0 65 294
735 60 134
12 60 1177
0 58 588
551 75 109
551 75 809
0 85 42
0 85 41
0 79 82
0 73 42
40 67 1
40 67 41
0 63 294
735 58 134
12 58 1177
0 56 588
2795 51 134
12 63 1177
0 62 294
0 64 308
0 64 279
0 69 308
0 69 279
0 73 308
0 73 279
0 76 308
0 76 279
0 79 308
0 79 279
0 77 294
0 74 1471
0 75 73
0 74 73
0 72 73
0 74 73
0 75 441
0 77 134
12 77 588
0 75 1177
0 76 588
0 77 1471
0 79 73
0 77 73
0 75 73
0 77 73
0 79 441
0 80 134
12 80 588
0 79 588
1226 62 49
1 63 49
0 65 49
0 63 49
0 62 49
0 68 49
0 67 49
0 65 49
1 74 49
0 72 49
0 70 48
0 70 46
0 75 49
0 74 49
0 80 49
0 79 49
0 77 49
0 84 1177
0 84 41
0 82 41
1 80 41
0 79 41
0 77 41
0 75 41
0 74 41
1 77 441
0 75 147
0 74 220
0 75 73
0 77 220
0 75 73
0 63 588
637 65 49
1 67 49
0 68 49
0 67 49
0 65 49
0 74 49
0 72 49
0 70 49
1 77 49
0 75 49
0 74 48
0 74 46
0 79 49
0 77 49
0 86 49
0 84 49
0 82 49
0 89 1177
0 89 47
0 87 94
0 84 47
0 82 47
0 80 47
7 79 882
147 79 147
0 80 882
147 80 147
0 82 882
147 82 147
0 83 882
147 83 147
0 84 882
147 84 147
0 86 882
147 86 147
0 87 882
147 89 36
0 87 36
0 86 36
0 87 36
0 89 294
0 87 294
0 86 220
73 84 220
73 82 294
0 81 294
0 84 294
0 82 294
0 80 294
0 79 294
0 77 294
0 82 294
0 78 196
0 79 196
0 67 196
196 79 196
0 67 196
0 79 196
0 80 196
0 68 196
196 80 196
0 68 196
0 81 196
0 82 196
0 70 196
196 82 196
0 70 196
0 82 196
0 83 196
0 71 196
196 83 196
0 71 196
0 83 196
0 84 196
0 72 196
196 84 196
0 72 196
0 85 196
0 86 196
0 74 196
196 86 196
0 74 196
0 86 196
0 87 196
0 75 196
196 87 196
0 75 196
0 87 196
0 78 196
0 87 196
0 81 196
0 87 196
0 81 196
0 82 1373
0 81 196
0 84 196
0 82 147
49 80 147
49 79 147
49 75 1030
0 77 29
0 79 29
0 77 29
0 76 29
0 77 29
0 74 1030
0 82 147
0 67 588
784 69 196
0 72 196
0 70 147
49 68 147
49 67 147
49 63 1030
0 65 29
0 67 29
0 65 29
0 64 29
0 65 29
0 62 1030
0 70 147
0 63 588
1692 55 660
1765 60 882
0 70 73
0 68 73
0 67 73
0 68 73
0 72 882
0 70 294
0 60 1177
0 60 294
0 67 294
0 68 294
0 69 294
0 63 588
294 72 73
0 70 73
0 69 73
0 70 73
0 73 588
0 68 294
0 72 294
0 67 1177
0 67 196
0 77 196
0 75 196
0 73 147
49 72 147
49 71 147
49 72 1030
0 68 147
0 75 1030
0 72 147
0 77 1030
0 73 147
0 80 1471
0 79 294
0 77 294
0 75 269
0 75 24
0 63 294
0 73 269
0 73 24
0 63 294
0 72 269
0 72 24
0 63 588
0 63 294
0 72 294
0 63 36
0 72 36
0 70 36
0 72 36
0 70 49
0 69 49
0 70 49
0 73 147
0 72 147
0 75 147
0 73 147
0 72 73
0 75 73
0 73 73
0 70 73
0 60 882
0 70 73
0 68 73
0 67 73
0 68 73
0 72 882
0 70 294
0 60 1177
1177 63 588
294 72 73
0 70 73
0 69 73
0 70 73
0 63 882
0 72 294
0 67 1177
1140 63 109
1140 63 956
0 68 146
0 75 73
0 75 956
0 72 110
0 65 1998
0 69 196
0 70 196
0 68 588
0 75 588
0 67 588
0 70 588
0 61 735
0 60 73
0 61 73
0 63 73
0 61 73
0 60 73
0 61 73
0 60 588
551 77 109
551 77 809
0 87 42
0 87 41
0 81 82
0 75 42
40 69 1
40 69 41
0 65 294
735 60 134
12 60 1177
0 58 588
551 75 109
551 75 809
0 85 42
0 85 41
0 79 82
0 73 42
40 67 1
40 67 41
0 63 294
735 58 134
12 58 1177
0 56 588
2795 56 134
12 54 1177
0 63 588
441 56 134
12 53 1177
0 62 588
441 56 134
12 53 1177
0 58 294
0 69 294
0 70 14
0 70 250
29 72 308
29 72 250
29 78 294
0 79 264
29 81 308
29 81 250
29 84 308
29 84 279
0 82 294
0 79 1471
0 80 73
0 79 73
0 77 73
0 79 73
0 80 441
0 82 147
0 82 588
0 80 1177
0 81 588
0 82 1471
0 84 73
0 82 73
0 81 73
0 82 73
0 84 441
0 85 147
0 85 588
0 84 588
1226 67 49
1 68 49
0 70 49
0 68 49
0 67 49
0 73 49
0 72 49
0 70 49
1 79 49
0 77 49
0 75 48
0 75 46
0 80 49
0 79 49
0 85 49
0 84 49
0 82 49
0 89 1177
0 89 41
0 87 41
1 85 41
0 84 41
0 82 41
0 80 41
0 79 41
1 82 441
0 80 147
0 79 220
0 80 73
0 82 220
0 80 73
0 68 588
637 70 49
1 72 49
0 73 49
0 72 49
0 70 49
0 79 49
0 77 49
0 75 49
1 82 49
0 80 49
0 79 48
0 79 1469
0 84 26
0 85 26
0 87 52
0 84 26
0 82 26
0 80 26
0 79 26
0 79 25
0 75 26
0 73 26
0 73 881
147 72 147
0 73 882
147 73 147
0 75 882
147 75 147
0 76 882
147 76 147
0 77 882
147 77 147
0 79 882
147 79 147
0 80 882
147 82 36
0 80 36
0 79 36
0 80 36
0 82 294
0 80 294
0 79 220
73 77 220
73 75 308
279 77 14
279 75 14
279 73 14
279 72 14
279 70 14
279 75 14
279 75 279
0 71 196
0 72 196
0 60 196
196 72 196
0 60 196
0 72 196
0 73 196
0 61 196
196 73 196
0 61 196
0 74 196
0 75 196
0 63 196
196 75 196
0 63 196
0 75 196
0 76 196
0 64 196
196 76 196
0 64 196
0 76 196
0 77 196
0 65 196
196 77 196
0 65 196
0 78 196
0 79 196
0 67 196
196 79 196
0 67 196
0 79 196
0 80 196
0 68 196
196 80 196
0 68 196
0 83 196
0 71 196
0 83 196
0 68 196
0 80 196
0 68 196
0 75 1373
0 86 196
0 89 196
0 87 147
49 85 147
49 84 147
49 80 1030
0 82 29
0 84 29
0 82 29
0 81 29
0 82 29
0 79 1030
0 87 147
0 72 588
784 74 196
0 77 196
0 75 147
49 73 147
49 72 147
49 68 1030
0 70 29
0 72 29
0 70 29
0 69 29
0 70 29
0 67 1030
0 75 147
0 60 279
14 60 559
29 60 279
29 60 14
0 61 279
14 61 559
14 61 29
0 63 279
0 63 14
0 60 279
14 60 559
29 63 559
29 60 559
29 60 29
0 69 279
0 69 14
0 61 279
14 63 559
14 63 29
0 63 73
0 70 73
0 69 73
0 70 73
0 73 264
29 63 559
29 63 29
0 63 294
0 67 264
29 63 559
29 63 559
29 63 559
29 63 294
0 75 264
29 63 559
29 63 294
0 73 264
29 63 559
29 63 294
0 72 264
29 63 559
29 64 294
0 70 264
29 65 294
0 73 264
29 65 147
0 70 147
0 68 294
0 63 559
29 63 294
0 69 264
29 63 294
0 70 264
29 63 294
0 71 264
29 63 294
0 60 264
29 63 294
0 61 264
29 63 294
0 62 264
29 63 279
29 63 14
0 63 559
29 63 559
29 63 29
0 61 559
29 61 559
29 61 29
0 60 559
29 60 559
29 60 29
0 65 294
0 72 294
0 73 294
0 65 147
0 70 147
0 63 588
0 69 264
29 75 294
0 70 264
29 75 294
0 67 264
29 75 294
0 60 279
14 63 294
14 63 264
29 63 559
29 63 559
29 63 558
29 63 559
29 63 294
0 70 264
29 63 559
29 63 294
0 68 264
29 63 294
29 63 264
29 63 559
29 63 559
29 63 558
29 63 559
29 63 294
0 61 264
29 63 559
29 63 294
0 60 294
0 63 559
29 63 559
29 63 558
29 63 294
0 58 264
29 63 294
29 63 294
0 63 558
29 63 294
29 63 294
0 63 558
0 63 14
14 63 559
29 63 559
29 63 559
29 63 559
29 60 559
29 60 559
29 60 559
29 60 559
29 56 559
29 56 559
29 56 559
29 56 588
882 48 588
588 44 2354
