726 62 272
0 63 90
0 65 703
0 69 22
0 67 90
0 65 90
0 67 90
0 69 90
0 70 363
0 65 317
22 69 22
0 67 90
0 65 90
0 67 90
0 69 90
0 70 45
227 69 45
45 70 45
227 72 45
45 74 45
227 76 45
45 70 363
0 69 181
158 77 22
0 75 90
0 74 90
0 75 90
0 77 90
0 79 363
0 72 317
22 74 22
0 72 90
0 71 90
0 72 90
0 74 90
0 75 363
0 69 317
22 70 22
0 69 90
0 67 90
0 69 90
0 70 60
7 74 22
0 72 90
0 71 90
0 72 90
0 74 60
7 77 22
0 75 90
0 74 90
0 75 90
0 77 90
0 79 45
227 69 90
0 72 363
0 70 181
181 62 272
0 63 90
0 65 703
0 69 22
0 67 90
0 65 90
0 67 90
0 69 90
0 70 363
0 65 317
22 69 22
0 67 90
0 65 90
0 67 90
0 69 90
0 70 45
227 69 45
45 70 45
227 72 45
45 74 45
227 76 45
45 70 363
0 69 181
158 77 22
0 75 90
0 74 90
0 75 90
0 77 90
0 79 363
0 72 317
22 74 22
0 72 90
0 71 90
0 72 90
0 74 90
0 75 363
0 69 317
22 70 22
0 69 90
0 67 90
0 69 90
0 70 60
7 74 22
0 72 90
0 71 90
0 72 90
0 74 60
7 77 22
0 75 90
0 74 90
0 75 90
0 77 90
0 79 45
227 69 90
0 72 363
0 70 181
181 69 90
0 70 90
0 69 90
0 70 90
0 69 90
0 70 90
0 69 90
0 70 90
0 69 90
0 70 90
0 69 90
0 70 90
0 69 90
0 70 90
0 69 90
0 70 90
0 69 181
181 86 545
0 84 90
90 82 181
90 81 45
45 70 181
181 72 181
181 72 363
0 70 181
90 56 180
181 80 545
0 79 181
0 77 272
0 75 90
0 65 363
0 63 363
0 62 363
0 60 181
181 62 272
0 63 90
0 65 703
0 69 22
0 67 90
0 65 90
0 67 90
0 69 90
0 70 363
0 65 317
22 69 22
0 67 90
0 65 90
0 67 90
0 69 90
0 70 45
227 69 45
45 70 45
227 72 45
45 74 45
227 76 45
45 70 363
0 69 181
158 77 22
0 75 90
0 74 90
0 75 90
0 77 90
0 79 363
0 72 317
22 74 22
0 72 90
0 71 90
0 72 90
0 74 90
0 75 363
0 69 317
22 70 22
0 69 90
0 67 90
0 69 90
0 70 60
7 74 22
0 72 90
0 71 90
0 72 90
0 74 60
7 77 22
0 75 90
0 74 90
0 75 90
0 77 90
0 79 90
0 75 90
0 72 90
0 69 90
0 70 363
340 81 22
0 79 90
0 78 90
0 79 90
0 81 90
0 82 363
0 77 317
22 69 22
0 75 90
0 65 90
0 67 90
0 69 90
0 74 363
0 65 181
158 69 22
0 67 90
0 66 90
0 67 90
0 69 90
0 70 363
0 65 317
22 57 22
0 63 90
0 53 90
0 55 90
0 57 90
0 62 181
0 53 151
7 57 22
0 63 90
0 53 90
0 55 90
0 57 90
0 62 181
0 53 136
22 57 22
0 63 90
0 53 90
0 55 90
0 57 90
0 62 90
0 53 90
0 63 90
0 53 90
0 62 90
0 53 90
0 63 90
0 53 90
0 58 90
272 62 90
272 69 90
0 70 90
0 69 90
0 70 90
0 69 90
0 70 90
0 69 90
0 70 90
0 69 90
0 70 90
0 69 90
0 70 90
0 69 90
0 70 90
0 69 90
0 70 90
0 69 181
181 86 545
0 84 90
90 82 181
90 81 45
45 70 181
181 72 181
181 72 363
0 70 181
90 56 180
181 80 545
0 79 181
0 77 272
0 75 90
0 65 363
0 63 363
0 62 363
0 60 181
181 62 272
0 63 90
0 65 703
0 69 22
0 67 90
0 65 90
0 67 90
0 69 90
0 70 363
0 65 317
22 69 22
0 67 90
0 65 90
0 67 90
0 69 90
0 70 45
227 69 45
45 70 45
227 72 45
45 74 45
227 76 45
45 70 363
0 69 181
158 77 22
0 75 90
0 74 90
0 75 90
0 77 90
0 79 363
0 72 317
22 74 22
0 72 90
0 71 90
0 72 90
0 74 90
0 75 363
0 69 317
22 70 22
0 69 90
0 67 90
0 69 90
0 70 60
7 74 22
0 72 90
0 71 90
0 72 90
0 74 60
7 77 22
0 75 90
0 74 90
0 75 90
0 77 90
0 79 90
0 75 90
0 72 90
0 69 90
0 70 363
340 81 22
0 79 90
0 78 90
0 79 90
0 81 90
0 82 363
0 77 317
22 69 22
0 75 90
0 65 90
0 67 90
0 69 90
0 74 363
0 65 181
158 69 22
0 67 90
0 66 90
0 67 90
0 69 90
0 70 363
0 65 317
22 57 22
0 63 90
0 53 90
0 55 90
0 57 90
0 62 181
0 53 151
7 57 22
0 63 90
0 53 90
0 55 90
0 57 90
0 62 181
0 53 136
22 57 22
0 63 90
0 53 90
0 55 90
0 57 90
0 62 90
0 53 90
0 63 90
0 53 90
0 62 90
0 53 90
0 63 90
0 53 90
0 58 90
272 62 90
999 62 719
7 69 90
7 69 264
7 62 719
7 70 90
7 70 264
7 67 726
0 66 363
1090 67 363
0 73 363
0 76 90
0 76 264
0 76 7
0 85 363
0 79 363
0 74 90
272 74 181
181 73 181
181 74 363
1090 62 719
7 69 90
7 69 264
7 62 719
7 70 90
7 70 264
7 67 726
0 66 363
1090 67 363
0 73 363
0 76 90
0 76 264
0 76 7
0 85 363
0 79 363
0 74 90
272 74 181
181 73 181
181 74 363
363 80 90
0 82 90
0 80 90
0 79 90
0 77 90
0 79 90
0 77 90
0 75 90
0 74 90
0 75 90
0 74 90
0 72 90
0 79 90
0 80 90
0 79 90
0 77 90
0 72 90
0 77 90
0 75 90
0 74 90
0 72 180
0 72 90
0 74 90
0 75 90
0 77 90
0 75 90
0 74 90
0 72 90
0 74 90
0 72 90
0 70 90
0 69 90
0 70 90
0 69 90
0 67 90
0 74 90
0 75 90
0 74 90
0 72 90
0 67 90
0 72 90
0 70 90
0 69 90
0 67 90
0 66 90
0 67 90
0 69 90
0 67 726
0 67 726
0 72 90
0 72 264
0 72 7
0 84 363
0 81 355
7 78 90
272 79 181
181 69 181
181 70 363
363 80 90
0 82 90
0 80 90
0 79 90
0 77 90
0 79 90
0 77 90
0 75 90
0 74 90
0 75 90
0 74 90
0 72 90
0 79 90
0 80 90
0 79 90
0 77 90
0 72 90
0 77 90
0 75 90
0 74 90
0 72 180
0 72 90
0 74 90
0 75 90
0 77 90
0 75 90
0 74 90
0 72 90
0 74 90
0 72 90
0 70 90
0 69 90
0 70 90
0 69 90
0 67 90
0 74 90
0 75 90
0 74 90
0 72 90
0 67 90
0 72 90
0 70 90
0 69 90
0 67 90
0 66 90
0 67 90
0 69 90
0 67 726
0 67 726
0 72 90
0 72 264
0 72 7
0 84 363
0 81 355
7 78 90
272 79 181
181 69 181
181 70 363
363 62 272
0 63 90
0 65 703
0 69 22
0 67 90
0 65 90
0 67 90
0 69 90
0 70 363
0 65 317
22 69 22
0 67 90
0 65 90
0 67 90
0 69 90
0 70 45
227 69 45
45 70 45
227 72 45
45 74 45
227 76 45
45 70 363
0 69 181
158 77 22
0 75 90
0 74 90
0 75 90
0 77 90
0 79 363
0 72 317
22 74 22
0 72 90
0 71 90
0 72 90
0 74 90
0 75 363
0 69 317
22 70 22
0 69 90
0 67 90
0 69 90
0 70 60
7 74 22
0 72 90
0 71 90
0 72 90
0 74 60
7 77 22
0 75 90
0 74 90
0 75 90
0 77 90
0 79 45
227 69 90
0 72 363
0 70 181
181 69 90
0 70 90
0 69 90
0 70 90
0 69 90
0 70 90
0 69 90
0 70 90
0 69 90
0 70 90
0 69 90
0 70 90
0 69 90
0 70 90
0 69 90
0 70 90
0 69 181
181 86 545
0 84 90
90 82 181
90 81 45
45 70 181
181 72 181
181 72 363
0 70 181
90 56 180
181 80 545
0 79 181
0 77 272
0 75 90
0 65 363
0 63 363
0 62 363
0 60 181
181 62 272
0 63 90
0 65 703
0 69 22
0 67 90
0 65 90
0 67 90
0 69 90
0 70 363
0 65 317
22 69 22
0 67 90
0 65 90
0 67 90
0 69 90
0 70 45
227 69 45
45 70 45
227 72 45
45 74 45
227 76 45
45 70 363
0 69 181
158 77 22
0 75 90
0 74 90
0 75 90
0 77 90
0 79 363
0 72 317
22 74 22
0 72 90
0 71 90
0 72 90
0 74 90
0 75 363
0 69 317
22 70 22
0 69 90
0 67 90
0 69 90
0 70 60
7 74 22
0 72 90
0 71 90
0 72 90
0 74 60
7 77 22
0 75 90
0 74 90
0 75 90
0 77 90
0 79 90
0 75 90
0 72 90
0 69 90
0 70 363
340 81 22
0 79 90
0 78 90
0 79 90
0 81 90
0 82 363
0 77 317
22 69 22
0 75 90
0 65 90
0 67 90
0 69 90
0 74 363
0 65 181
158 69 22
0 67 90
0 66 90
0 67 90
0 69 90
0 70 363
0 65 317
22 57 22
0 63 90
0 53 90
0 55 90
0 57 90
0 62 181
0 53 151
7 57 22
0 63 90
0 53 90
0 55 90
0 57 90
0 62 181
0 53 136
22 57 22
0 63 90
0 53 90
0 55 90
0 57 90
0 62 90
0 53 90
0 63 90
0 53 90
0 62 90
0 53 90
0 63 90
0 53 90
0 58 90
272 62 90
