856 64 142
0 66 142
0 64 142
0 59 142
0 64 142
0 59 142
0 68 142
0 59 142
0 66 142
0 59 142
0 64 142
0 59 142
0 63 142
0 59 107
35 63 142
0 59 142
0 64 142
0 59 142
0 64 142
0 59 142
0 64 142
0 59 142
0 66 142
0 59 142
0 63 142
0 59 142
0 59 571
285 76 142
0 78 142
0 68 571
0 71 285
0 69 285
0 68 285
0 66 249
35 66 285
0 68 285
0 69 285
0 73 285
0 71 285
0 87 285
0 88 571
285 71 285
0 70 571
0 76 571
0 75 856
0 69 285
0 68 571
0 74 571
0 73 856
0 73 285
0 72 285
0 73 285
0 69 214
71 68 214
71 68 285
0 66 285
0 64 285
0 66 285
0 66 285
0 71 285
0 70 285
0 71 285
0 64 571
285 83 285
0 82 571
0 88 571
0 87 856
0 81 285
0 80 571
0 86 571
0 85 856
0 85 285
0 84 285
0 85 285
0 81 214
71 80 214
71 80 285
0 78 565
5 78 271
14 78 285
0 83 285
0 82 285
0 83 285
0 76 571
285 64 142
0 66 142
0 64 142
0 59 142
0 64 142
0 59 142
0 68 142
0 59 142
0 66 142
0 59 142
0 64 142
0 59 142
0 63 142
0 59 107
35 63 142
0 59 142
0 64 142
0 59 142
0 64 142
0 59 142
0 64 142
0 59 142
0 66 142
0 59 142
0 63 142
0 59 142
0 59 285
249 78 35
0 76 142
0 75 142
0 76 142
0 78 107
0 81 35
0 80 142
0 78 142
0 80 142
0 81 142
0 71 285
0 81 285
0 80 285
0 66 271
14 66 285
0 80 285
0 69 285
0 85 285
0 83 285
0 75 214
71 76 571
285 64 142
142 64 856
0 76 142
142 75 856
0 63 142
142 66 856
0 63 142
142 76 856
0 64 142
142 64 856
0 76 142
142 76 856
0 61 142
142 59 856
0 64 142
142 64 856
285 76 856
0 75 256
28 83 285
0 73 256
28 82 285
0 75 285
0 76 856
0 75 256
28 82 285
0 85 285
0 83 285
0 73 285
0 83 285
0 82 285
0 80 285
0 78 285
0 80 285
0 78 285
0 76 285
0 75 273
11 75 856
0 76 142
0 78 142
0 73 285
0 78 142
0 80 142
0 78 142
0 80 142
0 78 142
0 80 142
0 85 142
0 80 142
0 78 142
0 80 142
0 78 142
0 80 142
0 87 142
0 80 114
0 80 28
0 87 142
0 80 142
0 82 142
0 80 114
0 80 28
0 85 142
0 80 142
0 87 142
0 80 142
0 88 142
0 80 142
0 78 142
0 80 142
0 78 142
0 80 142
0 78 142
0 80 114
0 80 28
0 85 142
0 78 142
0 92 142
0 78 142
0 90 142
0 78 142
0 85 142
0 78 142
0 87 142
0 78 142
0 90 142
0 78 142
0 88 142
0 78 142
0 83 142
0 78 142
0 85 142
0 78 142
0 88 142
0 78 142
0 87 142
0 78 142
0 82 142
0 78 142
0 83 284
0 81 284
0 80 284
0 80 284
0 80 142
0 68 142
0 70 142
0 72 107
0 75 35
0 73 142
0 72 142
0 73 142
0 75 142
0 76 142
0 72 142
0 73 142
0 75 107
0 78 35
0 76 142
0 75 142
0 76 142
0 78 142
0 80 142
0 78 142
0 76 142
0 75 142
0 76 142
0 75 142
0 73 142
0 80 142
0 75 142
0 73 142
0 71 142
0 78 142
0 73 142
0 71 142
0 70 142
0 78 130
11 78 1142
0 64 571
0 63 571
0 68 571
0 71 571
0 66 571
0 70 285
0 78 285
0 66 1142
0 64 571
0 63 571
0 69 571
0 66 1142
0 66 571
0 69 142
0 75 142
0 78 142
0 75 142
0 81 142
0 87 142
0 90 142
0 87 142
0 93 571
142 63 142
0 64 142
0 66 142
0 64 142
0 59 142
0 64 142
0 59 142
0 68 142
0 59 142
0 66 142
0 59 142
0 64 142
0 59 142
0 63 142
0 59 107
35 63 142
0 59 142
0 64 142
0 59 142
0 64 142
0 59 142
0 64 142
0 59 142
0 66 142
0 59 142
0 63 142
0 59 142
0 59 571
285 76 142
0 78 142
0 68 571
0 71 285
0 69 285
0 68 285
0 66 249
35 66 285
0 68 285
0 69 285
0 73 285
0 71 285
0 87 285
0 88 571
285 71 285
0 70 571
0 76 571
0 75 856
0 69 285
0 68 571
0 74 571
0 73 856
0 73 285
0 72 285
0 73 285
0 69 214
71 68 214
71 68 285
0 66 285
0 64 285
0 66 285
0 66 285
0 71 285
0 70 285
0 71 285
0 64 571
285 83 285
0 82 571
0 88 571
0 87 856
0 81 285
0 80 571
0 86 571
0 85 856
0 85 285
0 84 285
0 85 285
0 81 214
71 80 214
71 80 285
0 78 565
5 78 271
14 78 285
0 83 285
0 82 285
0 83 285
0 76 571
285 64 142
0 66 142
0 64 142
0 59 142
0 64 142
0 59 142
0 68 142
0 59 142
0 66 142
0 59 142
0 64 142
0 59 142
0 63 142
0 59 107
35 63 142
0 59 142
0 64 142
0 59 142
0 64 142
0 59 142
0 64 142
0 59 142
0 66 142
0 59 142
0 63 142
0 59 142
0 59 285
249 78 35
0 76 142
0 75 142
0 76 142
0 78 107
0 81 35
0 80 142
0 78 142
0 80 142
0 81 142
0 71 285
0 81 285
0 80 285
0 66 271
14 66 285
0 80 285
0 69 285
0 85 285
0 83 285
0 75 214
71 76 571
285 68 285
0 69 285
0 73 285
0 71 285
0 75 214
71 76 285
0 67 571
0 79 285
0 81 285
0 84 285
0 83 285
0 87 214
71 76 571
285 67 285
0 69 285
0 72 285
0 71 285
0 69 142
142 76 142
142 76 142
142 84 142
142 76 142
142 76 142
142 84 142
142 89 142
142 89 142
142 89 142
142 86 142
142 86 142
142 86 142
142 89 2569
0 86 571
0 88 142
142 86 142
142 74 142
142 79 285
0 79 142
0 67 142
0 76 1142
0 65 571
0 67 571
0 69 571
0 72 571
0 67 571
0 71 285
0 79 285
0 67 1142
0 65 571
0 63 571
0 68 571
0 69 571
0 67 571
0 66 285
0 80 285
0 80 1142
0 66 571
0 68 571
0 69 571
0 73 571
0 68 571
0 72 285
0 80 285
0 68 1142
0 66 571
0 65 571
0 69 571
0 69 571
0 72 571
0 73 285
0 78 285
0 69 2284
0 75 2284
0 87 2284
0 78 142
142 69 142
0 72 142
0 71 142
0 70 142
0 71 142
0 68 142
0 78 142
142 69 142
0 72 142
0 71 142
0 70 142
0 71 142
0 68 142
0 78 142
142 69 142
0 72 142
0 71 142
0 70 142
0 71 142
0 69 142
0 68 142
0 66 142
0 68 142
0 66 142
0 64 142
0 63 142
0 64 142
0 66 142
0 68 142
0 59 142
0 64 142
0 59 142
0 71 142
0 59 142
0 69 142
0 59 142
0 64 142
0 59 142
0 63 142
0 59 107
35 63 142
0 59 142
0 64 142
0 59 142
0 64 142
0 59 142
0 64 142
0 59 142
0 66 142
0 59 142
0 63 142
0 59 142
0 59 571
285 76 142
0 78 142
0 68 571
0 71 285
0 69 285
0 68 285
0 66 249
35 66 285
0 68 285
0 69 285
0 73 285
0 71 285
0 87 285
0 88 571
285 71 285
0 70 571
0 76 571
0 75 856
0 69 285
0 68 571
0 74 571
0 73 856
0 73 285
0 72 285
0 73 285
0 69 214
71 68 214
71 68 285
0 66 285
0 64 273
11 66 273
11 66 11
0 66 285
0 71 285
0 70 285
0 71 285
0 64 571
285 83 285
0 82 571
0 88 571
0 87 856
0 81 285
0 80 571
0 86 571
0 85 856
0 85 285
0 84 285
0 85 285
0 81 214
71 80 214
71 80 285
0 78 565
5 78 271
14 78 285
0 83 285
0 82 285
0 83 285
0 76 571
285 64 142
0 66 142
0 64 142
0 59 142
0 64 142
0 59 142
0 68 142
0 59 142
0 66 142
0 59 142
0 64 142
0 59 142
0 63 142
0 59 107
35 63 142
0 59 142
0 64 142
0 59 142
0 64 142
0 59 142
0 64 142
0 59 142
0 66 142
0 59 142
0 63 142
0 59 142
0 59 285
249 78 35
0 76 142
0 75 142
0 76 142
0 78 107
0 81 35
0 80 142
0 78 142
0 80 142
0 81 142
0 71 285
0 81 285
0 80 285
0 66 271
14 66 285
0 80 285
0 69 285
0 85 285
0 83 285
0 75 214
71 76 571
285 64 142
142 64 856
0 76 142
142 75 856
0 63 142
142 64 856
0 62 142
142 73 856
0 61 142
142 59 856
0 71 142
142 69 856
0 73 142
142 78 856
0 66 142
142 64 856
0 69 142
142 75 285
856 81 856
0 80 256
28 88 285
0 78 256
28 87 285
0 80 285
0 81 856
0 80 256
28 87 285
0 90 285
0 88 285
0 75 285
0 88 285
0 87 285
0 85 285
0 83 285
0 85 285
0 83 285
0 81 285
0 80 273
11 80 856
0 81 142
0 83 142
0 78 285
0 71 142
0 73 142
0 71 142
0 73 142
0 71 142
0 73 142
0 78 142
0 73 142
0 71 142
0 73 142
0 71 142
0 73 142
0 80 142
0 73 114
0 73 28
0 80 142
0 73 142
0 75 142
0 73 114
0 73 28
0 78 142
0 73 142
0 80 142
0 73 142
0 81 142
0 73 142
0 71 142
0 73 142
0 71 142
0 73 142
0 71 142
0 73 114
0 73 28
0 78 142
0 71 142
0 85 142
0 71 142
0 83 142
0 71 142
0 78 142
0 71 142
0 80 142
0 71 142
0 83 142
0 71 142
0 81 142
0 71 142
0 76 142
0 71 142
0 78 142
0 71 142
0 81 142
0 71 142
0 80 142
0 71 142
0 75 142
0 69 142
0 71 142
0 68 142
0 71 142
0 65 142
0 71 142
0 65 142
0 71 142
0 65 142
0 73 142
0 73 142
0 75 142
0 77 107
0 80 35
0 78 142
0 77 142
0 78 142
0 80 142
0 81 142
0 77 142
0 78 142
0 80 107
0 83 35
0 81 142
0 80 142
0 81 142
0 83 142
0 85 142
0 83 142
0 81 142
0 80 142
0 81 142
0 80 142
0 78 142
0 85 142
0 80 142
0 78 142
0 76 142
0 83 142
0 78 142
0 76 142
0 75 142
0 83 130
11 83 1142
0 69 571
0 71 571
0 73 571
0 76 571
0 71 571
0 75 285
0 83 285
0 71 1142
0 69 571
0 68 571
0 74 571
0 74 571
0 76 571
0 86 571
0 86 1142
0 77 1142
0 77 142
0 65 142
0 71 142
0 74 142
0 77 142
0 83 142
0 86 142
0 83 142
0 86 571
285 76 285
0 77 285
0 80 285
0 79 285
0 74 285
0 76 285
0 77 285
0 76 285
0 71 285
0 72 571
0 73 571
0 62 571
0 81 856
0 82 285
0 81 285
0 77 285
0 82 285
0 77 285
0 77 285
0 73 285
0 78 285
0 73 285
0 73 285
0 70 285
0 82 285
0 78 285
0 78 285
0 73 285
0 85 285
0 81 285
0 81 285
0 78 285
0 84 285
0 78 285
0 83 285
0 78 142
713 75 142
0 83 142
0 75 142
0 76 142
0 78 142
0 83 142
0 78 142
0 80 142
0 81 142
0 83 142
0 81 142
0 80 142
0 78 142
0 83 142
0 78 142
0 76 142
0 75 142
0 83 142
0 75 142
0 76 142
0 78 142
0 83 142
0 78 142
0 80 142
0 81 142
0 83 142
0 81 142
0 80 142
0 78 142
0 83 142
0 78 142
0 76 142
0 75 142
0 83 142
0 75 142
0 76 142
0 78 142
0 83 142
0 78 142
0 80 142
0 81 142
0 83 142
0 81 142
0 80 142
0 78 142
0 83 142
0 78 142
0 76 142
0 75 142
0 76 142
0 75 142
0 73 142
0 71 142
0 73 142
0 63 142
0 64 142
0 66 142
0 69 142
0 68 142
0 66 142
0 68 142
0 71 142
0 59 142
0 71 142
0 68 142
0 71 142
0 66 142
0 71 142
0 64 142
0 71 142
0 63 142
0 71 107
35 63 142
0 71 142
0 65 142
0 71 142
0 66 142
0 71 142
0 69 142
0 71 142
0 68 142
0 71 130
11 71 142
0 75 142
0 71 142
0 76 142
0 71 142
0 78 142
0 71 142
0 79 142
0 71 142
0 80 142
0 71 142
0 76 142
0 71 142
0 76 142
0 76 142
0 69 142
0 73 142
0 76 142
0 76 142
0 71 142
0 75 142
0 71 107
0 71 35
0 75 142
0 71 142
0 76 142
0 71 142
0 78 142
0 71 142
0 85 142
0 71 142
0 78 142
0 71 142
0 81 142
142 88 107
35 76 142
0 71 142
0 68 142
0 71 142
0 68 142
0 66 142
0 75 142
0 66 142
0 76 142
0 73 142
0 66 107
35 66 142
0 78 142
0 73 142
0 66 107
35 66 142
0 75 142
0 71 142
0 66 142
0 63 142
0 71 142
0 64 142
0 69 142
0 64 142
0 71 142
0 68 142
0 64 107
35 64 142
0 76 142
0 71 142
0 64 107
35 64 142
0 76 142
0 73 142
0 69 142
0 64 142
0 76 142
0 64 142
0 76 142
0 64 142
0 76 142
0 64 142
0 76 142
0 64 142
0 76 142
0 64 142
0 76 142
0 64 142
0 76 142
0 64 142
0 76 142
0 64 142
0 76 142
0 64 142
0 76 142
0 63 142
0 75 142
0 71 142
0 66 107
35 66 142
0 78 142
0 75 142
0 69 142
0 68 571
285 83 285
0 82 571
0 88 571
0 87 856
0 81 285
0 80 571
0 86 571
0 85 856
0 85 285
0 84 285
0 85 285
0 81 214
71 80 214
71 80 285
0 78 565
5 78 271
14 78 285
0 83 285
0 82 285
0 83 285
0 76 285
0 83 285
0 82 285
0 83 285
142 75 142
0 83 142
0 81 142
0 78 142
0 75 142
0 71 142
0 69 142
142 68 142
0 83 142
0 80 142
0 76 142
0 71 142
0 69 142
0 68 142
0 78 285
0 83 285
0 82 285
0 83 285
0 65 285
0 74 285
0 73 285
0 74 285
0 85 285
0 78 285
0 81 285
0 73 285
0 78 285
0 73 285
0 76 285
0 66 285
0 71 285
0 68 285
0 71 285
0 64 285
0 63 285
0 71 285
0 66 285
0 71 285
142 62 142
0 68 142
0 65 142
142 61 142
0 69 142
0 66 142
142 71 142
0 83 142
0 80 142
142 73 142
0 85 142
0 81 142
142 74 142
0 86 142
0 83 142
142 73 142
0 85 142
0 83 142
856 61 142
0 63 142
0 64 285
0 67 285
0 66 285
0 61 285
0 78 285
0 85 285
0 83 285
0 78 285
0 81 285
0 66 285
0 64 285
0 61 285
0 64 285
0 81 285
0 80 285
0 76 285
0 80 285
0 64 285
0 63 285
0 59 285
0 63 285
0 76 285
0 78 285
0 71 285
0 75 271
14 72 285
0 76 285
0 69 285
0 73 271
14 70 285
0 75 285
0 68 285
0 71 271
14 68 285
0 73 285
0 63 285
0 71 285
0 61 285
0 69 142
0 66 142
0 64 142
0 66 142
0 68 142
0 59 142
0 64 142
0 59 142
0 68 142
0 59 142
0 66 142
0 59 142
0 64 142
0 59 142
0 63 142
0 59 107
35 63 142
0 59 142
0 64 142
0 59 142
0 64 142
0 59 142
0 64 142
0 59 142
0 66 142
0 59 142
0 63 142
0 59 142
0 59 130
11 59 142
0 64 142
0 59 142
0 64 142
0 59 142
0 64 142
0 59 142
0 64 142
0 59 142
0 64 142
0 59 142
0 66 142
0 59 142
0 63 142
0 59 142
0 59 571
285 68 285
0 69 285
0 73 285
0 71 285
0 87 285
0 88 571
1427 68 285
0 66 285
0 78 285
0 73 285
0 85 285
0 85 142
0 83 142
0 80 142
0 76 142
0 75 142
0 73 142
0 71 142
0 69 142
0 68 142
0 66 142
0 64 107
35 76 142
0 75 142
0 73 107
35 85 142
0 83 142
0 81 142
0 80 107
35 93 142
0 92 107
35 92 142
0 90 142
0 93 142
0 90 142
0 88 142
0 87 142
0 90 142
0 81 107
35 81 142
0 80 142
0 88 142
0 80 142
0 78 142
0 85 142
0 83 142
0 75 142
0 76 285
