589 77 117
0 79 117
0 77 117
0 75 117
0 74 117
0 72 117
0 70 117
0 69 235
0 70 235
0 71 235
0 72 353
0 78 117
0 81 117
0 79 117
0 77 117
0 75 117
0 74 117
0 72 117
0 70 235
0 72 235
0 73 235
0 74 353
0 77 117
0 79 117
0 74 117
0 77 117
0 75 117
0 77 117
0 72 117
0 75 117
0 74 117
0 79 117
0 74 117
0 77 117
0 75 117
0 77 117
0 72 117
0 74 117
0 75 117
0 76 117
0 77 117
0 78 117
0 79 117
0 81 117
0 82 117
0 84 117
0 85 117
0 86 117
0 76 117
0 79 235
0 77 235
117 65 117
0 67 117
0 65 117
0 63 117
0 62 117
0 60 117
0 58 117
0 57 235
0 58 235
0 59 235
0 60 353
0 66 117
0 69 117
0 67 117
0 65 117
0 63 117
0 62 117
0 60 117
0 58 235
0 60 235
0 61 235
0 62 353
0 77 117
0 68 117
0 74 117
0 77 117
0 75 117
0 69 117
0 72 117
0 70 117
0 74 117
0 68 117
0 74 117
0 77 117
0 75 117
0 69 117
0 72 117
0 70 117
0 62 117
0 63 117
0 65 117
0 66 117
0 67 117
0 69 58
58 70 58
58 58 235
0 60 235
0 61 235
0 62 294
0 70 58
0 69 58
0 70 58
0 71 58
0 72 58
0 73 58
0 74 58
0 75 58
0 76 58
0 77 58
0 78 58
0 79 58
0 80 58
0 81 58
0 82 58
0 70 47
0 72 47
0 70 47
0 69 47
0 70 47
0 63 176
0 72 58
0 62 235
235 65 471
0 67 51
0 74 50
0 72 51
0 74 51
0 72 50
0 71 51
0 72 106
0 75 58
0 67 235
0 63 235
0 62 235
0 65 117
0 65 117
0 65 471
0 67 117
0 74 39
0 72 39
0 71 39
0 72 176
0 74 58
0 64 117
0 72 39
0 70 39
0 69 39
0 70 176
0 72 58
0 65 235
0 69 117
0 69 117
235 69 469
0 69 469
0 69 469
0 69 233
235 89 471
0 88 117
353 86 471
0 84 117
353 82 353
0 69 235
0 67 235
0 65 235
0 67 117
0 68 235
0 69 235
0 65 235
0 71 471
0 72 117
117 62 235
0 67 235
0 68 235
0 69 117
117 58 235
0 64 235
0 65 117
0 57 235
0 55 235
0 53 235
0 52 117
0 53 58
0 45 58
0 48 58
0 53 58
0 57 58
0 60 58
0 65 58
0 69 58
0 60 58
0 65 58
0 69 58
0 72 58
0 65 58
0 69 58
0 72 58
0 77 58
0 76 58
0 82 58
0 79 58
0 76 58
0 72 58
0 79 58
0 76 58
0 72 58
0 70 58
0 76 58
0 72 58
0 70 58
0 67 58
0 72 58
0 70 58
0 67 58
0 65 58
0 57 58
0 60 58
0 65 58
0 69 58
0 72 58
0 77 58
0 81 58
0 72 58
0 77 58
0 81 58
0 84 58
0 77 58
0 81 58
0 84 58
0 89 58
0 82 58
0 88 58
0 84 58
0 82 58
0 79 58
0 84 58
0 82 58
0 79 58
0 76 58
0 82 58
0 79 58
0 76 58
0 70 58
0 79 58
0 76 58
0 70 58
0 65 58
0 57 58
0 60 58
0 65 58
0 69 58
0 72 58
0 77 58
0 81 58
0 72 58
0 77 58
0 81 58
0 84 58
0 77 58
0 81 58
0 84 58
0 89 58
58 57 58
0 60 58
0 65 58
0 69 58
0 72 58
0 77 58
0 81 58
0 72 58
0 77 58
0 81 58
0 84 58
0 77 58
0 81 58
0 84 58
0 89 58
58 58 58
0 61 58
0 65 58
0 70 58
0 73 58
0 77 58
0 82 58
0 73 58
0 77 58
0 82 58
0 85 58
0 77 58
0 82 58
0 85 58
0 89 58
0 76 58
0 88 58
0 85 58
0 82 58
0 76 58
0 73 58
0 70 58
0 64 58
0 61 58
0 63 58
0 61 58
0 60 58
0 58 58
0 61 58
0 60 58
0 58 58
0 57 235
1296 60 117
0 62 117
0 60 117
0 58 117
0 57 117
0 55 117
0 53 88
29 53 235
825 63 39
0 65 39
0 63 39
0 65 117
0 63 117
0 62 117
0 60 117
0 58 117
0 57 88
29 57 235
117 72 117
0 74 117
0 72 117
0 70 117
0 69 117
0 67 117
0 65 88
147 75 117
0 77 117
0 75 117
0 74 117
0 72 117
0 70 117
0 69 117
0 77 117
0 75 117
0 74 117
0 72 117
0 70 117
0 69 117
0 77 117
0 75 117
0 74 117
0 72 117
0 70 78
0 69 78
0 77 78
0 75 78
0 74 78
0 72 78
0 70 58
0 69 58
0 77 58
0 75 58
0 74 58
0 72 58
0 70 58
0 69 58
0 77 58
0 75 58
0 74 58
0 72 58
0 70 58
0 69 58
0 78 58
0 77 58
0 75 47
0 74 47
0 72 47
0 70 47
0 69 47
0 79 117
0 77 117
0 75 117
0 74 117
0 72 117
0 70 117
0 69 235
0 70 235
0 71 235
0 72 235
117 78 117
0 81 117
0 79 117
0 77 117
0 75 117
0 74 117
0 72 117
0 69 117
0 70 117
0 71 117
0 72 117
0 73 235
0 74 353
0 77 117
0 79 117
0 74 117
0 77 117
0 75 117
0 77 117
0 72 117
0 75 117
0 74 117
0 79 117
0 74 117
0 77 117
0 75 117
0 77 117
0 72 117
0 74 117
0 75 117
0 76 117
0 77 117
0 78 117
0 79 117
0 81 117
0 82 117
0 84 117
0 85 117
0 86 117
0 76 117
0 79 235
0 77 235
117 65 117
0 67 117
0 65 117
0 63 117
0 62 117
0 60 117
0 58 117
0 57 235
0 58 235
0 59 235
0 60 353
0 66 117
0 69 117
0 67 117
0 65 117
0 63 117
0 62 117
0 60 117
0 57 117
0 58 117
0 59 117
0 60 117
0 61 235
0 62 353
0 77 117
0 68 117
0 74 117
0 77 117
0 75 117
0 69 117
0 72 117
0 70 117
0 74 117
0 68 117
0 74 117
0 77 117
0 75 117
0 69 117
0 72 117
0 70 117
0 62 117
0 63 117
0 65 117
0 66 117
0 67 117
0 69 58
58 70 58
58 58 235
0 60 235
0 61 235
0 62 294
0 70 58
0 69 58
0 70 58
0 71 58
0 72 58
0 73 58
0 74 58
0 75 58
0 76 58
0 77 58
0 78 58
0 79 58
0 80 58
0 81 58
0 82 58
0 70 47
0 72 47
0 70 47
0 69 47
0 70 47
0 63 176
0 72 58
0 62 235
235 53 471
0 54 353
0 61 58
0 63 58
0 54 235
0 51 235
0 49 235
0 53 117
0 53 117
0 53 471
0 55 471
0 60 471
0 60 117
117 65 471
0 64 117
117 65 117
0 60 63
0 60 53
0 60 63
0 60 53
0 60 63
0 60 53
0 60 63
0 60 53
0 60 63
0 60 53
0 60 63
0 60 53
0 60 63
0 60 53
0 60 63
0 60 53
0 65 63
0 65 53
0 65 63
0 65 53
0 65 63
0 65 53
0 65 63
0 65 53
0 65 63
0 65 53
0 65 63
0 65 53
0 65 63
0 65 53
0 65 63
0 65 53
0 65 63
0 65 53
0 67 63
0 67 53
0 67 63
0 67 53
0 68 63
0 68 53
0 68 63
0 68 53
0 70 63
0 70 53
0 70 63
0 70 53
0 65 117
0 60 58
0 70 5
0 70 53
0 60 58
0 68 5
0 68 53
0 60 58
0 67 5
0 67 53
0 60 58
0 65 5
0 65 53
0 60 58
0 64 5
0 64 53
0 60 58
0 65 5
0 65 53
0 60 58
0 67 5
0 67 53
0 60 58
0 68 5
0 68 53
0 65 58
0 75 5
0 75 53
0 65 58
0 73 5
0 73 53
0 65 58
0 72 5
0 72 53
0 65 58
0 70 5
0 70 53
0 65 58
0 69 5
0 69 53
0 65 58
0 70 5
0 70 53
0 65 58
0 72 5
0 72 53
0 65 58
0 73 5
0 73 53
0 65 58
0 73 5
0 73 53
0 67 58
0 77 5
0 77 53
0 67 58
0 77 5
0 77 53
0 68 58
0 77 5
0 77 53
0 68 58
0 77 5
0 77 53
0 70 58
0 76 5
0 76 53
0 70 58
0 76 5
0 76 53
0 77 117
0 89 235
0 89 117
0 88 58
0 85 58
0 82 58
0 79 58
0 76 58
0 72 58
0 76 58
0 70 58
0 77 108
0 77 9
0 77 235
0 77 117
0 76 58
0 73 58
0 70 58
0 67 58
0 64 58
0 60 58
0 64 58
0 58 58
0 56 235
943 58 530
0 61 58
0 60 58
0 58 58
0 56 235
0 53 235
707 63 530
0 66 58
0 65 58
0 63 58
0 61 235
0 58 235
0 73 471
0 63 353
0 73 58
0 75 58
0 67 117
117 69 58
0 66 58
0 65 58
0 63 58
0 61 235
0 58 235
0 78 471
0 68 353
0 78 58
0 80 58
0 72 117
117 74 58
0 71 58
0 70 58
0 68 58
0 66 235
0 63 235
707 83 589
0 78 63
53 75 5
53 75 112
117 82 589
0 77 63
53 77 5
53 77 347
0 75 63
53 68 5
53 68 112
117 70 117
117 75 353
0 73 63
53 67 5
53 67 112
117 69 117
117 73 353
0 75 58
0 77 58
0 78 353
0 80 58
0 82 58
0 83 353
0 85 58
0 87 58
0 65 117
117 63 117
117 61 117
0 65 63
0 65 53
0 65 63
0 65 53
0 65 63
0 65 53
0 65 63
0 65 53
0 65 63
0 65 53
0 65 63
0 65 53
0 65 63
0 65 53
0 65 63
0 65 53
0 70 63
0 70 53
0 70 63
0 70 53
0 70 63
0 70 53
0 70 63
0 70 53
0 70 63
0 70 53
0 70 63
0 70 53
0 70 63
0 70 53
0 70 63
0 70 53
0 70 63
0 70 53
0 72 63
0 72 53
0 72 63
0 72 53
0 73 63
0 73 53
0 73 63
0 73 53
0 75 63
0 75 53
0 75 63
0 75 53
0 70 117
0 77 58
0 75 5
0 75 53
0 65 58
0 73 5
0 73 53
0 65 58
0 72 5
0 72 53
0 77 58
0 70 5
0 70 53
0 65 58
0 69 5
0 69 53
0 65 58
0 70 5
0 70 53
0 77 58
0 72 5
0 72 53
0 65 58
0 73 5
0 73 53
0 70 58
0 80 5
0 80 53
0 70 58
0 78 5
0 78 53
0 82 58
0 77 5
0 77 53
0 70 58
0 75 5
0 75 53
0 82 58
0 74 5
0 74 53
0 70 58
0 75 5
0 75 53
0 70 58
0 77 5
0 77 53
0 82 58
0 78 5
0 78 53
0 70 58
0 78 5
0 78 53
0 72 58
0 82 5
0 82 53
0 84 58
0 82 5
0 82 53
0 85 58
0 82 5
0 82 53
0 73 58
0 82 5
0 82 53
0 75 58
0 81 5
0 81 53
0 87 58
0 81 5
0 81 53
0 82 117
0 89 235
0 89 117
0 87 58
0 84 58
0 81 58
0 77 58
0 75 58
0 74 58
0 75 58
0 72 58
0 70 108
9 77 235
0 77 117
0 75 58
0 72 58
0 69 58
0 65 58
0 63 58
0 62 58
0 63 58
0 60 58
0 58 235
1650 63 235
0 56 235
1414 63 235
0 65 343
9 65 128
106 65 11
106 65 106
0 63 235
0 65 343
9 65 128
106 65 11
106 65 106
0 63 235
0 63 117
0 65 117
0 66 353
0 65 117
0 66 58
0 65 58
0 66 58
0 65 58
0 66 58
0 65 58
0 66 58
0 65 58
0 66 58
0 65 58
0 66 58
0 65 58
0 66 58
0 65 58
0 66 58
0 65 58
0 67 58
0 65 58
0 67 58
0 65 58
0 67 58
0 65 58
0 67 58
0 65 58
0 67 58
0 65 58
0 67 58
0 65 58
0 67 58
0 65 58
0 67 58
0 65 58
117 65 117
0 77 117
0 65 117
117 65 117
0 77 117
0 65 117
117 65 117
0 77 117
0 65 117
0 77 117
471 65 117
0 77 117
0 65 117
117 65 117
0 77 117
0 65 117
117 65 117
0 77 117
0 65 117
0 77 235
353 77 117
0 89 235
117 65 117
0 77 235
117 77 117
0 89 353
0 77 235
0 79 58
0 81 58
0 82 58
0 84 58
0 86 58
0 84 58
0 82 58
0 81 58
0 79 58
0 77 58
0 76 58
0 74 58
0 72 58
0 70 58
0 69 58
0 67 58
0 65 58
0 64 58
0 67 58
0 65 58
0 69 58
0 67 58
0 70 58
0 69 58
0 72 58
0 70 58
0 74 58
0 72 58
0 75 58
0 74 58
0 77 58
0 76 58
0 79 58
0 77 58
0 63 117
0 62 117
0 60 117
0 58 117
0 57 235
0 58 235
0 59 235
0 60 353
0 66 58
0 78 58
0 69 58
0 81 58
0 67 58
0 79 58
0 65 58
0 77 58
0 63 58
0 75 58
0 62 58
0 74 58
0 60 58
0 72 58
0 57 58
0 69 58
0 58 58
0 70 58
0 59 58
0 71 58
0 60 58
0 72 58
0 61 235
0 62 353
0 65 58
0 77 58
0 67 58
0 79 58
0 62 58
0 74 58
0 65 58
0 77 58
0 63 58
0 75 58
0 65 58
0 77 58
0 60 58
0 72 58
0 63 58
0 75 58
0 62 58
0 74 58
0 67 58
0 79 58
0 62 58
0 74 58
0 65 58
0 77 58
0 63 58
0 75 58
0 65 58
0 77 58
0 60 58
0 72 58
0 63 58
0 75 58
0 62 58
0 74 58
0 63 58
0 75 58
0 65 58
0 77 58
0 66 58
0 78 58
0 67 58
0 79 58
0 69 58
0 81 58
0 70 58
0 82 58
0 58 235
0 60 235
0 61 235
0 62 294
0 70 58
0 69 58
0 70 58
0 71 58
0 72 58
0 73 58
0 74 58
0 75 58
0 76 58
0 77 58
0 78 58
0 79 58
0 80 58
0 81 58
0 82 58
0 70 47
0 72 47
0 70 47
0 69 47
0 70 47
0 63 176
0 72 58
0 62 235
235 65 471
0 67 51
0 74 50
0 72 51
0 74 51
0 72 50
0 71 51
0 72 106
0 75 58
0 67 235
0 63 235
0 62 235
0 65 117
0 65 108
9 65 471
0 67 117
0 74 39
0 72 39
0 71 39
0 72 176
0 74 58
0 64 117
0 72 39
0 70 39
0 69 39
0 70 176
0 72 58
0 65 235
0 69 117
0 69 117
0 67 471
0 72 117
0 79 39
0 77 39
0 76 39
0 77 176
0 79 58
0 69 117
0 77 39
0 75 39
0 74 39
0 75 176
0 77 58
0 70 235
0 74 117
0 74 108
245 74 469
0 74 469
0 74 469
0 74 233
235 86 471
0 84 117
353 82 471
0 81 117
353 79 353
0 65 235
0 63 235
0 62 235
0 60 117
0 61 235
0 62 117
117 62 235
0 74 471
0 65 117
117 58 235
0 70 471
0 62 117
117 55 235
0 57 235
0 58 234
0 55 117
0 63 117
0 63 117
0 62 235
0 60 117
0 58 58
0 50 58
0 53 58
0 58 58
0 62 58
0 65 58
0 70 58
0 74 58
0 65 58
0 70 58
0 74 58
0 77 58
0 70 58
0 74 58
0 77 58
0 82 58
0 81 58
0 87 58
0 84 58
0 81 58
0 77 58
0 84 58
0 81 58
0 77 58
0 75 58
0 81 58
0 77 58
0 75 58
0 72 58
0 77 58
0 75 58
0 72 58
0 70 58
0 50 58
0 53 58
0 58 58
0 62 58
0 65 58
0 70 58
0 74 58
0 65 58
0 70 58
0 74 58
0 77 58
0 70 58
0 74 58
0 77 58
0 82 58
0 81 58
0 87 58
0 84 58
0 81 58
0 77 58
0 84 58
0 81 58
0 77 58
0 75 58
0 81 58
0 77 58
0 75 58
0 72 58
0 77 58
0 75 58
0 72 58
0 70 58
0 50 58
0 53 58
0 58 58
0 62 58
0 65 58
0 70 58
0 74 58
0 65 58
0 70 58
0 74 58
0 77 58
0 70 58
0 74 58
0 77 58
0 82 58
58 50 58
0 53 58
0 58 58
0 62 58
0 65 58
0 70 58
0 74 58
0 65 58
0 70 58
0 74 58
0 77 58
0 70 58
0 74 58
0 77 58
0 82 58
58 51 58
0 55 58
0 58 58
0 63 58
0 67 58
0 70 58
0 75 58
0 67 58
0 70 58
0 75 58
0 79 58
0 70 58
0 75 58
0 79 58
0 82 58
471 62 58
0 65 58
0 68 58
0 70 58
0 74 47
0 77 47
0 80 47
0 84 47
0 82 47
0 80 117
0 79 117
0 77 117
0 75 117
0 74 235
0 75 235
0 76 235
0 77 235
117 83 23
0 84 23
0 83 23
0 81 23
0 83 23
0 86 117
0 84 117
0 82 117
0 80 117
0 79 117
0 77 117
0 74 117
0 75 117
0 76 117
0 77 117
0 78 235
0 79 353
0 79 117
0 80 117
0 79 117
0 77 117
0 75 117
0 74 117
0 72 117
0 71 235
0 72 235
0 73 235
0 74 235
117 79 117
0 80 117
0 79 117
0 77 117
0 75 117
0 74 117
0 72 117
117 75 117
0 77 117
0 75 117
0 74 117
0 72 117
0 70 117
0 69 117
1473 57 58
0 58 58
0 60 58
0 62 58
0 63 58
0 65 58
0 67 58
0 69 78
0 70 78
0 71 78
0 72 78
0 73 78
0 74 78
0 75 78
0 69 78
0 70 78
0 71 78
0 72 78
0 74 78
0 75 78
0 69 78
0 70 78
0 71 78
0 72 78
0 74 78
0 75 58
0 69 58
0 68 58
0 69 58
0 70 58
0 71 58
0 72 58
0 73 58
0 74 78
0 75 78
0 76 78
0 79 117
0 77 108
9 77 39
39 75 39
39 74 39
39 74 39
39 72 39
39 70 39
39 70 39
39 68 39
39 69 39
39 72 39
39 69 39
39 70 39
39 71 235
0 72 235
117 78 117
0 81 117
0 79 117
0 79 39
39 77 39
39 75 39
39 75 39
39 74 39
39 72 39
39 72 39
39 69 39
39 70 39
39 74 39
39 71 39
39 72 39
39 73 235
0 74 314
0 77 78
0 76 78
0 77 78
0 79 78
0 74 78
0 77 78
0 75 78
0 74 78
0 75 78
0 77 78
0 72 78
0 75 78
0 74 78
0 73 78
0 74 78
0 79 78
0 74 78
0 77 78
0 75 78
0 74 78
0 75 78
0 77 78
0 72 78
0 75 58
0 74 58
0 73 58
0 74 58
0 75 58
0 76 58
0 77 58
0 78 58
0 79 58
0 80 58
0 81 58
0 82 58
0 83 58
0 84 58
0 85 58
0 86 58
0 88 58
0 86 58
0 84 58
0 82 58
0 81 58
0 79 58
0 77 58
0 76 58
0 79 235
0 77 235
117 65 117
0 67 117
0 65 117
78 63 39
39 62 39
117 60 39
39 58 39
117 56 39
39 57 39
117 57 39
39 70 39
39 59 235
0 72 353
0 78 117
0 69 117
0 67 117
78 65 39
39 63 39
117 62 39
39 72 39
117 57 39
39 58 39
117 59 39
39 72 39
39 61 235
0 74 314
0 77 78
0 76 78
0 68 78
0 79 78
0 74 78
0 77 78
0 75 78
0 74 78
0 75 78
0 77 78
0 72 78
0 75 78
0 74 78
0 73 78
0 74 78
0 79 78
0 74 78
0 77 78
0 75 78
0 74 78
0 75 78
0 77 78
0 72 58
0 72 19
0 70 78
0 62 78
0 61 78
0 62 78
0 63 39
39 64 39
39 65 39
39 66 39
39 67 39
39 68 39
39 69 39
39 70 39
39 70 235
0 72 235
0 61 235
0 62 294
0 70 58
0 69 58
0 70 58
0 71 58
0 72 58
0 73 58
0 74 58
0 75 58
0 76 58
0 77 58
0 78 58
0 79 58
0 80 58
0 81 58
0 82 58
0 70 47
0 72 47
0 70 47
0 69 47
0 70 47
0 63 176
0 72 58
0 70 58
0 65 58
0 67 58
0 69 58
0 70 58
0 72 58
0 74 58
0 75 58
0 70 471
0 69 471
0 70 353
0 72 58
0 74 58
0 75 471
0 74 353
0 75 58
0 77 58
0 82 58
176 72 58
176 86 58
176 87 58
176 74 235
0 82 117
0 82 117
0 70 471
0 69 471
0 70 353
0 72 58
0 74 58
0 75 471
0 74 353
0 75 58
0 77 58
0 79 58
176 72 58
176 86 58
176 87 58
176 74 235
0 82 117
0 82 117
0 70 353
0 72 58
0 74 58
0 79 58
176 72 58
176 86 58
176 87 58
176 74 235
0 82 117
0 82 108
9 70 353
0 72 58
0 74 58
0 79 58
176 76 58
176 82 58
176 75 58
176 74 58
58 77 117
0 79 117
0 77 117
0 75 117
0 74 117
0 72 117
0 70 117
0 63 117
0 67 117
0 65 461
0 65 9
0 63 117
0 69 117
0 62 58
58 65 117
0 67 117
0 65 117
0 63 117
0 62 117
0 60 117
0 58 117
0 51 117
0 55 117
0 53 461
0 53 9
0 51 117
0 57 117
0 50 58
176 63 58
176 62 58
176 72 58
176 70 58
