582 76 145
0 75 145
0 76 145
0 75 145
0 76 145
0 71 145
0 74 145
0 72 145
0 69 291
145 60 145
0 64 145
0 69 145
0 71 291
145 64 145
0 68 145
0 71 145
0 72 291
145 64 145
0 76 145
0 75 145
0 76 145
0 75 145
0 76 145
0 71 145
0 74 145
0 72 145
0 69 291
145 60 145
0 64 145
0 69 145
0 71 291
145 64 145
0 72 145
0 71 145
0 69 291
291 76 145
0 75 145
0 76 145
0 75 145
0 76 145
0 71 145
0 74 145
0 72 145
0 69 291
145 60 145
0 64 145
0 69 145
0 71 291
145 64 145
0 68 145
0 71 145
0 72 291
145 64 145
0 76 145
0 75 145
0 76 145
0 75 145
0 76 145
0 71 145
0 74 145
0 72 145
0 69 291
145 60 145
0 64 145
0 69 145
0 71 291
145 64 145
0 72 145
0 71 145
0 69 291
145 71 145
0 72 145
0 74 145
0 76 437
0 67 145
0 77 145
0 76 145
0 74 437
0 65 145
0 76 145
0 74 145
0 72 437
0 64 145
0 74 145
0 72 145
0 71 291
145 64 145
0 76 109
327 76 145
0 88 109
327 75 145
0 76 109
327 75 145
0 76 145
0 75 145
0 76 145
0 75 145
0 76 145
0 71 145
0 74 145
0 72 145
0 69 291
145 60 145
0 64 145
0 69 145
0 71 291
145 64 145
0 68 145
0 71 145
0 72 291
145 64 145
0 76 145
0 75 145
0 76 145
0 75 145
0 76 145
0 71 145
0 74 145
0 72 145
0 69 291
145 60 145
0 64 145
0 69 145
0 71 291
145 64 145
0 72 145
0 71 145
0 69 291
145 71 145
0 72 145
0 74 145
0 76 437
0 67 145
0 77 145
0 76 145
0 74 437
0 65 145
0 76 145
0 74 145
0 72 437
0 64 145
0 74 145
0 72 145
0 71 291
145 64 145
0 76 109
327 76 145
0 88 109
327 75 145
0 76 109
327 75 145
0 76 145
0 75 145
0 76 145
0 75 145
0 76 145
0 71 145
0 74 145
0 72 145
0 69 291
145 60 145
0 64 145
0 69 145
0 71 291
145 64 145
0 68 145
0 71 145
0 72 291
145 64 145
0 76 145
0 75 145
0 76 145
0 75 145
0 76 145
0 71 145
0 74 145
0 72 145
0 69 291
145 60 145
0 64 145
0 69 145
0 71 291
145 64 145
0 72 145
0 71 145
0 69 291
145 64 109
36 65 109
36 64 72
0 65 36
0 69 36
0 72 582
0 77 218
0 76 70
2 76 291
0 74 291
0 82 218
0 81 70
2 81 145
0 79 145
0 77 145
0 76 145
0 74 145
0 72 145
0 70 291
0 69 254
0 70 36
0 69 72
0 67 72
0 69 72
0 70 72
0 72 582
0 74 145
0 75 145
0 76 437
0 76 145
0 77 145
0 69 145
0 72 582
0 74 218
0 71 72
0 72 72
0 79 72
0 67 72
0 79 72
0 69 72
0 79 72
0 71 72
0 79 72
0 72 72
0 79 72
0 74 72
0 79 72
0 76 72
0 79 72
0 84 72
0 83 72
0 81 72
0 79 72
0 77 72
0 76 72
0 74 72
0 79 72
0 77 72
0 74 72
0 72 72
0 79 72
0 67 72
0 79 72
0 69 72
0 79 72
0 71 72
0 79 72
0 72 72
0 79 72
0 74 72
0 79 72
0 76 72
0 79 72
0 84 72
0 83 72
0 81 72
0 79 72
0 77 72
0 76 72
0 74 72
0 79 72
0 77 72
0 74 72
0 76 72
0 77 72
0 76 72
0 75 72
0 76 72
0 71 72
0 76 72
0 75 72
0 76 72
0 71 72
0 76 72
0 75 72
0 76 437
0 71 145
0 76 145
0 75 145
0 76 437
0 71 145
0 76 109
327 75 145
0 76 109
327 75 145
0 76 145
0 75 145
0 76 145
0 71 145
0 74 145
0 72 145
0 69 291
145 60 145
0 64 145
0 69 145
0 71 291
145 64 145
0 68 145
0 71 145
0 72 291
145 64 145
0 76 145
0 75 145
0 76 145
0 75 145
0 76 145
0 71 145
0 74 145
0 72 145
0 69 291
145 60 145
0 64 145
0 69 145
0 71 291
145 64 145
0 72 145
0 71 145
0 69 291
145 71 145
0 72 145
0 74 145
0 76 437
0 67 145
0 77 145
0 76 145
0 74 437
0 65 145
0 76 145
0 74 145
0 72 437
0 64 145
0 74 145
0 72 145
0 71 291
145 64 145
0 76 109
327 76 145
0 88 109
327 75 145
0 76 109
327 75 145
0 76 145
0 75 145
0 76 145
0 75 145
0 76 145
0 71 145
0 74 145
0 72 145
0 69 291
145 60 145
0 64 145
0 69 145
0 71 291
145 64 145
0 68 145
0 71 145
0 72 291
145 64 145
0 76 145
0 75 145
0 76 145
0 75 145
0 76 145
0 71 145
0 74 145
0 72 145
0 69 291
145 60 145
0 64 145
0 69 145
0 71 291
145 64 145
0 72 145
0 71 145
0 69 291
582 64 874
0 65 582
0 73 109
36 74 109
36 68 582
0 68 291
0 69 874
0 65 582
0 64 109
36 62 109
36 60 582
0 60 291
0 60 291
0 64 291
0 62 291
0 60 874
0 64 874
0 65 582
0 73 109
36 74 109
36 74 582
0 74 291
0 74 874
0 67 582
0 65 109
36 63 109
36 62 582
0 65 291
0 65 582
0 65 291
0 64 582
291 64 291
582 57 97
0 60 97
0 64 97
0 69 97
0 72 97
0 76 97
0 74 97
0 72 97
0 71 97
0 69 97
0 72 97
0 76 97
0 81 97
0 84 97
0 88 97
0 86 97
0 84 97
0 83 97
0 81 97
0 84 97
0 88 97
0 93 97
0 96 97
0 100 97
0 98 97
0 96 97
0 95 97
0 94 97
0 93 97
0 92 97
0 91 97
0 90 97
0 89 97
0 88 97
0 87 97
0 86 97
0 85 97
0 84 97
0 83 97
0 82 97
0 81 97
0 80 97
0 79 97
0 78 97
0 77 97
0 76 145
0 75 145
0 76 145
0 71 145
0 74 145
0 72 145
0 69 291
145 60 145
0 64 145
0 69 145
0 71 291
145 64 145
0 68 145
0 71 145
0 72 291
145 64 145
0 76 145
0 75 145
0 76 145
0 75 145
0 76 145
0 71 145
0 74 145
0 72 145
0 69 291
145 60 145
0 64 145
0 69 145
0 71 291
145 64 145
0 72 145
0 71 145
0 69 291
145 71 145
0 72 145
0 74 145
0 76 437
0 67 145
0 77 145
0 76 145
0 74 437
0 65 145
0 76 145
0 74 145
0 72 437
0 64 145
0 74 145
0 72 145
0 71 291
145 64 145
0 76 109
327 76 145
0 88 109
327 75 145
0 76 109
327 75 145
0 76 145
0 75 145
0 76 145
0 75 145
0 76 145
0 71 145
0 74 145
0 72 145
0 69 291
145 60 145
0 64 145
0 69 145
0 71 291
145 64 145
0 68 145
0 71 145
0 72 291
145 64 145
0 76 145
0 75 145
0 76 145
0 75 145
0 76 145
0 71 145
0 74 145
0 72 145
0 69 291
145 60 145
0 64 145
0 69 145
0 71 291
145 64 145
0 72 145
0 71 145
0 69 291
