0 68 192
0 72 574
0 68 36
348 65 36
156 68 36
348 67 36
156 68 36
348 73 192
0 73 384
0 72 192
0 73 36
348 70 36
156 73 36
348 72 36
156 73 36
348 61 384
0 60 192
0 58 192
0 63 192
0 75 48
144 73 192
0 68 192
0 72 192
0 67 192
0 67 192
0 68 96
96 66 384
0 65 192
0 63 192
0 68 192
0 80 48
144 70 192
0 73 192
0 77 192
0 75 192
0 75 192
0 73 96
96 73 192
0 73 384
0 65 192
0 63 192
0 72 96
0 72 96
0 63 192
0 63 384
0 63 192
0 63 192
0 70 96
0 70 96
0 61 192
0 66 384
0 65 192
0 66 384
0 63 384
0 61 192
0 70 96
0 66 96
0 61 192
0 60 96
96 61 192
0 60 384
0 70 192
0 63 36
348 65 192
0 68 192
0 72 192
0 67 192
0 67 192
0 68 96
96 66 192
0 65 384
0 63 192
0 68 36
348 66 384
0 65 192
0 63 96
96 68 36
348 66 384
0 65 192
0 70 384
0 68 192
192 54 384
0 63 96
0 61 96
0 53 192
192 73 192
0 73 384
0 65 192
0 63 192
0 72 96
0 72 96
0 63 192
0 63 384
0 63 192
0 63 192
0 70 96
0 70 96
0 61 192
0 66 384
0 65 192
0 66 384
0 63 384
0 61 192
0 70 96
0 66 96
0 61 192
0 60 96
96 61 192
0 60 384
0 70 192
0 63 36
348 65 192
0 68 192
0 72 192
0 67 192
0 67 192
0 68 96
96 66 192
0 65 384
0 63 192
0 68 36
348 66 384
0 65 192
0 63 96
96 68 36
348 66 384
0 65 192
0 70 384
0 68 192
192 54 384
0 63 96
0 61 96
0 53 192
192 53 576
0 54 576
0 63 384
0 60 192
0 56 48
144 61 192
0 65 96
96 53 576
0 54 576
0 66 384
0 70 96
96 60 48
144 63 192
0 61 192
0 53 576
0 54 576
0 63 384
0 60 192
0 56 48
144 61 192
0 65 96
96 53 576
0 54 576
0 66 384
0 70 96
96 60 48
144 63 192
0 61 192
0 65 576
0 58 576
0 63 576
0 56 576
0 61 576
0 54 576
0 53 384
0 56 192
0 59 384
0 58 96
96 61 576
0 54 576
0 53 576
0 52 576
0 53 576
0 54 576
0 53 384
0 54 96
96 48 48
144 49 48
336 65 576
0 58 576
0 63 576
0 56 576
0 61 576
0 54 576
0 53 384
0 56 192
0 59 384
0 58 96
96 61 576
0 54 576
0 53 576
0 52 576
0 53 576
0 54 576
0 53 384
0 54 96
96 48 48
144 49 48
336 68 192
0 72 574
0 68 36
348 65 36
156 68 36
348 67 36
156 68 36
348 73 192
0 73 384
0 72 192
0 73 36
348 70 36
156 73 36
348 72 36
156 73 36
348 61 384
0 60 192
0 58 192
0 63 192
0 75 48
144 73 192
0 68 192
0 72 192
0 67 192
0 67 192
0 68 96
96 66 384
0 65 192
0 63 192
0 68 192
0 80 48
144 70 192
0 73 192
0 77 96
96 75 192
96 75 192
0 73 96
96 73 192
0 73 384
0 65 192
0 63 192
0 72 96
0 72 96
0 63 192
0 63 384
0 63 192
0 63 192
0 70 96
0 70 96
0 61 192
0 66 384
0 65 192
0 66 384
0 63 384
0 61 192
0 70 96
0 66 96
0 61 192
0 60 192
0 61 192
0 60 384
0 70 192
0 63 36
348 65 192
0 68 192
0 72 192
0 67 192
0 67 192
0 68 96
96 66 192
0 65 384
0 63 192
0 68 36
348 66 384
0 65 192
0 63 96
96 68 36
348 66 384
0 65 192
0 70 384
0 68 192
192 54 384
0 63 96
0 61 96
0 53 192
