60 44 57
2 49 70
50 56 10
50 49 10
50 52 10
50 56 10
50 61 10
50 52 10
50 56 10
50 61 10
50 64 10
50 56 10
50 61 10
50 64 10
50 68 10
50 61 10
50 64 10
50 68 10
50 73 10
50 64 10
50 68 10
50 73 10
50 76 10
50 68 10
50 73 10
50 76 10
50 76 50
0 68 60
60 68 60
120 44 57
2 48 70
50 56 10
50 48 10
50 51 10
50 56 10
50 60 10
50 51 10
50 56 10
50 60 10
50 63 10
50 56 10
50 60 10
50 63 10
50 68 10
50 60 10
50 63 10
50 68 10
50 72 10
50 63 10
50 68 10
50 72 10
50 75 10
50 68 10
50 72 10
50 75 10
50 75 50
0 68 60
60 72 60
120 49 70
50 56 10
50 61 10
50 53 10
50 56 10
50 61 10
50 65 10
50 56 10
50 61 10
50 65 10
50 68 10
50 61 10
50 65 10
50 68 10
50 73 10
50 65 10
50 68 10
50 73 10
50 77 10
50 68 10
50 73 10
50 77 10
50 80 10
50 73 10
50 77 10
50 80 10
50 80 50
0 77 60
60 80 60
120 49 70
50 57 10
50 61 10
50 61 20
30 61 70
50 69 10
50 73 10
50 73 20
30 73 70
50 81 10
50 81 50
0 73 60
60 73 60
120 49 70
50 55 10
50 61 10
50 61 20
30 61 70
50 67 10
50 73 10
50 73 20
30 73 70
50 79 10
50 79 50
0 85 60
60 73 60
60 72 120
0 68 60
0 80 60
0 68 60
0 80 60
0 70 60
0 80 60
0 72 60
0 80 60
0 73 60
0 80 60
0 75 60
0 80 60
0 72 60
0 80 60
0 75 60
0 80 60
0 73 60
0 80 60
0 78 60
0 80 60
0 76 60
0 80 60
0 75 60
0 80 60
0 73 60
0 80 60
0 72 60
0 80 60
0 69 60
0 79 60
0 68 60
0 80 60
0 68 60
0 80 60
0 68 60
0 80 60
0 70 60
0 80 60
0 72 60
0 80 60
0 73 60
0 80 60
0 75 60
0 80 60
0 72 60
0 80 60
0 75 60
0 80 60
0 73 60
0 80 60
0 78 60
0 80 60
0 76 60
0 80 60
0 75 60
0 80 60
0 73 60
0 80 60
0 72 60
0 80 60
0 69 60
0 79 60
0 68 60
0 80 60
0 69 60
0 79 60
0 68 60
0 80 60
0 69 60
0 79 60
0 68 60
0 80 60
0 69 60
0 79 60
0 68 60
0 80 60
0 69 60
0 79 60
0 68 120
120 56 725
60 44 57
2 49 70
50 56 10
50 49 10
50 52 10
50 56 10
50 61 10
50 52 10
50 56 10
50 61 10
50 64 10
50 56 10
50 61 10
50 64 10
50 68 10
50 61 10
50 64 10
50 68 10
50 73 10
50 64 10
50 68 10
50 73 10
50 76 10
50 76 45
5 76 70
50 85 10
50 76 10
50 76 50
60 76 60
120 52 70
50 61 10
50 64 10
50 55 10
50 61 10
50 64 10
50 67 10
50 61 10
50 64 10
50 67 10
50 73 10
50 64 10
50 67 10
50 73 10
50 76 10
50 67 10
50 73 10
50 76 10
50 79 10
50 73 10
50 76 10
50 79 10
50 85 10
50 76 10
50 79 10
50 85 10
50 76 10
50 76 50
60 76 60
120 51 57
2 58 70
50 63 10
50 58 10
50 61 10
50 63 10
50 70 10
50 61 10
50 63 10
50 70 10
50 73 10
50 63 10
50 70 10
50 73 10
50 75 10
50 70 10
50 73 10
50 75 10
50 82 10
50 73 10
50 75 10
50 82 10
50 85 10
50 82 10
50 75 10
50 73 10
50 82 10
50 75 10
50 73 10
50 70 10
50 71 10
50 71 110
120 75 493
171 68 10
171 68 20
0 67 10
0 68 10
0 70 10
0 68 251
0 68 352
0 67 130
0 67 171
0 67 60
0 70 251
0 70 352
0 68 130
0 68 171
0 68 70
231 70 10
231 70 352
0 70 130
0 70 171
0 70 60
0 71 60
60 87 241
0 87 241
0 75 60
60 71 60
60 80 60
60 80 60
60 79 241
0 79 241
0 67 60
60 87 60
60 67 60
60 70 60
60 68 241
0 68 241
0 68 60
60 75 60
60 80 60
60 71 60
60 82 241
0 70 241
0 82 60
60 87 60
60 82 60
60 72 483
0 85 483
0 82 32
0 83 32
0 82 32
0 83 32
8 82 39
30 82 5
30 82 28
0 83 725
0 80 483
0 69 483
0 67 32
0 80 64
0 80 32
8 79 39
30 79 6
30 79 27
0 68 725
0 76 544
0 76 60
0 78 60
0 80 60
0 81 60
0 83 60
0 85 60
0 83 60
0 81 60
0 76 60
0 78 60
0 80 60
0 81 60
0 83 60
0 85 60
0 83 60
0 81 60
0 76 60
0 78 60
0 80 60
0 81 60
0 83 60
0 85 60
0 83 60
0 81 60
0 76 60
0 78 60
0 80 60
0 81 60
0 83 60
0 85 60
0 86 60
0 88 60
0 87 60
0 88 60
0 87 60
0 88 60
0 85 60
0 83 60
0 81 60
0 80 483
0 82 40
0 83 40
0 82 37
0 83 37
0 82 37
0 83 37
0 82 35
0 83 35
0 82 30
0 83 30
0 82 30
0 83 30
0 82 30
0 83 30
0 80 120
120 64 302
0 64 60
0 66 60
0 68 60
0 69 60
0 71 60
0 73 60
0 71 60
0 69 60
0 64 60
0 66 60
0 68 60
0 69 60
0 71 60
0 73 60
0 71 60
0 69 60
0 64 60
0 66 60
0 68 60
0 69 60
0 71 60
0 73 60
0 71 60
0 69 60
0 64 60
0 66 60
0 68 60
0 69 60
0 71 60
0 73 60
0 71 60
0 69 60
0 64 60
0 66 60
0 68 60
0 69 60
0 71 60
0 73 60
0 71 60
0 69 60
0 64 60
0 66 60
0 68 60
0 69 60
0 71 60
0 73 60
0 74 60
0 76 60
0 78 60
0 80 60
0 81 60
0 83 60
0 85 60
0 86 60
0 87 60
0 76 483
0 68 483
0 71 483
0 55 483
0 63 120
0 63 60
60 63 60
60 63 60
60 63 60
60 63 60
60 70 60
60 63 60
60 63 120
0 75 60
60 67 60
60 67 60
60 67 60
60 75 60
60 75 60
60 70 60
60 71 120
0 71 60
60 71 60
60 63 60
60 71 60
60 71 60
60 70 60
60 63 60
60 63 120
0 75 60
60 67 60
60 67 60
60 67 60
60 75 60
60 68 60
60 70 60
60 71 60
60 75 60
60 75 120
0 68 120
120 76 60
60 73 120
0 73 120
120 75 60
60 71 120
0 71 120
120 70 60
60 70 120
0 70 120
0 71 120
0 71 60
60 75 60
60 83 60
60 71 60
60 71 60
60 82 60
60 68 60
60 67 120
0 79 60
60 79 60
60 76 60
60 88 60
60 88 60
60 79 60
60 79 60
60 71 120
0 71 60
60 75 60
60 71 60
60 75 60
60 83 60
60 70 60
60 68 60
60 67 120
0 79 60
60 79 60
60 76 60
60 79 60
60 76 60
60 87 60
60 85 60
60 80 120
0 83 60
60 83 120
0 87 120
120 85 60
60 85 120
0 88 120
120 80 60
60 83 120
0 87 120
120 82 60
60 82 120
0 87 120
120 75 60
60 83 120
0 80 120
120 81 60
60 81 120
0 76 120
120 80 60
60 80 120
0 75 120
120 79 60
60 70 120
0 73 120
0 80 241
483 71 181
0 68 60
0 67 241
0 75 181
60 67 181
60 67 181
0 59 40
20 75 10
20 75 715
0 83 181
0 80 60
0 79 241
0 87 181
60 73 181
60 79 181
0 71 40
20 87 10
20 87 413
0 73 40
20 87 10
20 87 413
0 71 40
20 87 10
20 87 413
0 73 40
20 87 10
20 87 473
0 59 59
0 68 59
0 63 59
0 68 59
0 59 59
0 68 59
0 63 59
0 68 59
0 59 59
0 68 59
0 63 59
0 68 59
0 59 59
0 68 59
0 63 59
0 68 59
0 60 59
0 66 59
0 63 59
0 66 59
0 60 59
0 66 59
0 63 59
0 66 59
0 60 59
0 66 59
0 63 59
0 66 59
0 60 59
0 66 59
0 63 59
0 66 59
0 52 60
0 44 57
2 49 70
50 56 10
50 49 10
50 52 10
50 56 10
50 61 10
50 52 10
50 56 10
50 61 10
50 64 10
50 56 10
50 61 10
50 64 10
50 68 10
50 61 10
50 64 10
50 68 10
50 73 10
50 64 10
50 68 10
50 73 10
50 76 10
50 68 10
50 73 10
50 76 10
50 76 50
0 76 60
60 68 60
120 44 57
2 48 70
50 56 10
50 48 10
50 51 10
50 56 10
50 60 10
50 51 10
50 56 10
50 60 10
50 63 10
50 56 10
50 60 10
50 63 10
50 68 10
50 60 10
50 63 10
50 68 10
50 72 10
50 63 10
50 68 10
50 72 10
50 75 10
50 68 10
50 72 10
50 75 10
50 75 50
0 68 60
60 68 60
120 49 70
50 56 10
50 61 10
50 53 10
50 56 10
50 61 10
50 65 10
50 56 10
50 61 10
50 65 10
50 68 10
50 61 10
50 65 10
50 68 10
50 73 10
50 65 10
50 68 10
50 73 10
50 77 10
50 68 10
50 73 10
50 77 10
50 80 10
50 73 10
50 77 10
50 80 10
50 80 50
0 77 60
60 77 60
120 49 70
50 57 10
50 61 10
50 61 20
30 61 70
50 69 10
50 73 10
50 73 20
30 73 70
50 81 10
50 78 10
50 78 50
60 73 60
120 49 70
50 55 10
50 61 10
50 61 20
30 61 70
50 67 10
50 73 10
50 73 20
30 73 70
50 79 10
50 79 50
0 79 60
60 85 60
60 84 120
0 68 60
0 80 60
0 68 60
0 80 60
0 70 60
0 80 60
0 72 60
0 80 60
0 73 60
0 80 60
0 75 60
0 80 60
0 72 60
0 80 60
0 75 60
0 80 60
0 73 60
0 80 60
0 78 60
0 80 60
0 76 60
0 80 60
0 75 60
0 80 60
0 73 60
0 80 60
0 72 60
0 80 60
0 69 60
0 79 60
0 68 60
0 80 60
0 68 60
0 80 60
0 68 60
0 80 60
0 70 60
0 80 60
0 72 60
0 80 60
0 73 60
0 80 60
0 75 60
0 80 60
0 72 60
0 80 60
0 75 60
0 80 60
0 73 60
0 80 60
0 78 60
0 80 60
0 76 60
0 80 60
0 75 60
0 80 60
0 73 60
0 80 60
0 72 60
0 80 60
0 69 60
0 79 60
0 68 60
0 80 60
0 69 60
0 79 60
0 68 60
0 80 60
0 69 60
0 79 60
0 68 60
0 80 60
0 69 60
0 79 60
0 68 60
0 80 60
0 69 60
0 79 60
0 68 120
120 56 725
60 44 57
2 49 70
50 56 10
50 49 10
50 52 10
50 56 10
50 61 10
50 52 10
50 56 10
50 61 10
50 64 10
50 56 10
50 61 10
50 64 10
50 68 10
50 61 10
50 64 10
50 68 10
50 73 10
50 64 10
50 68 10
50 73 10
50 76 10
50 76 47
2 76 70
50 85 10
50 85 50
0 76 60
60 76 60
120 52 70
50 61 10
50 64 10
50 55 10
50 61 10
50 64 10
50 67 10
50 61 10
50 64 10
50 67 10
50 73 10
50 64 10
50 67 10
50 73 10
50 76 10
50 67 10
50 73 10
50 76 10
50 79 10
50 73 10
50 76 10
50 79 10
50 85 10
50 76 10
50 79 10
50 85 10
50 85 50
0 88 60
60 76 60
120 51 57
2 58 70
50 63 10
50 58 10
50 61 10
50 63 10
50 70 10
50 61 10
50 63 10
50 70 10
50 73 10
50 63 10
50 70 10
50 73 10
50 75 10
50 70 10
50 73 10
50 75 10
50 82 10
50 73 10
50 75 10
50 82 10
50 85 10
50 82 10
50 75 10
50 73 10
50 82 10
50 75 10
50 73 10
50 70 10
50 71 10
50 71 110
120 75 493
120 75 171
0 68 30
0 67 10
0 68 10
0 70 10
0 68 251
0 68 352
0 67 130
0 67 171
0 67 60
0 70 251
0 70 352
0 68 130
0 68 171
0 68 60
0 71 251
0 71 352
0 70 130
0 70 171
0 70 60
0 71 120
0 87 241
0 75 241
0 75 60
60 71 60
60 80 60
60 68 60
60 67 241
0 79 241
0 79 60
60 75 60
60 67 60
60 82 60
60 68 241
0 68 241
0 80 60
60 87 60
60 68 60
60 71 60
60 70 241
0 70 241
0 70 60
60 87 60
60 82 60
60 72 483
0 73 483
0 70 32
0 83 32
0 82 32
0 83 32
8 82 39
30 82 5
30 82 28
0 71 725
0 80 483
0 69 483
0 67 32
0 80 64
0 80 32
8 79 39
30 79 6
30 79 27
0 80 725
0 76 544
0 76 60
0 78 60
0 80 60
0 81 60
0 83 60
0 85 60
0 83 60
0 81 60
0 76 60
0 78 60
0 80 60
0 81 60
0 83 60
0 85 60
0 83 60
0 81 60
0 76 60
0 78 60
0 80 60
0 81 60
0 83 60
0 85 60
0 83 60
0 81 60
0 76 60
0 78 60
0 80 60
0 81 60
0 83 60
0 85 60
0 86 60
0 88 60
0 87 60
0 88 60
0 87 60
0 88 60
0 85 60
0 83 60
0 81 60
0 80 483
0 82 40
0 83 40
0 82 37
0 83 37
0 82 37
0 83 37
0 82 35
0 83 35
0 82 30
0 83 30
0 82 30
0 83 30
0 82 30
0 83 30
0 80 120
120 57 302
0 64 60
0 66 60
0 68 60
0 69 60
0 71 60
0 73 60
0 71 60
0 69 60
0 64 60
0 66 60
0 68 60
0 69 60
0 71 60
0 73 60
0 71 60
0 69 60
0 64 60
0 66 60
0 68 60
0 69 60
0 71 60
0 73 60
0 71 60
0 69 60
0 64 60
0 66 60
0 68 60
0 69 60
0 71 60
0 73 60
0 71 60
0 69 60
0 64 60
0 66 60
0 68 60
0 69 60
0 71 60
0 73 60
0 71 60
0 69 60
0 64 60
0 66 60
0 68 60
0 69 60
0 71 60
0 73 60
0 74 60
0 76 60
0 78 60
0 80 60
0 81 60
0 83 60
0 85 60
0 86 60
0 87 60
0 88 483
0 68 483
0 71 483
0 61 483
0 63 120
0 71 60
60 71 60
60 63 60
60 71 60
60 71 60
60 63 60
60 68 60
60 63 120
0 67 60
60 67 60
60 75 60
60 67 60
60 67 60
60 75 60
60 70 60
60 71 120
0 71 60
60 63 60
60 71 60
60 71 60
60 63 60
60 63 60
60 68 60
60 63 120
0 75 60
60 75 60
60 67 60
60 67 60
60 67 60
60 68 60
60 75 60
60 75 60
60 71 60
60 71 120
0 71 120
120 73 60
60 76 120
0 73 120
120 75 60
60 75 120
0 68 120
120 75 60
60 75 120
0 67 120
0 68 120
0 75 60
60 83 60
60 83 60
60 71 60
60 83 60
60 73 60
60 80 60
60 79 120
0 76 60
60 79 60
60 79 60
60 88 60
60 79 60
60 79 60
60 79 60
60 83 120
0 71 4
0 71 55
60 83 60
60 71 60
60 71 60
60 75 60
60 82 60
60 80 60
60 70 120
0 88 60
60 88 60
60 76 60
60 79 60
60 79 60
60 75 60
60 79 60
60 83 120
0 83 60
60 83 120
0 83 120
120 85 60
60 85 120
0 88 120
120 83 60
60 80 120
0 87 120
120 82 60
60 82 120
0 87 120
120 83 60
60 75 120
0 87 120
120 81 60
60 81 120
0 76 120
120 80 60
60 71 120
0 75 120
120 70 60
60 70 120
0 73 120
0 80 241
483 71 181
0 68 60
0 67 241
0 61 181
60 75 181
60 67 181
0 59 40
20 75 10
20 75 715
0 83 181
0 80 60
0 79 241
0 79 181
60 73 181
60 87 181
0 71 40
20 87 10
20 87 413
0 73 40
20 87 10
20 87 413
0 71 40
20 87 10
20 87 413
0 73 40
20 87 10
20 87 473
0 59 59
0 68 59
0 63 59
0 68 59
0 59 59
0 68 59
0 63 59
0 68 59
0 59 59
0 68 59
0 63 59
0 68 59
0 59 59
0 68 59
0 63 59
0 68 59
0 60 59
0 66 59
0 63 59
0 66 59
0 60 59
0 66 59
0 63 59
0 66 59
0 60 59
0 66 59
0 63 59
0 66 59
0 60 59
0 66 59
0 63 59
0 66 59
0 61 60
0 49 70
50 56 10
50 61 10
50 53 10
50 56 10
50 61 10
50 65 10
50 56 10
50 61 10
50 65 10
50 68 10
50 61 10
50 65 10
50 68 10
50 73 10
50 65 10
50 68 10
50 73 10
50 77 10
50 68 10
50 73 10
50 77 10
50 80 10
50 73 10
50 77 10
50 80 10
50 80 50
0 73 60
60 80 60
120 49 70
50 56 10
50 61 10
50 53 10
50 56 10
50 61 10
50 65 10
50 56 10
50 61 10
50 65 10
50 68 10
50 61 10
50 65 10
50 68 10
50 73 10
50 65 10
50 68 10
50 73 10
50 77 10
50 68 10
50 73 10
50 77 10
50 80 10
50 73 10
50 77 10
50 80 10
50 80 50
0 73 60
60 77 60
120 49 70
50 57 10
50 61 10
50 61 20
30 61 70
50 69 10
50 73 10
50 73 20
30 73 70
50 81 10
50 81 50
0 78 60
60 78 60
120 49 70
50 59 10
50 61 10
50 61 20
30 61 70
50 71 10
50 73 10
50 73 20
30 73 70
50 83 10
50 83 50
0 73 60
60 85 60
60 73 120
120 73 493
171 66 10
171 66 20
0 65 10
0 66 10
0 68 10
0 66 251
0 66 352
0 65 130
0 65 171
0 65 60
0 68 251
0 68 352
0 66 130
171 66 10
171 66 50
0 69 251
0 69 352
0 68 130
0 68 171
0 68 60
0 69 70
50 69 10
50 73 10
50 66 10
50 73 10
50 69 10
50 73 10
50 66 10
50 73 10
50 69 10
50 73 10
50 66 10
50 73 10
50 69 10
50 73 10
50 68 10
50 73 10
50 71 10
50 73 10
50 68 10
50 73 10
50 71 10
50 73 10
50 68 10
50 73 10
50 71 10
50 73 10
50 68 10
50 73 10
50 71 10
50 73 10
50 66 10
50 73 10
50 69 10
50 73 10
50 66 10
50 73 10
50 69 10
50 73 10
50 66 10
50 73 10
50 69 10
50 73 10
50 66 10
50 73 10
50 69 10
50 73 10
50 66 10
50 74 10
50 69 10
50 74 10
50 66 10
50 74 10
50 69 10
50 74 10
50 69 10
50 74 10
50 72 10
50 74 10
50 69 10
50 74 10
50 72 10
50 74 10
50 67 10
50 74 10
50 71 10
50 74 10
50 67 10
50 74 10
50 71 10
50 74 10
50 67 10
50 74 10
50 71 10
50 74 10
50 67 10
50 74 10
50 71 10
50 74 10
50 69 10
50 74 10
50 72 10
50 74 10
50 69 10
50 74 10
50 72 10
50 74 10
50 69 10
50 74 10
50 72 10
50 74 10
50 69 10
50 74 10
50 72 10
50 74 10
50 67 10
50 74 10
50 71 10
50 74 10
50 67 10
50 74 10
50 71 10
50 74 10
50 67 10
50 74 10
50 71 10
50 74 10
50 67 10
50 74 10
50 71 10
50 74 10
50 68 10
50 74 10
50 71 10
50 74 10
50 68 10
50 73 10
50 71 10
50 73 10
50 68 10
50 73 10
50 71 10
50 73 10
50 68 10
50 73 10
50 71 10
50 73 10
50 66 10
50 73 10
50 69 10
50 73 10
50 66 10
50 73 10
50 69 10
50 73 10
50 66 10
50 78 10
50 69 10
50 78 10
50 66 10
50 78 10
50 69 10
50 78 10
50 66 10
50 78 10
50 75 10
50 78 10
50 66 10
50 78 10
50 75 10
50 78 10
50 66 10
50 78 10
50 68 10
50 78 10
50 66 10
50 78 10
50 75 10
50 78 10
50 64 10
50 76 10
50 73 10
50 76 10
50 64 10
50 76 10
50 73 10
50 76 10
50 64 10
50 76 10
50 73 10
50 76 10
50 64 10
50 76 10
50 73 10
50 76 10
50 63 10
50 75 10
50 73 10
50 75 10
50 63 10
50 75 10
50 73 10
50 75 10
50 63 10
50 75 10
50 73 10
50 75 10
50 63 10
50 75 10
50 73 10
50 75 10
50 75 50
0 63 120
120 68 483
0 69 120
0 68 120
0 57 241
0 68 120
0 66 120
0 59 241
0 66 120
0 64 120
0 54 241
0 64 120
0 63 120
0 52 241
0 63 120
0 61 120
0 60 483
0 49 423
0 48 30
0 56 30
0 63 181
60 80 362
0 80 60
60 81 60
60 80 60
60 78 60
60 73 60
60 71 60
60 69 60
60 71 60
60 68 60
60 69 60
60 76 60
60 69 60
60 69 60
60 68 60
60 66 60
60 73 60
60 64 60
60 66 60
60 68 60
60 72 483
0 64 423
0 60 30
0 66 755
0 73 241
0 63 120
120 66 120
120 73 120
120 64 120
60 60 30
0 66 755
0 64 120
0 73 120
0 66 120
0 72 120
0 63 120
0 72 120
0 61 120
0 73 120
0 61 120
0 73 120
0 60 120
0 75 120
0 60 120
0 75 120
0 64 120
0 73 120
0 64 120
0 73 120
0 63 967
0 63 967
60 44 57
2 49 70
50 56 10
50 49 10
50 52 10
50 56 10
50 61 10
50 52 10
50 56 10
50 61 10
50 64 10
50 56 10
50 61 10
50 64 10
50 68 10
50 61 10
50 64 10
50 68 10
50 73 10
50 64 10
50 68 10
50 73 10
50 76 10
50 68 10
50 73 10
50 76 10
50 76 50
0 73 60
60 80 60
120 44 57
2 48 70
50 56 10
50 48 10
50 51 10
50 56 10
50 60 10
50 51 10
50 56 10
50 60 10
50 63 10
50 56 10
50 60 10
50 63 10
50 68 10
50 60 10
50 63 10
50 68 10
50 72 10
50 63 10
50 68 10
50 72 10
50 75 10
50 68 10
50 72 10
50 75 10
50 75 50
0 72 60
60 75 60
120 49 70
50 56 10
50 61 10
50 53 10
50 56 10
50 61 10
50 65 10
50 56 10
50 61 10
50 65 10
50 68 10
50 61 10
50 65 10
50 68 10
50 73 10
50 65 10
50 68 10
50 73 10
50 77 10
50 68 10
50 73 10
50 77 10
50 80 10
50 73 10
50 77 10
50 80 10
50 80 50
0 73 60
60 77 60
120 49 70
50 57 10
50 61 10
50 61 20
30 61 70
50 69 10
50 73 10
50 73 20
30 73 70
50 81 10
50 78 10
50 78 50
60 73 60
120 49 70
50 55 10
50 61 10
50 61 20
30 61 70
50 67 10
50 73 10
50 73 20
30 73 70
50 79 10
50 79 50
0 79 60
60 85 60
60 80 120
0 68 60
0 80 60
0 68 60
0 80 60
0 70 60
0 80 60
0 72 60
0 80 60
0 73 60
0 80 60
0 75 60
0 80 60
0 72 60
0 80 60
0 75 60
0 80 60
0 73 60
0 80 60
0 78 60
0 80 60
0 76 60
0 80 60
0 75 60
0 80 60
0 73 60
0 80 60
0 72 60
0 80 60
0 69 60
0 79 60
0 68 60
0 80 60
0 68 60
0 80 60
0 68 60
0 80 60
0 70 60
0 80 60
0 72 60
0 80 60
0 73 60
0 80 60
0 75 60
0 80 60
0 72 60
0 80 60
0 75 60
0 80 60
0 73 60
0 80 60
0 78 60
0 80 60
0 76 60
0 80 60
0 75 60
0 80 60
0 73 60
0 80 60
0 72 60
0 80 60
0 69 60
0 79 60
0 68 60
0 80 60
0 69 60
0 79 60
0 68 60
0 80 60
0 69 60
0 79 60
0 68 60
0 80 60
0 69 60
0 79 60
0 68 60
0 80 60
0 69 60
0 79 60
0 80 120
120 56 725
241 68 493
171 61 10
171 61 20
0 60 10
0 61 10
0 63 10
0 61 251
0 61 352
0 60 130
0 60 171
0 60 60
0 63 251
0 63 352
0 61 130
0 61 171
0 61 60
0 64 251
0 64 352
0 63 130
171 63 10
171 63 50
0 64 60
60 80 241
0 68 241
0 80 60
60 64 60
60 73 60
60 61 60
60 60 241
0 72 241
0 60 60
60 80 60
60 72 60
60 75 60
60 61 241
0 61 241
0 73 60
60 80 60
60 73 60
60 64 60
60 63 241
0 75 241
0 63 60
60 68 60
60 75 60
60 65 504
0 66 504
0 63 34
0 76 66
0 76 34
8 75 40
31 75 6
31 75 28
0 76 756
0 73 504
0 62 504
0 60 34
0 73 66
0 73 34
8 72 40
31 72 6
31 72 28
0 61 756
0 66 567
0 69 63
0 71 63
0 73 63
0 74 63
0 76 63
0 78 63
0 76 63
0 74 63
0 69 63
0 71 63
0 73 63
0 74 63
0 76 63
0 78 63
0 76 63
0 74 63
0 69 63
0 71 63
0 73 63
0 74 63
0 76 63
0 78 63
0 76 63
0 74 63
0 69 63
0 71 63
0 73 63
0 74 63
0 76 63
0 78 63
0 79 63
0 81 63
0 80 63
0 83 63
0 81 63
0 79 63
0 78 63
0 76 63
0 74 63
0 73 504
0 75 42
0 76 42
0 75 39
0 76 39
0 75 39
0 76 39
0 75 36
0 76 36
0 75 31
0 76 31
0 75 42
0 73 42
0 75 42
0 73 126
126 62 315
0 57 63
0 59 63
0 61 63
0 62 63
0 64 63
0 66 63
0 64 63
0 62 63
0 57 63
0 59 63
0 61 63
0 62 63
0 64 63
0 66 63
0 64 63
0 62 63
0 57 63
0 59 63
0 61 63
0 62 63
0 64 63
0 66 63
0 64 63
0 62 63
0 57 63
0 59 63
0 61 63
0 62 63
0 64 63
0 66 63
0 67 63
0 69 63
0 71 63
0 73 63
0 74 63
0 76 63
0 78 63
0 79 63
0 80 63
0 81 504
0 73 504
0 64 504
0 48 504
126 64 63
63 64 63
63 64 63
63 64 63
63 64 63
63 63 63
63 56 63
63 60 126
0 60 63
63 68 63
63 60 63
63 60 63
63 68 63
63 68 63
63 68 63
63 64 126
0 56 63
63 64 63
63 56 63
63 56 63
63 64 63
63 56 63
63 61 63
63 56 126
0 68 63
63 68 63
63 60 63
63 60 63
63 60 63
63 61 63
63 68 63
63 68 63
63 68 63
63 64 126
0 61 126
126 66 63
63 69 126
0 61 126
126 68 63
63 68 126
0 64 126
126 63 63
63 63 126
0 60 126
0 61 126
0 64 63
63 76 63
63 64 63
63 68 63
63 68 63
63 66 63
63 61 63
63 63 126
0 72 63
63 75 63
63 72 63
63 72 63
63 72 63
63 76 63
63 87 63
63 88 126
0 68 63
63 64 63
63 68 63
63 76 63
63 68 63
63 63 63
63 64 63
63 72 126
0 75 63
63 75 63
63 75 63
63 84 63
63 75 63
63 73 63
63 87 63
63 76 126
0 80 63
63 85 126
0 80 126
126 81 63
63 85 126
0 78 126
126 80 63
63 76 126
0 73 126
126 80 63
63 75 126
0 72 126
126 76 63
63 76 126
0 68 126
126 78 63
63 78 126
0 66 126
126 76 63
63 68 126
0 64 126
126 75 63
63 75 126
0 72 126
0 73 252
504 64 189
0 61 63
0 60 252
0 60 189
63 60 189
63 54 189
0 52 31
0 61 31
0 68 756
0 76 189
0 73 63
0 72 252
0 80 189
63 72 189
63 72 189
0 64 31
0 73 31
0 80 441
0 66 31
0 72 31
0 80 441
0 64 31
0 73 31
0 80 441
0 66 31
0 72 31
0 80 504
0 52 62
0 61 62
0 56 62
0 61 62
0 52 62
0 61 62
0 56 62
0 61 62
0 52 62
0 61 62
0 56 62
0 61 62
0 52 62
0 61 62
0 56 62
0 61 62
0 53 62
0 61 62
0 56 62
0 61 62
0 53 62
0 61 62
0 56 62
0 61 62
0 53 62
0 61 62
0 56 62
0 61 62
0 49 62
0 61 62
0 56 62
0 61 53
9 54 63
0 49 73
52 57 10
52 61 10
52 54 10
52 57 10
52 61 10
52 66 10
52 57 10
52 61 10
52 66 10
52 69 10
52 61 10
52 66 10
52 69 10
52 73 10
52 66 10
52 69 10
52 73 10
52 78 10
52 69 10
52 73 10
52 78 10
52 81 10
52 73 10
52 78 10
52 81 10
52 81 52
0 85 63
63 81 63
126 49 73
52 56 10
52 61 10
52 52 10
52 56 10
52 61 10
52 64 10
52 56 10
52 61 10
52 64 10
52 68 10
52 61 10
52 64 10
52 68 10
52 73 10
52 64 10
52 68 10
52 73 10
52 76 10
52 68 10
52 73 10
52 76 10
52 80 10
52 73 10
52 76 10
52 80 10
52 80 52
0 85 63
63 73 63
189 49 502
0 61 376
0 61 126
0 73 880
126 45 502
0 57 376
63 69 63
0 72 882
63 68 73
52 68 10
52 61 10
52 61 51
0 68 62
0 64 62
0 68 62
0 61 62
0 68 62
0 64 62
0 68 62
0 61 62
0 68 62
0 64 62
0 68 62
0 63 73
52 66 10
52 68 10
52 63 10
52 63 51
0 68 62
0 66 62
0 68 62
0 63 62
0 68 62
0 66 62
0 68 62
0 63 62
0 68 62
0 66 62
0 68 62
0 61 73
52 64 10
52 68 10
52 61 10
52 61 51
0 68 62
0 64 62
0 68 62
0 61 62
0 68 62
0 64 62
0 68 62
0 61 62
0 68 62
0 64 62
0 68 62
0 60 73
52 66 10
52 68 10
52 60 10
52 60 51
0 68 62
0 66 62
0 68 62
0 60 62
0 68 62
0 66 62
0 68 62
0 60 62
0 68 62
0 66 62
0 68 53
9 64 126
126 80 504
0 64 189
0 61 60
2 73 252
0 72 378
0 72 126
0 80 189
0 60 63
0 63 252
0 61 378
0 73 126
0 80 189
0 61 63
0 76 252
0 75 378
0 63 126
0 80 189
0 75 63
0 66 126
0 64 126
0 85 63
63 64 63
63 66 126
0 77 126
0 73 63
63 65 63
63 80 126
0 66 126
0 73 63
63 66 63
63 81 126
0 80 126
0 73 63
63 68 63
63 81 84
0 78 84
0 73 84
0 69 84
0 66 84
0 61 84
0 69 84
0 66 84
0 61 84
0 57 84
0 54 84
0 49 84
0 57 63
0 54 63
0 49 63
0 45 63
0 49 63
0 52 63
0 56 63
0 61 63
0 66 63
0 69 63
0 73 63
0 78 63
0 81 63
0 78 63
0 73 63
0 69 63
0 81 84
0 78 84
0 74 84
0 69 84
0 66 84
0 62 84
0 69 84
0 66 84
0 62 84
0 57 84
0 54 84
0 50 84
0 57 63
0 54 63
0 50 63
0 45 63
0 50 63
0 54 63
0 57 63
0 62 63
0 66 63
0 69 63
0 74 63
0 78 63
0 81 63
0 78 63
0 74 63
0 69 63
0 85 84
0 82 84
0 79 84
0 76 84
0 73 84
0 70 84
0 76 84
0 73 84
0 70 84
0 67 63
0 64 63
0 61 63
0 58 63
0 64 63
0 61 63
0 58 63
0 55 63
0 52 63
0 49 63
0 52 63
0 55 63
0 58 42
0 61 42
0 64 42
0 67 42
0 70 42
0 73 42
0 76 42
0 79 42
0 82 42
0 85 42
0 82 42
0 76 42
0 88 84
0 85 84
0 80 84
0 76 84
0 73 84
0 68 84
0 76 84
0 73 84
0 68 84
0 64 63
0 73 63
0 68 63
0 64 63
0 61 63
0 68 63
0 64 63
0 61 63
0 56 63
0 64 63
0 61 63
0 56 63
0 52 63
0 61 63
0 56 63
0 52 63
0 49 63
0 56 63
0 52 63
0 49 63
0 44 63
0 45 63
0 46 63
0 47 63
0 48 63
0 49 63
0 50 63
0 51 63
0 52 63
0 53 63
0 54 63
0 55 63
0 56 63
0 57 63
0 58 63
0 59 63
0 60 63
0 61 63
0 62 63
0 63 63
0 64 50
0 65 50
0 66 50
0 67 50
0 68 50
0 69 50
0 70 50
0 71 50
0 72 50
0 73 50
0 74 42
0 75 42
0 76 42
0 77 31
0 78 31
0 79 31
0 80 31
0 81 47
0 83 47
0 81 42
0 83 42
0 81 42
0 83 42
0 81 42
0 83 42
0 81 42
0 83 42
0 81 42
0 83 42
0 81 39
0 83 39
0 81 39
0 83 39
0 81 36
0 83 39
0 81 39
0 83 42
0 81 42
0 83 42
0 81 47
0 83 47
0 80 84
0 78 84
0 76 84
0 75 84
0 78 84
0 73 84
0 72 84
0 75 84
0 69 84
0 68 84
0 66 84
0 69 84
0 64 84
0 63 84
0 66 84
0 61 84
0 60 84
0 63 84
0 57 84
0 56 84
0 54 84
0 57 84
0 52 84
0 51 84
0 54 84
0 49 84
0 48 84
0 51 63
21 45 63
21 44 63
2793 64 189
0 61 63
0 60 252
0 60 252
0 60 252
0 54 189
0 52 31
0 61 31
0 68 756
0 76 189
0 73 63
0 72 252
0 66 252
0 80 252
0 72 189
0 64 31
0 73 31
0 80 441
0 66 31
0 72 31
0 80 441
0 64 31
0 73 31
0 80 441
0 66 31
0 72 31
0 80 441
0 64 31
0 73 31
0 80 73
52 68 10
52 73 10
52 76 10
52 68 10
52 73 10
52 76 10
52 80 10
52 73 10
52 76 10
52 80 10
52 85 10
52 76 10
52 80 10
52 85 10
52 88 10
52 85 10
52 80 10
52 76 10
52 85 10
52 80 10
52 76 10
52 73 10
52 80 10
52 76 10
52 73 10
52 68 10
52 76 10
52 73 10
52 68 10
52 64 10
52 73 10
52 68 10
52 64 10
52 61 10
52 68 10
52 64 10
52 61 10
52 56 10
52 64 10
52 61 10
52 56 10
52 52 10
52 61 10
52 56 10
52 52 10
52 56 10
52 49 10
52 49 241
252 73 189
315 61 189
