0 68 611
0 68 203
0 68 2444
0 68 611
0 68 203
0 68 1629
0 69 1629
0 68 1629
0 66 814
0 71 814
0 64 526
5176 67 611
0 67 203
0 67 2444
0 67 611
0 67 203
0 67 2444
0 66 814
0 66 1629
0 67 814
0 64 814
0 66 1629
0 66 1629
2444 71 814
0 72 2444
0 70 814
0 71 2444
0 71 814
0 72 2444
0 70 814
0 71 1629
0 71 1629
0 71 1629
0 69 1629
0 67 1629
0 66 1629
0 61 1629
0 61 814
0 61 814
2444 73 611
0 73 203
0 73 2444
0 73 611
0 73 203
0 73 1629
0 72 814
0 73 814
0 75 2444
0 75 814
0 76 1629
0 75 814
0 73 814
48068 68 611
0 68 203
0 68 2444
0 68 611
0 68 203
0 68 1629
0 69 1629
0 68 1629
0 66 814
0 71 814
0 64 526
1917 71 611
0 71 203
0 71 2444
0 71 611
0 71 203
0 71 1629
0 72 814
0 73 814
0 75 1629
0 76 1629
0 74 1629
0 72 1629
0 73 2444
0 73 814
0 74 2444
0 72 814
0 73 2444
0 73 814
0 74 2444
0 72 814
0 73 1629
0 73 1629
0 71 2444
0 71 814
0 69 814
0 69 814
0 68 814
0 68 814
0 66 1629
0 68 814
0 69 814
0 68 1629
0 68 1629
0 44 814
0 44 1629
0 44 611
0 44 203
0 44 2444
0 44 611
0 44 203
0 44 2444
0 44 611
0 44 203
0 44 2444
0 44 611
0 44 203
0 44 2444
0 44 611
0 44 203
0 44 2444
0 44 611
0 44 203
0 44 1629
0 49 1629
0 44 1620
