486 67 48
48 72 48
48 74 48
48 75 292
0 77 97
0 74 292
0 75 97
0 72 365
0 74 24
0 72 97
0 71 97
0 72 97
0 74 73
0 77 24
0 75 97
0 74 97
0 75 97
0 77 97
0 79 97
97 79 97
97 79 584
0 77 97
0 79 48
0 77 24
0 79 24
0 80 389
0 74 194
0 75 97
0 77 48
0 75 24
0 77 24
0 79 389
0 72 192
2 72 97
0 74 97
0 75 97
97 75 97
0 77 97
0 74 97
97 74 97
0 75 97
0 72 194
389 77 97
0 79 97
0 68 389
0 74 194
0 75 97
0 77 97
0 67 389
0 72 194
0 72 97
0 74 97
0 75 97
97 75 97
0 77 97
0 74 97
97 74 97
0 75 97
0 72 97
97 82 389
0 82 292
0 80 97
0 79 97
0 77 97
0 75 97
0 74 97
0 72 97
0 71 97
0 72 97
97 72 389
0 82 292
0 80 97
0 79 97
0 77 97
0 75 97
0 74 97
0 72 97
0 71 97
0 72 97
97 74 32
0 75 32
0 74 32
0 75 24
0 74 24
0 72 24
0 74 24
0 75 97
97 71 97
97 72 97
681 55 779
0 65 97
0 72 97
0 68 97
0 77 97
0 72 97
0 80 97
0 77 97
0 84 97
0 82 97
0 79 97
0 76 97
0 72 97
0 70 97
0 71 97
0 72 97
0 67 97
0 70 389
0 68 194
194 53 779
0 63 97
0 70 97
0 67 97
0 75 97
0 70 97
0 79 97
0 75 97
0 82 97
0 80 97
0 79 97
0 77 97
0 75 97
0 74 97
0 72 97
0 70 97
0 68 97
0 67 97
97 70 389
0 70 292
0 72 97
0 74 97
0 75 97
0 77 97
0 79 97
0 80 97
0 77 97
0 80 97
0 79 97
0 77 97
0 75 89
8 75 97
0 74 97
0 72 97
0 74 97
0 77 97
0 75 97
0 74 97
0 72 97
0 68 175
19 68 175
19 68 97
0 67 97
0 65 97
0 63 89
8 63 97
0 62 97
0 60 97
0 62 97
0 63 97
0 72 97
0 74 97
0 75 97
0 77 97
0 78 97
0 80 97
0 77 97
0 78 194
0 82 385
4 82 389
0 87 389
0 81 194
0 82 454
0 81 64
0 82 64
0 84 64
0 82 64
0 81 64
0 82 454
0 81 64
0 82 64
0 84 64
0 82 64
0 81 64
64 82 64
0 84 64
0 86 64
0 84 64
0 82 64
64 86 64
0 87 64
0 89 64
0 87 64
0 86 64
0 89 64
0 87 64
0 86 64
0 84 64
0 82 64
0 80 64
0 79 64
0 77 64
0 75 64
0 74 48
0 72 48
0 70 48
0 68 48
0 67 68
60 65 4
60 67 4
60 65 4
60 63 4
60 68 4
60 68 385
0 67 68
60 77 4
60 79 4
60 77 4
60 75 4
60 80 4
60 80 385
0 79 64
0 75 64
0 77 64
0 79 64
0 77 64
0 75 64
0 82 64
0 79 64
0 80 64
0 82 64
0 80 64
0 79 64
0 85 68
60 82 4
60 80 4
60 79 4
60 77 4
60 75 4
60 74 4
60 75 4
60 76 4
60 77 4
60 73 4
60 73 64
190 60 64
0 63 64
0 68 64
0 72 64
0 75 64
0 80 64
0 84 48
48 84 48
48 84 97
0 82 97
0 80 48
48 79 48
48 79 97
0 77 97
0 75 48
48 74 48
48 75 194
389 58 190
4 62 97
97 62 97
97 62 97
97 62 97
97 63 584
0 63 194
0 63 389
0 65 389
0 62 584
0 70 190
4 70 97
97 70 97
97 70 97
97 70 97
97 70 389
0 73 194
0 83 194
0 72 194
194 65 194
194 67 194
259 70 68
60 74 4
60 72 4
60 70 4
60 75 4
60 75 190
259 70 68
60 74 4
60 72 4
60 70 4
60 75 4
60 75 60
0 79 64
0 77 64
0 75 64
0 74 64
0 72 64
0 71 64
0 72 64
0 70 64
0 68 64
0 67 64
0 65 64
0 63 194
259 58 68
60 62 4
60 60 4
60 58 4
60 63 4
60 63 190
259 58 68
60 62 4
60 60 4
60 58 4
60 63 4
60 63 190
259 59 68
60 62 4
60 60 4
60 59 4
60 65 4
61 63 3
61 62 4
57 68 3
64 65 4
64 72 4
61 71 3
61 71 61
2 77 68
58 74 3
61 89 583
0 87 64
0 86 64
0 84 64
0 83 64
0 80 64
0 79 64
0 77 64
0 75 64
0 74 64
0 72 64
0 71 64
0 68 64
0 67 38
0 65 38
0 63 38
0 62 38
0 60 38
0 59 1168
97 67 48
48 72 48
48 74 48
48 75 292
0 77 97
0 74 292
0 75 97
0 72 365
0 74 24
0 72 97
0 71 97
0 72 97
0 74 73
0 77 24
0 75 97
0 74 97
0 75 97
0 77 97
0 79 97
97 79 97
97 79 584
0 77 97
0 79 48
0 77 24
0 79 24
0 80 389
0 74 194
0 75 97
0 77 48
0 75 24
0 77 24
0 79 389
0 72 190
4 72 97
0 74 97
0 75 97
97 75 97
0 77 97
0 74 97
97 74 97
0 75 97
0 72 194
389 77 97
0 79 97
0 68 389
0 74 194
0 75 97
0 77 97
0 67 389
0 72 190
4 72 97
0 74 97
0 75 97
97 75 97
0 77 97
0 74 97
97 74 97
0 75 97
0 72 97
97 82 389
0 82 292
0 80 97
0 79 97
0 77 97
0 75 97
0 74 97
0 72 97
0 71 97
0 72 97
97 72 389
0 82 292
0 80 97
0 79 97
0 77 97
0 75 97
0 74 97
0 72 97
0 71 97
0 72 97
97 74 32
0 75 32
0 74 32
0 75 24
0 74 24
0 72 24
0 74 24
0 75 97
97 71 97
97 72 97
681 60 389
0 65 389
0 58 389
0 63 389
0 56 389
0 61 194
0 60 194
0 58 194
0 56 194
0 55 194
389 72 389
0 65 389
0 70 389
0 63 389
0 68 194
0 67 194
0 65 194
0 63 194
0 62 194
0 65 194
0 63 194
0 72 389
0 65 389
0 70 389
0 63 389
0 68 194
0 60 194
0 65 194
0 63 194
0 61 194
0 60 194
0 58 194
0 63 194
194 72 389
0 77 389
0 70 389
0 75 388
0 80 194
0 70 194
0 68 194
0 67 194
0 65 194
0 68 194
0 67 194
584 75 194
0 72 194
0 73 194
0 77 194
0 67 194
0 70 194
0 68 194
0 72 194
0 62 194
0 63 97
97 82 194
0 87 194
0 85 194
0 84 389
0 89 389
0 82 389
0 87 389
0 80 389
0 73 97
97 84 97
97 70 97
97 80 97
97 67 97
97 73 97
97 84 97
0 82 97
0 80 97
0 79 97
0 77 97
0 75 97
0 73 97
0 72 97
0 70 97
0 68 97
0 67 97
0 65 97
0 64 97
0 61 97
0 60 97
0 58 97
0 56 97
0 55 97
0 53 97
0 52 97
0 53 97
0 55 97
0 56 97
0 55 97
0 53 97
0 51 97
0 50 97
0 48 97
0 47 97
0 48 97
0 50 97
0 48 97
48 43 48
0 47 48
0 50 48
0 55 48
194 43 48
0 48 48
0 51 48
0 55 48
194 43 48
0 50 48
0 53 48
0 55 48
194 43 48
0 48 48
0 51 48
0 55 48
194 55 48
0 59 48
0 62 48
0 67 48
194 55 48
0 60 48
0 63 48
0 67 48
194 55 48
0 62 48
0 65 48
0 67 48
194 55 48
0 60 48
0 63 48
0 67 48
194 67 48
0 71 48
0 74 48
0 79 48
194 67 48
0 72 48
0 75 48
0 79 48
194 67 48
0 74 48
0 77 48
0 79 48
194 67 48
0 72 48
0 75 48
0 79 48
211 67 64
0 66 64
0 67 64
0 71 64
0 74 64
0 79 64
0 74 64
0 71 64
0 67 48
211 71 64
0 70 64
0 71 64
0 74 64
0 79 64
0 83 64
0 79 64
0 74 64
0 71 48
211 74 64
0 73 64
0 74 64
0 77 64
0 83 64
0 86 64
0 83 64
0 77 64
0 74 48
211 77 64
0 76 64
0 77 64
0 83 64
0 86 64
0 89 64
0 86 64
0 83 64
0 89 64
0 86 64
0 83 64
0 89 584
0 87 64
0 86 64
0 84 64
0 83 64
0 80 64
0 79 64
0 77 64
0 75 64
0 74 64
0 72 64
0 71 64
0 68 64
0 67 38
0 65 38
0 63 38
0 62 38
0 60 38
0 59 1168
97 67 48
48 72 48
48 74 48
48 75 292
0 77 97
0 74 292
0 75 97
0 72 365
0 74 24
0 72 97
0 71 97
0 72 97
0 74 73
0 77 24
0 75 97
0 74 97
0 75 97
0 77 97
0 79 97
97 79 97
97 79 584
0 77 97
0 79 48
0 77 24
0 79 24
0 80 389
0 74 194
0 75 97
0 77 48
0 75 24
0 77 24
0 79 389
0 72 190
4 72 97
0 74 97
0 75 97
97 75 97
0 77 97
0 74 97
97 74 97
0 75 97
0 72 194
681 59 97
0 62 97
0 65 97
97 77 97
0 74 97
0 71 97
97 60 97
0 63 97
0 67 97
97 79 97
0 75 97
0 72 97
97 64 97
0 67 97
0 70 97
97 82 97
0 79 97
0 76 97
97 65 97
0 68 97
0 72 97
0 77 97
0 80 97
0 84 97
0 89 292
0 87 194
0 86 194
0 84 194
0 83 97
97 79 389
0 79 292
0 81 97
0 83 97
0 84 97
0 86 97
0 88 97
0 89 97
0 86 97
0 89 97
0 88 97
0 86 97
0 84 89
8 84 97
0 83 97
0 81 97
0 83 97
0 86 97
0 84 97
0 83 97
0 81 97
0 77 175
19 77 175
19 77 97
0 76 97
0 74 97
0 72 89
8 72 97
0 71 97
0 69 97
0 71 97
0 72 97
0 81 97
0 83 97
0 84 97
0 86 97
0 88 97
0 89 97
0 86 97
0 89 97
0 88 97
0 86 97
0 84 97
0 83 97
0 84 97
0 88 97
0 84 97
0 83 97
0 81 97
0 84 97
0 81 97
0 79 97
0 77 97
0 81 97
0 77 97
0 76 97
0 74 97
0 77 97
0 74 97
0 81 97
0 77 97
0 74 97
0 72 97
0 71 68
60 69 4
60 71 4
60 69 4
60 67 4
60 72 4
60 72 385
0 71 68
60 69 4
60 71 4
60 69 4
60 67 4
60 72 4
60 72 385
0 71 64
0 67 64
0 69 64
0 71 64
0 69 64
0 67 64
0 74 64
0 71 64
0 72 64
0 74 64
0 72 64
0 71 64
0 77 68
60 74 4
60 72 4
60 71 4
60 69 4
60 67 4
60 69 4
60 67 4
60 65 4
60 64 4
60 62 4
60 64 4
60 60 4
60 62 4
60 64 4
60 62 4
60 60 4
60 65 4
60 65 385
0 64 68
60 74 4
60 76 4
60 74 4
60 72 4
60 77 4
60 77 385
0 76 64
0 72 64
0 74 64
0 76 64
0 74 64
0 72 64
0 79 64
0 76 64
0 77 64
0 79 64
0 77 64
0 76 64
0 82 68
60 79 4
60 77 4
60 76 4
60 74 4
60 72 4
60 71 4
60 72 4
60 73 4
60 74 4
60 70 4
60 70 66
195 57 66
0 60 66
0 65 66
0 69 66
0 72 66
0 77 66
0 81 49
49 81 49
49 81 99
0 79 99
0 77 49
49 76 49
49 76 99
0 74 99
0 72 49
49 71 49
49 72 199
398 67 195
4 71 99
99 71 99
99 71 99
99 71 99
99 72 597
0 72 199
0 75 390
7 74 390
7 71 199
398 55 196
2 59 99
99 59 99
99 59 99
99 59 99
99 67 398
0 60 199
0 67 199
0 65 99
99 60 99
99 62 99
99 62 99
99 70 199
0 62 199
0 63 199
0 70 199
0 69 99
0 69 99
0 66 99
99 66 99
99 66 99
99 74 199
0 66 199
0 67 199
0 66 199
0 74 199
0 66 199
0 67 199
0 71 199
0 79 199
0 71 199
0 72 199
0 71 199
0 79 199
0 71 199
0 72 199
0 71 199
0 80 199
0 70 199
0 71 199
0 74 199
0 79 398
0 71 199
0 74 199
0 78 398
0 71 199
0 74 398
0 70 199
0 71 199
0 71 199
0 67 298
0 77 99
0 74 298
0 75 99
0 72 373
0 74 24
0 72 99
0 71 99
0 72 99
0 74 74
0 77 24
0 75 99
0 74 99
0 75 99
0 77 99
0 79 99
99 79 99
99 79 597
0 77 99
0 79 49
0 77 24
0 79 24
0 80 398
0 74 199
0 75 99
0 77 49
0 75 24
0 77 24
0 79 398
0 72 195
4 72 99
0 74 99
0 75 99
99 75 99
0 77 99
0 74 99
99 74 99
0 75 99
0 72 99
0 71 99
0 72 99
0 74 99
0 75 99
0 76 99
0 77 99
0 79 99
0 80 99
0 79 99
0 82 99
0 80 99
0 79 99
0 77 99
0 75 99
0 74 99
0 79 99
0 78 99
0 80 99
0 79 99
0 77 99
0 75 99
0 74 99
0 72 99
0 75 99
0 74 99
0 77 99
0 75 99
0 74 99
0 73 99
0 75 99
0 74 99
0 72 199
265 84 66
0 86 66
0 88 66
0 86 66
0 84 66
0 89 99
365 84 66
0 86 66
0 88 66
0 86 66
0 84 66
0 89 99
365 84 66
0 86 66
0 88 66
0 86 66
0 84 66
0 89 99
99 72 99
99 72 99
99 71 99
99 72 99
365 72 66
0 74 66
0 76 66
0 74 66
0 72 66
0 77 99
365 72 66
0 74 66
0 76 66
0 74 66
0 72 66
0 77 99
365 60 66
0 62 66
0 64 66
0 62 66
0 60 66
0 65 66
0 60 66
0 62 66
0 63 66
0 62 66
0 60 66
0 66 66
0 60 66
0 62 66
0 63 66
0 62 66
0 60 66
0 67 66
0 60 66
0 62 66
0 63 66
0 62 66
0 60 66
0 69 66
0 60 66
0 62 66
0 63 66
0 62 66
0 60 66
0 71 66
0 59 66
0 60 66
0 62 66
0 60 66
0 59 66
0 72 66
0 60 66
0 62 66
0 63 66
0 62 66
0 60 66
0 74 66
0 62 66
0 63 66
0 65 66
0 63 66
0 62 66
0 71 66
0 59 66
0 60 66
0 62 66
0 60 66
0 59 66
0 60 199
199 79 199
0 77 49
0 75 49
0 74 49
0 72 49
0 74 99
298 77 199
0 75 49
0 74 49
0 72 49
0 71 49
0 72 99
298 79 199
0 77 49
0 75 49
0 74 49
0 72 49
0 74 99
298 77 199
0 75 49
0 74 49
0 72 49
0 71 49
0 72 99
298 79 199
0 77 49
0 75 49
0 74 49
0 72 49
0 73 99
298 89 996
0 87 66
0 85 66
0 84 66
0 82 66
0 80 66
0 79 66
0 77 66
0 75 66
0 73 66
0 72 33
0 70 33
0 68 33
0 67 33
0 65 33
0 63 33
0 61 28
0 60 28
0 58 28
0 56 28
0 55 28
0 53 28
0 51 29
0 49 1195
199 56 99
0 58 99
0 60 298
0 61 99
0 58 298
0 60 99
0 56 199
398 68 99
0 70 99
0 72 298
0 73 99
0 70 298
0 72 99
0 68 199
398 72 199
0 78 199
398 72 199
0 79 199
398 87 66
0 86 66
0 84 66
0 89 66
0 87 66
0 86 66
0 84 66
0 83 66
0 80 66
0 79 66
0 77 66
0 75 66
0 74 66
0 72 66
0 71 66
0 72 199
