0 60 1511
0 58 1511
0 63 2267
0 61 755
0 60 755
0 63 755
0 68 755
0 70 755
0 63 2267
0 64 755
0 65 1511
0 58 1133
0 60 188
0 61 188
0 63 1511
0 57 1511
0 61 1511
0 60 377
0 58 377
0 56 377
0 55 377
0 55 1511
0 56 755
0 60 188
62 63 188
62 68 188
62 72 1511
0 70 1511
0 75 2267
0 73 755
0 72 755
0 75 755
0 80 755
0 82 755
0 75 2267
0 76 755
0 77 1511
0 70 1133
0 72 188
0 73 188
0 75 1511
0 69 1511
0 73 1511
0 72 377
0 70 377
0 68 377
0 67 377
0 70 1511
0 68 755
566 60 188
0 72 1889
0 80 377
0 79 377
0 77 377
0 84 1889
0 80 377
0 79 377
0 77 377
0 72 1889
0 80 377
0 79 377
0 77 377
0 75 755
0 74 1133
0 75 94
0 74 94
0 72 94
0 74 94
0 77 566
0 75 188
0 75 1511
0 65 849
0 65 94
0 64 94
0 65 94
0 68 188
0 72 188
0 71 125
0 72 125
0 74 125
0 72 188
0 70 188
0 79 755
0 77 188
0 75 188
0 74 188
0 72 188
0 70 188
0 69 188
0 72 188
0 70 188
0 68 188
0 65 188
0 63 755
377 58 377
0 55 377
0 58 377
0 55 377
0 51 377
0 53 740
15 53 740
15 53 740
15 50 740
15 46 755
1511 58 566
0 63 188
0 63 377
0 62 362
15 62 377
0 60 362
15 60 377
0 59 362
15 59 377
0 58 362
15 55 6047
0 60 1511
0 58 1511
0 63 2267
0 61 755
0 60 755
0 63 755
0 68 755
0 70 755
0 63 2267
0 64 755
0 65 1511
0 58 1133
0 60 188
0 61 188
0 63 1511
0 57 1511
0 61 1511
0 60 377
0 58 377
0 56 377
0 55 377
0 55 1511
0 56 755
0 63 755
0 68 755
0 71 755
0 70 755
0 68 755
0 67 755
0 73 755
1511 68 755
0 71 755
0 70 755
0 68 755
0 68 755
0 67 755
1511 68 755
0 71 755
0 70 755
0 68 755
0 66 755
0 66 251
0 75 251
0 71 251
0 71 755
0 71 251
0 80 251
0 76 251
0 76 755
0 76 251
0 85 251
0 82 251
0 71 377
377 54 377
377 64 377
2645 64 755
0 68 755
0 66 755
0 64 755
0 63 755
0 69 755
1511 64 755
0 68 755
0 64 755
0 63 755
0 62 2267
0 62 755
0 62 2267
0 62 755
0 61 2267
0 61 755
0 60 1511
0 58 1511
0 63 2267
0 61 755
0 60 755
0 63 755
0 68 755
0 70 755
0 63 2267
0 64 755
0 65 1511
0 58 1133
0 60 188
0 61 188
0 63 1511
0 57 1511
0 61 1511
0 61 251
0 60 251
0 58 251
0 58 251
0 56 251
0 55 251
0 55 1511
0 56 755
0 60 188
62 63 188
62 68 188
62 72 1511
0 70 1511
0 75 2267
0 73 755
0 72 755
0 75 755
0 80 755
0 82 755
0 75 2267
0 76 755
0 77 1511
0 70 1133
0 72 188
0 73 188
0 75 1511
0 69 1511
0 73 1511
0 73 251
0 72 251
0 70 188
62 70 251
0 68 251
0 67 251
0 60 755
1511 75 566
0 76 188
0 77 1007
0 75 251
0 73 251
0 72 251
0 70 251
0 68 251
0 67 188
0 73 188
0 70 188
0 67 188
0 68 251
0 70 81
0 68 81
0 67 81
6 68 188
0 72 62
0 63 755
755 87 566
0 88 188
0 89 1007
0 87 251
0 85 251
0 84 251
0 82 251
0 80 251
0 67 251
0 73 251
0 67 251
0 80 755
661 75 94
0 73 251
0 72 251
0 73 251
0 77 251
0 75 251
0 73 251
0 72 755
661 72 94
0 67 251
0 69 251
0 70 251
0 73 251
0 72 251
0 70 251
0 68 755
661 60 94
0 58 251
0 57 251
0 58 251
0 61 251
0 60 251
0 58 251
0 56 377
377 48 377
377 44 1511
