0 51 2772
0 55 252
0 55 756
0 55 226
25 57 2016
0 59 1008
1008 59 2772
0 62 226
25 59 756
0 62 226
25 68 2016
0 60 1008
1008 66 2772
0 69 226
25 66 756
0 69 226
25 75 2016
0 62 252
504 69 226
25 66 756
0 69 226
25 75 2016
0 67 1008
0 67 1008
0 68 504
504 80 1260
0 79 126
0 80 126
0 82 126
0 80 126
0 79 126
0 77 126
0 75 126
0 74 126
0 72 126
0 70 126
0 68 56
0 67 56
0 65 56
0 63 56
0 62 56
0 65 56
0 68 56
0 65 56
0 62 50
0 63 504
504 63 1764
0 63 252
0 65 756
0 67 239
12 67 1008
0 65 504
252 65 252
0 53 756
0 53 239
12 53 756
0 53 239
12 53 1008
0 65 1764
0 65 252
0 67 756
0 68 239
12 68 1008
0 67 504
252 55 252
0 57 756
0 57 239
12 58 756
0 58 239
12 57 1008
0 69 1764
0 69 252
0 71 756
0 72 239
12 72 1008
0 71 504
1512 71 756
0 72 252
0 73 1008
0 74 1008
1008 74 756
0 75 252
0 76 1008
0 77 1995
21 77 987
21 77 1260
0 87 126
0 86 126
0 89 126
0 87 126
0 86 126
0 84 126
0 83 252
252 83 252
252 77 252
252 77 252
252 75 1008
3024 84 1260
0 83 126
0 84 126
0 86 84
0 84 84
0 82 84
0 80 84
0 79 84
0 82 84
0 80 252
252 80 252
252 80 252
252 80 252
252 79 504
0 87 588
0 86 84
0 85 84
0 84 84
0 83 84
0 82 84
0 81 71
0 80 71
0 79 71
0 78 71
0 77 71
0 76 71
0 75 75
0 74 126
0 73 126
0 72 126
0 71 126
0 70 126
0 69 126
0 68 126
0 67 126
0 66 126
0 65 126
0 64 126
0 63 126
0 62 126
0 61 126
0 60 126
0 59 126
0 68 756
0 59 252
0 60 1512
0 58 189
315 56 189
315 64 189
315 65 189
315 62 189
315 63 189
315 64 1008
0 70 189
315 68 189
315 76 189
315 77 189
315 74 189
315 72 1008
0 67 1008
0 67 1008
0 65 1008
0 63 1008
0 66 1008
0 69 1008
0 62 1008
0 60 189
315 60 1008
0 58 189
315 56 189
315 64 189
315 65 189
315 62 189
315 63 189
315 64 1008
0 70 189
315 68 189
315 76 189
315 77 189
315 74 189
315 72 1008
0 67 1008
0 67 1008
0 65 1008
0 63 1008
0 66 1008
0 69 2016
0 62 504
504 67 1512
504 67 1260
0 77 252
0 74 252
0 71 252
0 67 252
0 65 252
0 62 252
0 59 252
0 60 252
0 63 252
0 60 252
0 55 252
0 54 252
0 60 252
0 56 252
0 54 252
0 55 504
504 67 1512
504 67 1260
0 77 252
0 74 252
0 71 252
0 67 252
0 65 252
0 62 252
0 59 252
0 60 252
0 63 252
0 60 252
0 55 252
0 54 252
0 60 252
0 56 252
0 54 252
0 55 504
0 66 189
315 67 189
315 66 189
315 67 189
315 72 189
315 71 189
315 84 189
315 83 252
1764 58 2016
0 60 504
0 73 189
315 72 189
315 73 189
315 72 189
315 79 189
315 80 189
315 85 189
315 84 252
1764 60 2016
0 62 504
0 69 189
315 70 189
315 75 189
315 74 189
315 81 189
315 82 189
315 87 189
315 86 252
756 75 1008
0 74 504
504 69 1008
0 70 504
504 63 1008
0 62 504
504 57 1008
0 58 504
0 57 504
0 58 504
0 57 504
0 58 504
0 57 504
0 58 504
0 57 504
504 46 252
252 51 252
252 53 252
252 54 252
252 70 252
252 75 252
252 77 252
126 70 126
0 78 1512
0 75 504
0 78 1512
0 75 504
0 74 504
0 46 252
252 53 252
252 54 252
252 56 252
252 70 504
0 80 504
0 78 504
0 78 126
0 80 126
0 78 252
0 77 504
0 77 126
0 78 126
0 77 252
0 75 504
0 75 126
0 77 126
0 75 252
0 74 504
0 72 252
252 74 252
252 75 504
0 46 252
252 51 252
252 53 252
252 54 252
252 70 252
252 75 252
252 77 252
126 70 126
0 78 1512
0 75 504
0 78 1512
0 75 504
0 72 504
0 44 252
252 51 252
252 53 252
252 54 252
252 68 504
0 78 504
0 77 504
0 77 126
0 78 126
0 77 252
0 75 504
0 75 126
0 77 126
0 75 252
0 73 504
0 73 126
0 75 126
0 73 252
0 72 504
0 70 252
252 72 252
252 73 504
0 44 252
252 49 252
252 51 252
252 53 252
252 68 252
252 73 252
252 75 252
126 68 126
0 77 1512
0 73 504
0 77 1512
0 73 504
0 72 504
0 44 252
252 51 252
252 53 252
252 54 252
252 68 504
0 78 504
0 77 504
0 77 126
0 78 126
0 77 252
0 75 504
0 75 126
0 77 126
0 75 252
0 73 504
0 73 126
0 75 126
0 73 252
0 72 504
0 70 252
252 72 252
252 73 504
0 49 504
0 56 504
0 47 252
252 46 252
252 70 504
0 80 504
0 78 504
0 78 126
0 80 126
0 78 252
0 77 504
0 77 126
0 78 126
0 77 252
0 75 504
0 75 126
0 77 126
0 75 252
0 74 504
0 72 252
252 74 252
252 75 504
0 51 504
0 58 504
0 49 252
252 48 252
252 72 504
0 82 504
0 80 504
0 80 126
0 82 126
0 80 252
0 79 504
0 79 126
0 80 126
0 79 252
0 77 504
0 77 126
0 79 126
0 77 252
0 76 504
0 74 504
0 76 504
0 79 126
0 80 126
0 79 252
0 77 504
0 77 126
0 79 126
0 77 252
0 75 504
0 75 126
0 77 126
0 75 252
0 74 504
0 72 504
0 74 504
0 77 126
0 79 126
0 77 252
0 75 504
0 75 126
0 77 126
0 75 252
0 74 504
0 74 126
0 75 126
0 74 252
0 72 504
0 72 126
0 74 126
0 72 252
0 71 504
0 72 126
0 74 126
0 72 252
0 70 504
0 70 189
315 70 189
315 72 126
0 74 126
0 72 252
0 70 504
0 70 189
315 70 189
567 63 252
0 67 252
0 63 252
0 75 504
0 67 252
0 63 252
0 67 252
0 63 252
0 67 252
0 63 252
0 75 504
0 67 252
0 63 252
252 63 252
0 67 252
0 63 252
0 75 504
0 67 252
0 63 252
0 67 252
0 63 252
0 67 252
0 63 252
0 75 504
0 67 252
0 63 252
0 75 189
63 63 252
0 68 252
0 63 252
0 76 189
63 64 252
0 72 252
0 64 252
0 77 189
63 65 252
0 72 252
0 65 252
0 79 189
63 67 252
0 72 252
0 67 252
0 80 189
63 68 252
0 72 252
0 68 252
0 81 189
63 69 252
0 72 252
0 69 252
0 82 189
63 70 252
0 77 252
0 70 252
0 84 189
63 72 252
0 77 252
0 72 252
0 85 189
63 73 252
0 77 252
0 73 252
0 86 189
63 74 252
0 77 252
0 74 252
0 87 189
63 75 252
0 82 252
0 75 252
0 83 189
63 71 252
0 75 252
0 71 252
252 72 252
0 75 252
0 72 252
0 84 189
63 72 252
0 75 252
0 72 252
252 65 252
0 68 252
0 65 252
0 74 189
63 65 252
0 68 252
0 65 252
252 63 252
0 67 252
0 63 252
0 75 504
0 67 252
0 63 252
0 67 252
0 63 252
0 67 252
0 63 252
0 75 504
0 67 252
0 63 252
252 63 252
0 67 252
0 63 252
0 75 504
0 67 252
0 63 252
0 67 252
0 63 252
0 67 252
0 63 252
0 75 504
0 67 252
0 63 252
0 75 189
63 63 252
0 68 252
0 63 252
0 76 189
63 64 252
0 72 252
0 64 252
0 77 189
63 65 252
0 72 252
0 65 252
0 79 189
63 67 252
0 72 252
0 67 252
0 80 189
63 68 252
0 72 252
0 68 252
0 81 189
63 69 252
0 72 252
0 69 252
0 82 189
63 70 252
0 77 252
0 70 252
0 84 189
63 72 252
0 77 252
0 72 252
0 85 189
63 73 252
0 77 252
0 73 252
0 86 189
63 74 252
0 77 252
0 74 252
0 87 189
63 75 252
0 82 252
0 75 252
0 88 189
63 76 252
0 82 252
0 76 252
252 80 252
0 84 252
0 80 252
0 89 189
63 80 252
0 84 252
0 80 252
252 77 252
0 80 252
0 77 252
0 86 189
63 77 252
0 80 252
0 77 252
0 79 189
315 87 1008
0 86 252
0 87 252
0 89 252
0 87 252
0 86 252
0 84 252
0 83 252
0 84 252
0 86 252
0 84 252
0 82 252
0 80 252
0 79 252
0 77 252
0 76 252
0 77 252
0 79 252
0 77 252
0 75 252
0 74 252
0 72 252
0 70 252
0 69 252
0 70 252
0 72 252
0 68 252
0 67 189
315 75 1008
0 86 252
0 87 252
0 89 252
0 87 252
0 86 252
0 84 252
0 83 252
0 84 252
0 86 252
0 84 252
0 82 252
0 80 252
0 79 252
0 77 252
0 76 252
0 77 252
0 79 252
0 77 252
0 75 252
0 74 252
0 72 252
0 70 252
0 69 252
0 70 252
0 72 252
0 70 252
0 75 252
252 63 1008
0 61 252
252 60 252
252 67 252
252 68 252
252 68 252
252 67 252
252 75 1008
0 73 252
252 72 252
252 79 252
252 80 252
252 80 252
252 87 2016
0 67 2016
0 87 2016
0 67 2016
0 87 2016
0 72 2016
0 84 2016
0 53 2016
0 60 1512
0 58 189
315 56 189
315 64 189
315 65 189
315 62 189
315 63 189
315 64 1008
0 70 189
315 68 189
315 76 189
315 77 189
315 74 189
315 72 1008
0 67 1008
0 67 1008
0 65 1008
0 63 1008
0 66 1008
0 69 1008
0 62 1008
0 60 189
315 60 1008
0 58 189
315 56 189
315 64 189
315 65 189
315 62 189
315 63 189
315 64 1008
0 70 189
315 68 189
315 76 189
315 77 189
315 74 189
315 72 1008
0 67 1008
0 67 1008
0 65 1008
0 63 1008
0 66 1008
0 69 2016
0 62 504
504 67 1512
504 67 1260
0 77 252
0 74 252
0 71 252
0 67 252
0 65 252
0 62 252
0 59 252
0 60 252
0 63 252
0 60 252
0 55 252
0 54 252
0 60 252
0 56 252
0 54 252
0 55 504
504 67 1512
504 67 1260
0 77 252
0 74 252
0 71 252
0 67 252
0 65 252
0 62 252
0 59 252
0 60 252
0 63 252
0 60 252
0 55 252
0 54 252
0 60 252
0 56 252
0 54 252
0 55 504
0 66 189
315 67 189
315 66 189
315 67 189
315 72 189
315 71 189
315 84 189
315 83 252
1764 58 2016
0 60 504
0 73 189
315 72 189
315 73 189
315 72 189
315 79 189
315 80 189
315 85 189
315 84 252
1764 60 2016
0 62 504
0 69 189
315 70 189
315 75 189
315 74 189
315 81 189
315 82 189
315 87 189
315 86 252
756 75 1008
0 74 504
504 69 1008
0 70 504
504 63 1008
0 62 504
504 57 1008
0 58 504
0 57 504
0 58 504
0 57 504
0 58 504
0 57 504
0 58 504
0 57 504
504 46 252
252 51 252
252 53 252
252 54 252
252 70 252
252 75 252
252 77 252
126 70 126
0 78 1512
0 75 504
0 78 1512
0 75 504
0 74 504
0 46 252
252 53 252
252 54 252
252 56 252
252 70 504
0 80 504
0 78 504
0 78 126
0 80 126
0 78 252
0 77 504
0 77 126
0 78 126
0 77 252
0 75 504
0 75 126
0 77 126
0 75 252
0 74 504
0 72 252
252 74 252
252 75 504
0 46 252
252 51 252
252 53 252
252 54 252
252 70 252
252 75 252
252 77 252
126 70 126
0 78 1512
0 75 504
0 78 1512
0 75 504
0 72 504
0 44 252
252 51 252
252 53 252
252 54 252
252 68 504
0 78 504
0 77 504
0 77 126
0 78 126
0 77 252
0 75 504
0 75 126
0 77 126
0 75 252
0 73 504
0 73 126
0 75 126
0 73 252
0 72 504
0 70 252
252 72 252
252 73 504
0 44 252
252 49 252
252 51 252
252 53 252
252 68 252
252 73 252
252 75 252
126 68 126
0 77 1512
0 73 504
0 77 1512
0 73 504
0 72 504
0 44 252
252 51 252
252 53 252
252 54 252
252 68 504
0 78 504
0 77 504
0 77 126
0 78 126
0 77 252
0 75 504
0 75 126
0 77 126
0 75 252
0 73 504
0 73 126
0 75 126
0 73 252
0 72 504
0 70 252
252 72 252
252 73 504
0 49 504
0 56 504
0 47 252
252 46 252
252 70 504
0 80 504
0 78 504
0 78 126
0 80 126
0 78 252
0 77 504
0 77 126
0 78 126
0 77 252
0 75 504
0 75 126
0 77 126
0 75 252
0 74 504
0 72 252
252 74 252
252 75 504
0 51 504
0 58 504
0 49 252
252 48 252
252 72 504
0 82 504
0 80 504
0 80 126
0 82 126
0 80 252
0 79 504
0 79 126
0 80 126
0 79 252
0 77 504
0 77 126
0 79 126
0 77 252
0 76 504
0 74 504
0 76 504
0 79 126
0 80 126
0 79 252
0 77 504
0 77 126
0 79 126
0 77 252
0 75 504
0 75 126
0 77 126
0 75 252
0 74 504
0 72 504
0 74 504
0 77 126
0 79 126
0 77 252
0 75 504
0 75 126
0 77 126
0 75 252
0 74 504
0 74 126
0 75 126
0 74 252
0 72 504
0 72 126
0 74 126
0 72 252
0 71 504
0 72 126
0 74 126
0 72 252
0 70 504
0 70 189
315 70 189
315 72 126
0 74 126
0 72 252
0 70 504
0 70 189
315 70 189
567 63 252
0 67 252
0 63 252
0 75 504
0 67 252
0 63 252
0 67 252
0 63 252
0 67 252
0 63 252
0 75 504
0 67 252
0 63 252
252 63 252
0 67 252
0 63 252
0 75 504
0 67 252
0 63 252
0 67 252
0 63 252
0 67 252
0 63 252
0 75 504
0 67 252
0 63 252
0 75 189
63 63 252
0 68 252
0 63 252
0 76 189
63 64 252
0 72 252
0 64 252
0 77 189
63 65 252
0 72 252
0 65 252
0 79 189
63 67 252
0 72 252
0 67 252
0 80 189
63 68 252
0 72 252
0 68 252
0 81 189
63 69 252
0 72 252
0 69 252
0 82 189
63 70 252
0 77 252
0 70 252
0 84 189
63 72 252
0 77 252
0 72 252
0 85 189
63 73 252
0 77 252
0 73 252
0 86 189
63 74 252
0 77 252
0 74 252
0 87 189
63 75 252
0 82 252
0 75 252
0 83 189
63 71 252
0 75 252
0 71 252
252 72 252
0 75 252
0 72 252
0 84 189
63 72 252
0 75 252
0 72 252
252 65 252
0 68 252
0 65 252
0 74 189
63 65 252
0 68 252
0 65 252
252 63 252
0 67 252
0 63 252
0 75 504
0 67 252
0 63 252
0 67 252
0 63 252
0 67 252
0 63 252
0 75 504
0 67 252
0 63 252
252 63 252
0 67 252
0 63 252
0 75 504
0 67 252
0 63 252
0 67 252
0 63 252
0 67 252
0 63 252
0 75 504
0 67 252
0 63 252
0 75 189
63 63 252
0 68 252
0 63 252
0 76 189
63 64 252
0 72 252
0 64 252
0 77 189
63 65 252
0 72 252
0 65 252
0 79 189
63 67 252
0 72 252
0 67 252
0 80 189
63 68 252
0 72 252
0 68 252
0 81 189
63 69 252
0 72 252
0 69 252
0 82 189
63 70 252
0 77 252
0 70 252
0 84 189
63 72 252
0 77 252
0 72 252
0 85 189
63 73 252
0 77 252
0 73 252
0 86 189
63 74 252
0 77 252
0 74 252
0 87 189
63 75 252
0 82 252
0 75 252
0 88 189
63 76 252
0 82 252
0 76 252
252 80 252
0 84 252
0 80 252
0 89 189
63 80 252
0 84 252
0 80 252
252 77 252
0 80 252
0 77 252
0 86 189
63 77 252
0 80 252
0 77 252
0 79 189
315 87 1008
0 86 252
0 87 252
0 89 252
0 87 252
0 86 252
0 84 252
0 83 252
0 84 252
0 86 252
0 84 252
0 82 252
0 80 252
0 79 252
0 77 252
0 76 252
0 77 252
0 79 252
0 77 252
0 75 252
0 74 252
0 72 252
0 70 252
0 69 252
0 70 252
0 72 252
0 68 252
0 67 189
315 75 1008
0 86 252
0 87 252
0 89 252
0 87 252
0 86 252
0 84 252
0 83 252
0 84 252
0 86 252
0 84 252
0 82 252
0 80 252
0 79 252
0 77 252
0 76 252
0 77 252
0 79 252
0 77 252
0 75 252
0 74 252
0 72 252
0 70 252
0 69 252
0 70 252
0 72 252
0 70 252
0 75 252
252 63 1008
0 61 252
252 60 252
252 67 252
252 68 252
252 68 252
252 67 252
252 75 1008
0 73 252
252 72 252
252 79 252
252 80 252
252 80 252
252 87 2016
0 67 2016
0 87 2016
0 67 2016
0 87 2016
0 72 2016
0 84 2016
0 57 2016
0 55 2772
0 62 239
12 62 756
0 62 239
12 64 2016
0 66 1008
1008 66 2772
0 69 239
12 66 756
0 69 239
12 75 2016
0 67 1008
1008 66 2772
0 69 239
12 66 756
0 69 239
12 75 2016
0 64 2016
0 63 2016
0 59 2016
0 57 2016
0 54 2016
0 64 189
315 69 189
315 67 189
315 69 189
315 67 189
315 75 189
315 76 189
315 81 189
315 79 504
504 64 504
1008 64 189
315 66 189
315 67 189
315 67 1008
0 66 504
1008 66 189
315 67 189
315 69 189
315 69 189
315 67 189
315 66 189
315 67 189
315 66 189
315 73 189
315 74 189
315 79 189
315 78 504
504 66 504
1008 66 189
315 67 189
315 69 189
315 69 1008
0 67 504
1008 67 189
315 69 189
315 70 189
315 70 478
315 70 25
0 70 478
0 70 25
0 70 478
0 70 25
0 70 478
0 70 25
0 70 478
0 70 25
0 70 478
0 70 25
0 70 478
0 70 25
0 70 478
0 70 25
0 70 478
0 70 25
0 70 478
0 70 25
0 70 478
0 70 25
0 70 478
0 70 25
0 70 478
0 70 25
0 70 478
0 70 25
0 70 478
0 70 25
0 70 478
0 70 25
0 69 478
0 69 25
0 69 478
0 69 25
0 69 478
0 69 25
0 69 478
0 69 25
0 69 478
0 69 25
0 69 478
0 69 25
0 69 478
0 69 25
0 69 478
0 69 25
0 69 478
0 69 25
0 69 478
0 69 25
0 69 478
0 69 25
0 69 478
0 69 25
0 69 478
0 69 25
0 69 478
0 69 25
0 69 478
0 69 25
0 69 478
0 69 25
0 68 478
0 68 25
0 68 478
0 68 25
0 68 478
0 68 25
0 68 478
0 68 25
0 68 478
0 68 25
0 68 478
0 68 25
0 68 478
0 68 25
0 68 478
0 68 25
0 68 478
0 68 25
0 68 478
0 68 25
0 68 478
0 68 25
0 68 478
0 68 25
0 68 478
0 68 25
0 67 478
0 67 25
0 67 478
0 67 25
0 65 478
0 65 25
0 65 478
0 65 25
0 64 478
0 64 25
0 64 478
0 64 25
0 61 478
0 61 25
0 61 478
0 61 25
0 60 478
0 60 25
0 60 478
0 60 25
0 58 478
0 58 25
0 58 478
0 58 25
0 56 478
0 56 25
0 56 478
0 56 25
0 55 478
0 55 25
0 55 478
0 55 25
0 53 478
0 53 25
0 53 478
0 53 25
0 51 478
0 51 25
0 51 478
0 51 25
0 50 478
0 50 25
0 50 478
0 50 25
0 51 478
0 51 25
0 51 478
0 51 25
0 50 478
0 50 25
0 50 478
0 50 25
0 48 478
0 48 25
0 47 504
504 49 252
0 56 252
0 52 252
0 49 252
0 50 252
0 56 252
0 53 252
0 50 252
0 48 252
0 56 252
0 51 252
0 48 252
0 47 252
0 55 252
0 50 252
0 47 252
0 49 252
0 56 252
0 52 252
0 49 252
0 50 252
0 56 252
0 53 252
0 50 252
0 48 252
0 56 252
0 51 252
0 48 252
0 47 504
0 64 189
315 65 189
315 64 189
315 65 189
315 73 189
315 74 189
315 76 189
315 77 189
315 85 189
315 86 2016
0 84 126
0 89 126
0 87 126
0 89 126
0 87 126
0 89 126
0 87 126
0 89 126
0 83 504
504 49 252
0 56 252
0 52 252
0 49 252
0 50 252
0 56 252
0 53 252
0 50 252
0 48 252
0 56 252
0 51 252
0 48 252
0 47 252
0 55 252
0 50 252
0 47 252
0 49 252
0 56 252
0 52 252
0 49 252
0 50 252
0 56 252
0 53 252
0 50 252
0 48 252
0 56 252
0 51 252
0 48 252
0 47 504
0 64 189
315 65 189
315 64 189
315 65 189
315 73 189
315 74 189
315 76 189
315 77 189
315 85 189
315 86 2016
0 84 126
0 89 126
0 87 126
0 89 126
0 87 84
0 89 84
0 87 84
0 86 126
0 87 126
0 83 189
315 85 189
315 86 2016
0 84 126
0 89 126
0 87 126
0 89 126
0 87 84
0 89 84
0 87 84
0 86 126
0 87 126
0 83 189
315 85 189
315 86 2016
0 84 126
0 89 126
0 87 126
0 89 126
0 87 84
0 89 84
0 87 84
0 86 126
0 87 126
0 83 252
0 89 252
0 86 252
0 84 252
0 83 252
0 89 252
0 86 252
0 84 252
0 83 252
0 89 252
0 86 252
0 84 252
0 83 252
0 86 252
0 83 252
0 79 252
0 80 252
0 82 252
0 80 252
0 79 252
0 77 252
0 80 252
0 77 252
0 75 252
0 74 252
0 77 252
0 74 252
0 72 252
0 71 252
0 74 252
0 71 252
0 67 252
0 68 252
0 70 252
0 68 252
0 67 252
0 65 252
0 68 252
0 65 252
0 63 252
0 62 252
0 65 252
0 62 252
0 60 252
0 59 252
0 62 252
0 59 252
0 55 252
0 56 252
0 58 252
0 56 252
0 55 252
0 53 252
0 51 252
0 50 252
0 48 252
0 47 252
0 48 252
0 47 252
0 44 252
0 43 252
0 41 252
0 39 252
0 38 252
0 60 1512
0 58 189
315 56 189
315 64 189
315 65 189
315 62 189
315 63 189
315 64 1008
0 70 189
315 68 189
315 76 189
315 77 189
315 74 189
315 72 1008
0 67 1008
0 67 1008
0 65 1008
0 63 1008
0 66 1008
0 69 1008
0 62 1008
0 60 189
315 60 1008
0 58 189
315 56 189
315 64 189
315 65 189
315 62 189
315 63 189
315 64 1008
0 70 189
315 68 189
315 76 189
315 77 189
315 74 189
315 72 1008
0 68 1008
0 68 1008
0 66 1008
0 65 1008
0 70 1008
0 61 1008
0 60 1008
0 62 1008
0 70 1008
0 70 1008
0 68 1008
0 66 1008
0 63 1008
0 63 1008
0 62 1008
0 64 1008
0 72 1008
0 72 1008
0 70 1008
0 68 1008
0 73 1008
0 65 1008
0 65 1008
0 64 504
0 59 504
0 60 504
0 59 504
0 60 504
0 59 504
0 60 504
0 59 504
504 48 252
252 53 252
252 55 252
252 56 252
252 72 252
252 77 252
252 79 252
126 72 126
0 80 1512
0 77 504
0 80 1512
0 77 504
0 76 504
0 48 252
252 55 252
252 56 252
252 58 252
252 72 504
0 82 504
0 80 504
0 80 126
0 82 126
0 80 252
0 79 504
0 79 126
0 80 126
0 79 252
0 77 504
0 77 126
0 79 126
0 77 252
0 76 504
0 74 252
252 76 252
252 77 504
0 48 252
252 53 252
252 55 252
252 56 252
252 72 252
252 77 252
252 80 252
126 72 126
0 84 1512
0 77 336
42 77 126
0 89 1512
0 84 504
0 83 504
0 43 252
252 50 252
252 51 252
252 53 252
252 67 504
0 77 504
0 75 504
0 75 126
0 77 126
0 75 252
0 74 504
0 74 126
0 75 126
0 74 252
0 72 504
0 72 126
0 74 126
0 72 252
0 71 504
0 69 252
252 71 252
252 72 504
0 43 252
252 48 252
252 50 252
252 51 252
252 79 252
252 84 252
252 86 252
126 79 126
0 87 1512
0 84 504
0 87 1512
0 84 504
0 83 504
0 43 252
252 50 252
252 51 252
252 53 252
252 79 504
0 89 504
0 87 504
0 87 126
0 89 126
0 87 252
0 86 504
0 86 126
0 87 126
0 86 252
0 84 504
0 84 126
0 86 126
0 84 252
0 83 504
0 81 252
252 83 252
252 86 126
0 87 126
0 86 252
0 84 504
0 84 126
0 86 126
0 84 252
0 82 504
0 82 126
0 84 126
0 82 252
0 81 504
0 79 252
252 81 252
252 84 126
0 85 126
0 84 252
0 82 504
0 82 126
0 84 126
0 82 252
0 80 504
0 80 126
0 82 126
0 80 252
0 79 504
0 77 252
252 79 252
252 82 126
0 84 126
0 82 252
0 80 504
0 80 126
0 82 126
0 80 252
0 79 504
0 79 126
0 80 126
0 79 252
0 78 504
0 78 252
252 78 252
252 80 126
0 82 126
0 80 252
0 79 504
0 79 252
252 79 252
252 80 126
0 82 126
0 80 252
0 79 504
0 79 252
252 79 252
504 60 252
0 63 252
0 60 252
0 72 504
0 63 252
0 60 252
0 63 252
0 60 252
0 63 252
0 60 252
0 72 504
0 63 252
0 60 252
252 61 252
0 64 252
0 61 252
0 73 504
0 64 252
0 61 252
0 64 252
0 61 252
0 64 252
0 61 252
0 73 504
0 64 252
0 61 252
0 72 189
63 60 252
0 65 252
0 60 252
0 76 189
63 64 252
0 72 252
0 64 252
0 77 189
63 65 252
0 72 252
0 65 252
0 79 189
63 67 252
0 72 252
0 67 252
0 80 189
63 68 252
0 72 252
0 68 252
0 81 189
63 69 252
0 72 252
0 69 252
0 83 189
63 71 252
0 77 252
0 71 252
0 84 189
63 72 252
0 77 252
0 72 252
0 86 189
63 74 252
0 77 252
0 74 252
0 88 189
63 76 252
0 79 252
0 76 252
0 89 189
63 77 252
0 80 252
0 77 252
0 86 189
63 77 252
0 80 252
0 77 252
252 75 252
0 79 252
0 75 252
0 84 189
63 75 252
0 79 252
0 75 252
252 74 252
0 77 252
0 74 252
0 83 189
63 74 252
0 77 252
0 74 252
252 60 252
0 63 252
0 60 252
0 72 504
0 63 252
0 60 252
0 63 252
0 60 252
0 63 252
0 60 252
0 72 504
0 63 252
0 60 252
252 61 252
0 64 252
0 61 252
0 73 504
0 64 252
0 61 252
0 64 252
0 61 252
0 64 252
0 61 252
0 73 504
0 64 252
0 61 252
0 72 189
63 60 252
0 65 252
0 60 252
0 76 189
63 64 252
0 72 252
0 64 252
0 77 189
63 65 252
0 72 252
0 65 252
0 79 189
63 67 252
0 72 252
0 67 252
0 80 189
63 68 252
0 72 252
0 68 252
0 81 189
63 69 252
0 72 252
0 69 252
0 83 189
63 71 252
0 77 252
0 71 252
0 84 189
63 72 252
0 77 252
0 72 252
0 86 189
63 74 252
0 77 252
0 74 252
0 88 189
63 76 252
0 79 252
0 76 252
0 89 189
63 77 252
0 80 252
0 77 252
0 86 189
63 77 252
0 80 252
0 77 252
252 75 252
0 79 252
0 75 252
0 84 189
63 75 252
0 79 252
0 75 252
252 74 252
0 77 252
0 74 252
0 83 189
63 74 252
0 77 252
0 74 252
0 72 189
315 84 1008
0 83 252
0 84 252
0 86 252
0 84 252
0 82 252
0 80 252
0 79 252
0 80 252
0 82 252
0 80 252
0 79 252
0 77 252
0 75 252
0 74 252
0 73 252
0 74 252
0 75 252
0 74 252
0 72 252
0 71 252
0 68 252
0 67 252
0 66 252
0 67 252
0 68 252
0 65 252
0 63 189
315 72 1008
0 83 252
0 84 252
0 86 252
0 84 252
0 82 252
0 80 252
0 79 252
0 80 252
0 82 252
0 80 252
0 79 252
0 77 252
0 75 252
0 74 252
0 73 252
0 74 252
0 75 252
0 74 252
0 72 252
0 71 252
0 68 252
0 67 252
0 66 252
0 67 252
0 68 252
0 67 252
0 72 252
252 60 1008
0 58 252
252 56 252
252 64 252
252 65 252
252 62 252
252 63 252
252 64 1008
0 70 252
252 68 252
252 76 252
252 77 252
252 74 252
252 72 2016
0 60 2016
0 72 2016
0 60 2016
0 81 2016
0 60 2016
2772 66 239
12 66 756
0 66 239
12 66 2016
0 67 1008
2772 74 252
0 71 756
0 74 239
12 80 2016
0 72 1008
2772 70 252
0 72 756
0 73 239
12 73 2016
0 72 1008
0 70 1008
0 68 1008
0 67 1008
0 65 1008
0 63 1008
1008 65 1008
2016 60 1512
0 58 189
315 56 189
315 64 189
315 65 189
315 62 189
315 63 189
315 64 1008
0 70 189
315 68 189
315 76 189
315 77 189
315 74 189
315 75 1008
0 72 1008
0 72 1008
0 72 1008
0 75 504
1512 66 504
1512 75 504
1512 50 504
1512 55 504
