47378 81 73
0 79 73
0 81 73
0 79 73
0 81 73
0 79 73
0 81 73
0 79 73
0 81 73
0 79 73
0 81 73
0 79 73
0 81 73
0 79 73
0 81 73
0 79 73
0 81 73
0 79 73
0 81 73
0 79 73
0 81 73
0 79 73
0 81 73
0 79 73
0 81 73
0 79 73
0 81 73
0 79 73
0 81 73
0 79 73
0 81 73
0 79 73
0 81 73
0 79 73
0 81 73
0 79 73
0 81 73
0 79 73
0 81 73
0 79 73
0 81 73
0 79 73
0 81 73
0 79 73
0 81 73
0 79 73
0 81 73
0 79 73
0 81 73
0 79 73
0 81 73
0 79 73
0 81 73
0 79 73
0 81 73
0 79 73
0 81 73
0 79 73
0 81 73
0 79 73
0 81 73
0 79 73
0 81 73
0 79 73
0 81 73
0 79 73
0 81 73
0 79 73
0 81 73
0 79 73
0 81 73
0 79 73
0 81 73
0 79 73
0 81 73
0 79 73
0 81 73
0 79 73
0 81 73
0 79 73
0 81 73
0 79 73
0 78 73
0 79 73
93003 81 73
0 79 73
0 81 73
0 79 73
0 81 73
0 79 73
0 81 73
0 79 73
0 81 73
0 79 73
0 81 73
0 79 73
0 81 73
0 79 73
0 81 73
0 79 73
0 81 73
0 79 73
0 81 73
0 79 73
0 81 73
0 79 73
0 81 73
0 79 73
0 81 73
0 79 73
0 81 73
0 79 73
0 81 73
0 79 73
0 81 73
0 79 73
0 81 73
0 79 73
0 81 73
0 79 73
0 81 73
0 79 73
0 81 73
0 79 73
0 81 73
0 79 73
0 81 73
0 79 73
0 81 73
0 79 73
0 81 73
0 79 73
0 81 73
0 79 73
0 81 73
0 79 73
0 81 73
0 79 73
0 81 73
0 79 73
0 81 73
0 79 73
0 81 73
0 79 73
0 81 73
0 79 73
0 81 73
0 79 73
0 81 73
0 79 73
0 81 73
0 79 73
0 81 73
0 79 73
0 81 73
0 79 73
0 81 73
0 79 73
0 81 73
0 79 73
0 81 73
0 79 73
0 81 73
0 79 73
0 81 73
0 79 73
0 78 73
0 79 73
142136 81 73
0 79 73
0 81 73
0 79 73
0 81 73
0 79 73
0 81 73
0 79 73
0 81 73
0 79 73
0 81 73
0 79 73
0 81 73
0 79 73
0 81 73
0 79 73
0 81 73
0 79 73
0 81 73
0 79 73
0 81 73
0 79 73
0 81 73
0 79 73
0 81 73
0 79 73
0 81 73
0 79 73
0 81 73
0 79 73
0 81 73
0 79 73
0 81 73
0 79 73
0 81 73
0 79 73
0 81 73
0 79 73
0 81 73
0 79 73
0 81 73
0 79 73
0 81 73
0 79 73
0 81 73
0 79 73
0 81 73
0 79 73
0 81 73
0 79 73
0 81 73
0 79 73
0 81 73
0 79 73
0 81 73
0 79 73
0 81 73
0 79 73
0 81 73
0 79 73
0 81 73
0 79 73
0 81 73
0 79 73
0 81 73
0 79 73
0 81 73
0 79 73
0 81 73
0 79 73
0 81 73
0 79 73
0 81 73
0 79 73
0 81 73
0 79 73
0 81 73
0 79 73
0 81 73
0 79 73
0 81 73
0 79 73
0 78 73
0 79 73
116692 79 73
0 81 73
0 79 73
0 81 73
0 79 73
0 81 73
0 79 73
0 81 73
0 79 73
0 81 73
0 79 73
0 81 73
0 79 73
0 81 73
0 79 73
0 81 73
0 79 73
0 81 73
0 79 73
0 81 73
0 79 73
0 81 73
0 79 73
0 81 73
0 79 73
0 81 73
0 79 73
0 81 73
0 79 73
0 81 73
0 79 73
0 81 73
0 79 73
0 81 73
0 79 73
0 81 73
0 79 73
0 81 73
0 79 73
0 81 73
0 79 73
0 81 73
0 79 73
0 81 73
0 79 73
0 81 73
0 79 73
0 81 73
0 79 73
0 81 73
0 79 73
0 81 73
0 79 73
0 81 73
0 79 73
0 81 73
0 79 73
0 81 73
0 79 73
0 81 73
0 79 73
0 81 73
0 79 73
0 81 73
0 79 73
0 81 73
0 79 73
0 81 73
0 79 73
0 81 73
0 79 73
0 81 73
0 79 73
0 81 73
0 79 73
0 81 73
0 79 73
0 81 73
0 79 73
0 81 73
0 79 73
0 81 73
0 79 73
0 81 73
0 79 73
0 81 73
0 79 73
0 81 73
0 79 73
0 81 73
0 79 73
0 81 73
0 79 73
0 81 73
0 79 73
0 81 73
0 79 73
0 81 73
0 79 73
0 81 73
0 79 73
0 81 73
0 79 73
0 81 73
0 79 73
0 81 73
0 79 73
0 81 73
0 79 73
0 81 73
0 79 73
0 81 73
0 79 73
0 81 73
0 79 73
0 81 73
0 79 73
0 81 73
0 79 73
0 81 73
0 79 73
0 81 73
0 79 73
0 81 73
0 79 73
0 81 73
73 81 73
0 79 73
0 81 73
0 79 73
0 81 73
0 79 73
0 81 73
0 79 73
0 81 73
0 79 73
0 81 73
0 79 73
0 81 73
0 79 73
0 81 73
0 79 73
0 81 73
0 79 73
0 81 73
0 79 73
0 81 73
0 79 73
0 81 73
0 79 73
0 81 73
0 79 73
0 81 73
0 79 73
0 81 73
0 79 73
0 81 73
0 79 73
0 81 73
0 79 73
0 81 73
0 79 73
0 81 73
0 79 73
0 81 73
0 79 73
0 81 73
0 79 73
0 81 73
0 79 73
0 81 73
0 79 73
0 81 73
0 79 73
0 81 73
0 79 73
0 81 73
0 79 73
0 81 73
0 79 73
0 81 73
0 79 73
0 81 73
0 79 73
0 81 73
0 79 73
0 81 73
0 79 73
0 81 73
0 79 73
0 81 73
0 80 73
0 79 73
0 80 73
0 79 73
0 80 73
0 79 73
0 80 73
0 79 73
0 80 73
0 79 73
0 80 73
0 79 73
0 80 73
0 79 73
0 80 73
0 79 73
0 80 73
0 79 73
0 80 73
0 79 73
0 80 73
0 79 73
0 80 73
0 79 73
0 80 73
0 79 73
0 80 73
0 79 73
0 80 73
0 79 73
0 80 73
0 79 73
0 80 73
0 79 73
0 80 73
0 79 73
0 80 73
0 79 73
0 80 73
0 79 73
0 80 73
0 79 73
0 80 73
0 79 73
0 80 73
0 79 73
0 77 73
0 79 73
0 80 73
0 82 73
0 80 73
0 82 73
0 80 73
0 82 73
0 75 73
0 77 73
0 75 73
0 77 73
0 75 73
0 77 73
0 75 73
0 77 73
0 75 73
0 77 73
0 75 73
0 77 73
0 75 73
0 77 73
0 75 73
0 77 73
0 75 73
0 77 73
0 75 73
0 77 73
0 75 73
0 77 73
0 75 73
0 77 73
0 75 73
0 77 73
0 75 73
0 77 73
0 75 73
0 77 73
0 75 73
0 77 73
0 75 73
0 77 73
0 75 73
0 77 73
0 76 73
0 77 73
0 76 73
0 77 54
0 76 54
0 77 54
0 77 50
4 77 73
0 79 73
0 77 73
0 79 73
0 77 73
0 79 73
0 73 73
0 72 73
0 73 73
0 72 73
0 73 73
0 72 73
0 73 73
0 72 73
0 73 73
0 72 73
0 73 73
0 72 73
0 73 73
0 72 73
0 73 73
0 72 73
0 73 73
0 72 73
0 73 73
0 72 73
0 73 73
0 72 73
0 73 73
0 72 73
0 73 73
0 72 73
0 73 73
0 72 73
0 73 73
0 72 73
0 73 73
0 72 73
0 73 73
0 72 73
0 73 73
0 72 73
0 73 73
0 72 73
0 73 73
0 72 73
0 73 73
0 72 73
0 73 73
0 72 73
0 73 73
0 72 73
0 73 73
0 72 73
0 73 73
0 72 73
0 73 73
0 72 73
0 73 73
0 72 73
0 73 73
0 72 73
0 73 73
0 72 73
0 73 73
0 72 73
0 73 73
0 72 73
0 73 73
0 72 73
0 73 73
0 72 73
0 74 73
0 72 73
0 74 73
0 72 73
0 74 73
0 72 73
0 74 73
0 72 73
0 74 73
0 72 73
0 74 73
0 72 73
0 74 73
0 72 73
0 74 73
0 72 73
0 74 73
0 72 73
0 74 73
0 72 73
0 74 73
0 72 73
0 74 73
0 72 73
0 74 73
0 72 73
0 74 73
0 72 73
0 74 73
0 72 73
0 74 73
0 72 73
0 74 73
0 72 73
0 74 73
0 72 73
0 74 73
0 72 73
0 74 73
0 72 73
0 74 73
0 72 73
0 74 73
0 72 73
0 74 73
0 72 54
0 74 54
0 72 54
0 74 54
0 72 73
0 74 73
0 76 73
0 74 73
0 76 73
0 74 73
0 76 73
0 74 73
0 76 73
0 74 73
0 76 73
0 74 73
0 76 73
0 74 73
0 76 73
0 74 73
0 76 73
0 74 73
0 76 73
0 74 73
0 76 73
0 74 73
0 76 73
0 74 73
0 76 73
0 74 73
0 76 73
0 74 73
0 76 73
0 74 73
0 76 73
0 74 73
0 76 73
0 74 73
0 76 73
0 74 73
0 76 73
0 74 73
0 76 73
0 74 73
0 76 73
0 74 73
0 76 73
0 74 73
0 76 73
0 74 73
0 76 73
0 74 73
