1008 48 756
0 48 252
0 57 1008
1008 57 756
0 57 252
0 63 1008
1008 56 957
50 59 957
50 56 2016
1008 59 756
0 59 252
0 67 1008
1008 61 756
0 61 252
0 70 1008
1008 66 957
50 66 957
50 59 2016
1008 65 756
0 65 252
0 71 1008
1008 71 756
0 71 252
0 77 2016
0 76 1008
0 79 1008
0 64 2016
2016 65 957
50 69 957
50 65 2016
2016 58 1008
2016 55 1008
2016 57 957
50 57 957
50 57 2016
0 48 756
0 48 126
0 48 117
8 57 1512
0 55 462
42 57 462
42 58 462
42 59 504
0 60 1008
0 62 1008
0 58 252
0 57 252
0 55 504
0 66 462
42 67 462
42 69 462
42 70 462
42 78 462
42 79 462
42 81 462
42 82 462
546 48 756
0 48 126
0 48 126
0 58 1512
0 57 462
42 58 462
42 60 462
42 61 504
0 62 1008
0 60 1008
0 62 252
0 58 252
0 53 504
0 68 462
42 69 462
42 71 462
42 72 462
42 80 462
42 81 462
42 83 462
42 84 462
546 72 756
0 72 252
0 65 1764
0 77 252
0 67 1008
0 79 1008
0 64 722
33 70 105
21 70 105
21 70 21
0 65 252
0 68 252
0 69 252
0 72 252
0 65 1764
0 77 252
0 67 1008
0 79 1008
0 64 756
0 70 252
0 65 1008
1008 58 1008
2016 55 1008
1008 48 756
0 48 252
0 57 1008
1008 57 756
0 57 252
0 63 1008
0 64 957
50 59 957
50 59 957
50 56 957
50 55 957
50 55 957
50 55 1764
0 59 252
0 67 1008
1008 61 756
0 61 252
0 70 1008
0 71 957
50 66 957
50 66 957
50 59 957
50 50 957
50 50 957
50 53 1764
0 65 252
0 71 2016
0 71 756
0 71 252
0 77 1008
0 77 756
0 77 252
0 80 2016
0 77 756
0 77 252
0 86 1008
0 77 756
0 77 252
0 89 2016
0 77 756
0 77 252
0 89 1008
0 77 756
0 77 252
0 89 1764
0 77 252
0 89 252
504 74 252
0 86 252
504 71 252
0 83 252
504 65 252
0 77 252
504 62 252
0 74 252
504 59 252
0 71 252
504 53 252
0 65 252
504 50 252
0 62 252
504 47 252
0 59 957
50 47 957
50 47 957
50 47 2016
0 77 1008
0 76 1008
4032 76 1008
0 74 1008
1008 74 1008
0 79 1008
1008 79 1008
