125 48 94
31 48 94
31 48 94
31 48 94
31 48 94
31 48 94
31 48 94
31 48 94
31 48 94
31 48 94
31 48 94
31 48 94
31 48 94
31 50 94
31 50 94
31 50 376
0 59 62
0 57 62
0 55 62
408 85 31
0 86 314
0 84 62
0 83 62
0 81 62
0 79 125
376 46 94
31 46 94
31 46 94
31 46 94
31 46 94
31 46 94
31 46 94
31 46 94
31 46 94
31 46 94
31 46 94
31 46 94
31 46 94
31 46 94
31 48 94
31 48 94
31 48 376
0 57 62
0 55 62
0 53 62
408 83 31
0 84 314
0 82 62
0 80 62
0 79 62
0 77 125
345 88 31
0 89 753
0 89 62
0 87 62
0 86 62
0 84 62
0 83 62
0 84 62
0 86 62
0 87 62
0 89 62
0 87 62
0 86 62
0 84 62
0 83 62
0 84 62
0 86 62
0 87 62
0 89 62
0 87 62
0 86 62
0 84 62
0 83 62
0 84 62
0 86 62
0 87 62
0 89 62
0 87 62
0 86 62
0 84 62
0 83 62
0 80 62
0 79 62
0 77 62
0 75 62
0 74 62
0 72 62
0 71 62
0 72 94
157 67 94
157 63 94
157 60 94
157 55 1005
0 64 62
0 60 62
0 64 62
0 60 62
0 64 62
0 60 62
0 64 62
0 60 62
0 64 62
0 60 62
0 64 62
0 60 62
0 64 62
0 60 62
0 64 62
0 60 62
0 64 62
0 60 62
0 64 62
0 60 62
0 64 62
0 60 62
0 64 62
0 60 62
0 64 62
0 60 62
0 64 62
0 60 62
0 66 62
0 62 62
0 66 62
0 62 62
0 67 376
0 71 62
0 69 62
0 67 62
408 85 31
0 86 314
0 84 62
0 83 62
0 81 62
0 79 125
376 65 62
0 62 62
0 65 62
0 62 62
0 65 62
0 62 62
0 65 62
0 62 62
0 65 62
0 62 62
0 65 62
0 62 62
0 65 62
0 62 62
0 65 62
0 62 62
0 65 62
0 62 62
0 65 62
0 62 62
0 65 62
0 62 62
0 65 62
0 62 62
0 65 62
0 62 62
0 65 62
0 62 62
0 68 62
0 64 62
0 68 62
0 64 62
0 69 376
0 72 62
0 71 62
0 69 62
408 87 31
0 88 314
0 86 62
0 84 62
0 83 62
0 81 125
345 87 31
0 88 314
0 86 62
0 84 62
0 83 62
0 82 125
376 83 324
52 79 10
52 78 10
52 79 10
52 78 10
52 76 10
52 75 10
52 76 10
52 79 10
52 78 10
52 76 10
52 75 10
52 73 10
52 71 10
52 70 10
52 71 10
52 73 10
52 74 10
52 75 10
52 76 10
52 75 10
52 76 10
52 78 10
52 79 10
52 80 10
52 81 10
52 82 10
52 83 10
52 82 10
52 83 10
52 82 10
52 83 10
52 81 10
52 79 10
52 78 10
52 79 10
52 78 10
52 76 10
52 75 10
52 76 10
52 79 10
52 78 10
52 76 10
52 75 10
52 73 10
52 71 10
52 70 10
52 71 10
52 73 10
52 74 10
52 75 10
52 76 10
52 75 10
52 76 10
52 78 10
52 79 10
52 80 10
52 81 10
52 82 10
52 83 10
52 83 52
0 78 62
0 75 62
0 71 62
0 70 62
0 71 62
0 76 62
0 79 62
0 83 62
0 78 62
0 75 62
0 71 62
0 70 62
0 71 62
0 76 62
0 79 62
0 83 62
0 78 62
0 75 62
0 71 62
0 83 62
0 79 62
0 76 62
0 71 62
0 83 62
0 78 62
0 75 62
0 71 62
0 83 62
0 79 62
0 76 62
0 71 62
0 83 62
0 78 62
0 75 62
0 71 62
0 78 62
0 75 62
0 71 62
0 66 62
0 75 62
0 71 62
0 66 62
0 63 62
0 71 62
0 66 62
0 63 62
0 59 62
0 66 62
0 63 62
0 59 62
0 54 62
0 63 62
0 59 62
0 54 62
0 51 62
0 59 62
0 54 62
0 51 62
0 47 62
753 71 62
62 59 62
62 73 62
62 61 62
62 75 62
62 63 62
314 75 62
62 63 62
62 76 62
62 64 62
62 78 62
62 66 62
62 80 62
62 68 62
62 81 62
62 69 62
62 81 62
62 71 62
62 81 62
62 73 62
62 81 62
62 75 62
62 81 62
62 76 62
62 81 62
62 78 62
62 71 502
0 69 251
0 68 251
0 66 502
0 64 502
0 69 502
0 71 251
0 73 251
0 71 502
0 75 251
0 69 251
0 59 502
0 57 251
0 56 251
0 54 502
0 57 502
0 52 251
0 54 251
0 61 251
0 63 251
0 56 62
0 56 20
0 66 62
20 68 62
20 69 62
20 71 62
20 73 62
20 74 62
20 75 62
20 76 62
20 77 62
20 78 62
20 79 62
20 71 83
0 79 83
0 80 83
0 81 83
0 79 83
0 80 83
0 69 166
0 78 83
0 68 166
0 76 83
0 66 166
0 75 83
0 76 83
0 72 83
0 75 83
0 64 166
0 73 83
0 75 83
0 69 83
0 73 83
0 69 166
0 75 83
0 76 83
0 74 83
0 75 83
0 71 166
0 76 83
0 73 166
0 78 83
0 80 83
0 79 83
0 80 83
0 83 83
0 81 83
0 80 83
0 75 83
0 73 83
0 75 83
0 69 83
0 68 83
0 66 83
0 59 83
0 67 83
0 68 83
0 69 83
0 67 83
0 68 83
0 57 166
0 66 83
0 56 166
0 64 83
83 60 83
0 63 83
0 64 83
0 60 83
0 63 83
83 57 83
0 61 83
0 63 83
0 57 83
0 61 83
0 52 166
0 59 83
0 54 166
0 59 83
0 54 166
0 61 83
0 54 166
0 63 83
0 56 83
0 59 83
0 56 83
0 59 83
0 64 83
0 68 83
0 66 83
0 63 83
0 59 83
0 63 83
0 66 83
0 69 83
0 68 83
0 64 83
0 59 83
0 64 83
0 68 83
0 71 83
0 69 83
0 66 83
0 63 83
0 75 83
0 69 83
0 66 83
0 68 251
0 71 502
0 71 502
0 71 502
0 71 251
0 76 83
0 71 83
0 68 83
0 71 83
0 76 83
0 80 83
0 78 83
0 75 83
0 71 83
0 75 83
0 78 83
0 81 83
0 80 83
0 76 83
0 71 83
0 76 83
0 80 83
0 83 83
0 81 83
0 78 83
0 75 83
0 87 83
0 81 83
0 78 83
0 88 124
0 88 41
0 80 83
0 83 124
0 83 41
0 76 83
0 81 124
0 81 41
0 75 83
0 87 124
0 87 41
0 78 83
0 88 124
0 88 41
0 80 83
0 83 124
0 83 41
0 76 83
0 81 124
0 81 41
0 75 83
0 87 124
0 87 41
0 78 83
0 88 62
0 83 62
0 80 62
0 76 62
0 81 62
0 78 62
0 87 62
0 83 62
0 88 62
0 83 62
0 80 62
0 76 62
0 81 62
0 78 62
0 87 62
0 83 62
0 88 62
0 83 62
0 87 62
0 83 62
0 88 62
0 83 62
0 87 62
0 83 62
0 88 62
0 83 62
0 87 62
0 83 62
0 88 62
0 83 62
0 87 62
0 83 62
0 88 62
0 83 62
0 86 62
0 83 62
0 86 62
0 83 62
0 86 62
0 83 62
0 86 62
0 83 62
0 86 62
0 83 62
0 86 62
0 83 62
0 86 62
0 83 62
0 86 125
0 85 62
0 83 62
0 81 62
0 80 62
0 78 62
0 76 62
0 74 62
0 73 62
0 71 62
0 69 62
0 68 62
0 66 62
0 64 62
0 62 62
0 61 62
0 63 62
0 64 62
0 63 62
0 64 62
0 68 62
0 69 62
0 68 62
0 69 62
0 72 62
0 73 62
0 72 62
0 73 62
0 75 62
0 76 62
0 75 62
0 76 62
0 80 62
0 81 62
0 80 62
0 81 62
0 84 62
0 85 62
0 84 62
0 85 62
0 87 62
0 88 62
0 87 62
0 88 62
0 87 62
0 85 62
0 84 62
0 85 62
0 84 62
0 85 62
0 87 62
0 88 62
0 87 62
0 85 62
0 84 62
0 85 62
0 84 62
0 85 62
0 87 62
0 88 62
0 87 62
0 85 62
0 84 62
0 85 62
0 84 62
0 85 62
0 87 62
0 88 62
0 87 62
0 85 62
0 84 62
0 85 62
0 84 62
0 85 62
0 87 62
0 88 62
0 87 62
0 88 62
0 85 62
0 71 62
62 71 62
62 68 62
62 64 62
62 76 62
62 76 62
62 71 62
62 68 62
62 71 62
62 71 62
62 68 62
62 64 62
62 76 62
62 76 62
62 71 62
62 68 62
125 80 62
0 83 62
0 80 62
0 83 62
0 80 62
0 83 62
0 80 62
0 83 62
0 80 62
0 83 62
0 80 62
0 83 62
0 80 62
0 83 62
0 80 62
0 83 62
0 80 62
0 83 62
0 80 62
0 83 62
0 80 62
0 83 62
0 80 62
0 83 62
0 80 62
0 83 62
0 80 62
0 83 62
0 80 62
0 83 62
0 80 62
62 81 62
0 83 62
0 81 62
0 84 62
0 81 62
0 83 62
0 81 62
0 84 62
0 81 62
0 83 62
0 81 62
0 84 62
0 81 62
0 83 62
0 81 62
0 84 62
0 81 62
0 83 62
0 81 62
0 84 62
0 81 62
0 83 62
0 81 62
0 84 62
0 81 62
0 83 62
0 81 62
0 84 62
0 81 62
0 83 62
0 81 62
0 85 108
15 83 124
0 85 124
0 83 124
0 85 124
0 83 124
0 85 124
0 83 124
0 90 124
0 90 124
0 90 124
0 90 124
0 90 42
20 83 62
0 90 124
0 90 124
0 90 124
0 80 753
0 88 62
0 86 62
0 84 62
0 83 62
0 84 62
0 83 62
0 81 62
0 80 62
0 81 62
0 83 62
0 84 62
0 86 62
0 88 62
0 89 62
0 88 62
0 87 62
0 88 62
0 86 62
0 84 62
0 83 62
0 84 62
0 86 62
0 84 62
0 83 62
0 81 62
0 80 62
0 81 62
0 83 62
0 72 251
0 81 125
0 78 125
0 71 251
0 79 125
0 76 125
0 69 251
0 78 125
0 75 125
0 76 753
0 76 62
0 74 62
0 72 62
0 71 62
0 72 62
0 71 62
0 69 62
0 68 62
0 69 62
0 71 62
0 72 62
0 74 62
0 76 62
0 77 62
0 76 62
0 75 62
0 76 62
0 74 62
0 72 62
0 71 62
0 72 62
0 74 62
0 72 62
0 71 62
0 69 62
0 68 62
0 69 62
0 71 62
0 60 251
0 69 125
0 66 125
0 59 251
0 67 125
0 64 125
0 57 251
0 66 125
0 63 125
0 64 125
125 76 125
0 74 125
0 72 251
0 69 125
0 65 125
0 71 251
0 67 125
0 64 125
0 69 251
0 66 125
0 63 125
0 64 125
125 72 125
0 71 125
0 69 251
0 65 125
0 62 125
0 67 251
0 64 125
0 60 125
0 65 251
0 62 125
0 59 125
0 48 94
0 48 31
0 48 94
31 48 94
31 48 94
31 48 94
31 48 94
31 48 94
31 48 94
31 48 94
31 48 94
31 48 94
31 48 94
31 48 94
31 48 94
31 50 94
31 50 94
31 50 376
0 59 62
0 57 62
0 55 62
408 85 31
0 86 314
0 84 62
0 83 62
0 81 62
0 79 125
376 46 94
31 46 94
31 46 94
31 46 94
31 46 94
31 46 94
31 46 94
31 46 94
31 46 94
31 46 94
31 46 94
31 46 94
31 46 94
31 46 94
31 48 94
31 48 94
31 48 376
0 57 62
0 55 62
0 53 62
408 83 31
0 84 314
0 82 62
0 80 62
0 79 62
0 77 125
345 88 31
0 89 753
0 89 62
0 87 62
0 86 62
0 84 62
0 83 62
0 84 62
0 86 62
0 87 62
0 89 62
0 87 62
0 86 62
0 84 62
0 83 62
0 84 62
0 86 62
0 87 62
0 89 62
0 87 62
0 86 62
0 84 62
0 83 62
0 84 62
0 86 62
0 87 62
0 89 62
0 87 62
0 86 62
0 84 62
0 83 62
0 80 62
0 79 62
0 77 62
0 75 62
0 74 62
0 72 62
0 71 62
0 72 94
157 67 94
157 63 94
157 60 94
157 55 1005
0 64 62
0 60 62
0 64 62
0 60 62
0 64 62
0 60 62
0 64 62
0 60 62
0 64 62
0 60 62
0 64 62
0 60 62
0 64 62
0 60 62
0 64 62
0 60 62
0 64 62
0 60 62
0 64 62
0 60 62
0 64 62
0 60 62
0 64 62
0 60 62
0 64 62
0 60 62
0 64 62
0 60 62
0 66 62
0 62 62
0 66 62
0 62 62
0 67 376
0 71 62
0 69 62
0 67 62
408 85 31
0 86 314
0 84 62
0 83 62
0 81 62
0 79 125
376 65 62
0 62 62
0 65 62
0 62 62
0 65 62
0 62 62
0 65 62
0 62 62
0 65 62
0 62 62
0 65 62
0 62 62
0 65 62
0 62 62
0 65 62
0 62 62
0 65 62
0 62 62
0 65 62
0 62 62
0 65 62
0 62 62
0 65 62
0 62 62
0 65 62
0 62 62
0 65 62
0 62 62
0 68 62
0 64 62
0 68 62
0 64 62
0 69 376
0 72 62
0 71 62
0 69 62
408 87 31
0 88 314
0 86 62
0 84 62
0 83 62
0 81 125
345 87 31
0 88 314
0 86 62
0 84 62
0 83 62
0 82 125
376 83 324
52 79 10
52 78 10
52 79 10
52 78 10
52 76 10
52 75 10
52 76 10
52 79 10
52 78 10
52 76 10
52 75 10
52 73 10
52 71 10
52 70 10
52 71 10
52 73 10
52 74 10
52 75 10
52 76 10
52 75 10
52 76 10
52 78 10
52 79 10
52 80 10
52 81 10
52 82 10
52 83 10
52 82 10
52 83 10
52 82 10
52 83 10
52 81 10
52 79 10
52 78 10
52 79 10
52 78 10
52 76 10
52 75 10
52 76 10
52 79 10
52 78 10
52 76 10
52 75 10
52 73 10
52 71 10
52 70 10
52 71 10
52 73 10
52 74 10
52 75 10
52 76 10
52 75 10
52 76 10
52 78 10
52 79 10
52 80 10
52 81 10
52 82 10
52 83 10
52 83 52
0 78 62
0 75 62
0 71 62
0 70 62
0 71 62
0 76 62
0 79 62
0 83 62
0 78 62
0 75 62
0 71 62
0 70 62
0 71 62
0 76 62
0 79 62
0 83 62
0 78 62
0 75 62
0 71 62
0 83 62
0 79 62
0 76 62
0 71 62
0 83 62
0 78 62
0 75 62
0 71 62
0 83 62
0 79 62
0 76 62
0 71 62
0 83 62
0 78 62
0 75 62
0 71 62
0 78 62
0 75 62
0 71 62
0 66 62
0 75 62
0 71 62
0 66 62
0 63 62
0 71 62
0 66 62
0 63 62
0 59 62
0 66 62
0 63 62
0 59 62
0 54 62
0 63 62
0 59 62
0 54 62
0 51 62
0 59 62
0 54 62
0 51 62
0 47 62
753 71 62
62 59 62
62 73 62
62 61 62
62 75 62
62 63 62
314 75 62
62 63 62
62 76 62
62 64 62
62 78 62
62 66 62
62 80 62
62 68 62
62 81 62
62 69 62
62 81 62
62 71 62
62 81 62
62 73 62
62 81 62
62 75 62
62 81 62
62 76 62
62 81 62
62 78 62
62 71 502
0 69 251
0 68 251
0 66 502
0 64 502
0 69 502
0 71 251
0 73 251
0 71 502
0 75 251
0 69 251
0 59 502
0 57 251
0 56 251
0 54 502
0 57 502
0 52 251
0 54 251
0 61 251
0 63 251
0 56 62
0 56 20
0 66 62
20 68 62
20 69 62
20 71 62
20 73 62
20 74 62
20 75 62
20 76 62
20 77 62
20 78 62
20 79 62
20 71 83
0 79 83
0 80 83
0 81 83
0 79 83
0 80 83
0 69 166
0 78 83
0 68 166
0 76 83
0 66 166
0 75 83
0 76 83
0 72 83
0 75 83
0 64 166
0 73 83
0 75 83
0 69 83
0 73 83
0 69 166
0 75 83
0 76 83
0 74 83
0 75 83
0 71 166
0 76 83
0 73 166
0 78 83
0 80 83
0 79 83
0 80 83
0 83 83
0 81 83
0 80 83
0 75 83
0 73 83
0 75 83
0 69 83
0 68 83
0 66 83
0 59 83
0 67 83
0 68 83
0 69 83
0 67 83
0 68 83
0 57 166
0 66 83
0 56 166
0 64 83
83 60 83
0 63 83
0 64 83
0 60 83
0 63 83
83 57 83
0 61 83
0 63 83
0 57 83
0 61 83
0 52 166
0 59 83
0 54 166
0 59 83
0 54 166
0 61 83
0 54 166
0 63 83
0 56 83
0 59 83
0 56 83
0 59 83
0 64 83
0 68 83
0 66 83
0 63 83
0 59 83
0 63 83
0 66 83
0 69 83
0 68 83
0 64 83
0 59 83
0 64 83
0 68 83
0 71 83
0 69 83
0 66 83
0 63 83
0 75 83
0 69 83
0 66 83
0 68 251
0 71 502
0 71 502
0 71 502
0 71 251
0 76 83
0 71 83
0 68 83
0 71 83
0 76 83
0 80 83
0 78 83
0 75 83
0 71 83
0 75 83
0 78 83
0 81 83
0 80 83
0 76 83
0 71 83
0 76 83
0 80 83
0 83 83
0 81 83
0 78 83
0 75 83
0 87 83
0 81 83
0 78 83
0 88 124
0 88 41
0 80 83
0 83 124
0 83 41
0 76 83
0 81 124
0 81 41
0 75 83
0 87 124
0 87 41
0 78 83
0 88 124
0 88 41
0 80 83
0 83 124
0 83 41
0 76 83
0 81 124
0 81 41
0 75 83
0 87 124
0 87 41
0 78 83
0 88 62
0 83 62
0 80 62
0 76 62
0 81 62
0 78 62
0 87 62
0 83 62
0 88 62
0 83 62
0 80 62
0 76 62
0 81 62
0 78 62
0 87 62
0 83 62
0 88 62
0 83 62
0 87 62
0 83 62
0 88 62
0 83 62
0 87 62
0 83 62
0 88 62
0 83 62
0 87 62
0 83 62
0 88 62
0 83 62
0 87 62
0 83 62
0 88 62
0 83 62
0 86 62
0 83 62
0 86 62
0 83 62
0 86 62
0 83 62
0 86 62
0 83 62
0 86 62
0 83 62
0 86 62
0 83 62
0 86 62
0 83 62
0 86 125
0 85 62
0 83 62
0 81 62
0 80 62
0 78 62
0 76 62
0 74 62
0 73 62
0 71 62
0 69 62
0 68 62
0 66 62
0 64 62
0 62 62
0 61 62
0 63 62
0 64 62
0 63 62
0 64 62
0 68 62
0 69 62
0 68 62
0 69 62
0 72 62
0 73 62
0 72 62
0 73 62
0 75 62
0 76 62
0 75 62
0 76 62
0 80 62
0 81 62
0 80 62
0 81 62
0 84 62
0 85 62
0 84 62
0 85 62
0 87 62
0 88 62
0 87 62
0 88 62
0 87 62
0 85 62
0 84 62
0 85 62
0 84 62
0 85 62
0 87 62
0 88 62
0 87 62
0 85 62
0 84 62
0 85 62
0 84 62
0 85 62
0 87 62
0 88 62
0 87 62
0 85 62
0 84 62
0 85 62
0 84 62
0 85 62
0 87 62
0 88 62
0 87 62
0 85 62
0 84 62
0 85 62
0 84 62
0 85 62
0 87 62
0 88 62
0 87 62
0 88 62
0 85 62
0 71 62
62 71 62
62 68 62
62 64 62
62 76 62
62 76 62
62 71 62
62 68 62
62 71 62
62 71 62
62 68 62
62 64 62
62 76 62
62 76 62
62 71 62
62 68 62
125 80 62
0 83 62
0 80 62
0 83 62
0 80 62
0 83 62
0 80 62
0 83 62
0 80 62
0 83 62
0 80 62
0 83 62
0 80 62
0 83 62
0 80 62
0 83 62
0 80 62
0 83 62
0 80 62
0 83 62
0 80 62
0 83 62
0 80 62
0 83 62
0 80 62
0 83 62
0 80 62
0 83 62
0 80 62
0 83 62
0 80 62
62 81 62
0 83 62
0 81 62
0 84 62
0 81 62
0 83 62
0 81 62
0 84 62
0 81 62
0 83 62
0 81 62
0 84 62
0 81 62
0 83 62
0 81 62
0 84 62
0 81 62
0 83 62
0 81 62
0 84 62
0 81 62
0 83 62
0 81 62
0 84 62
0 81 62
0 83 62
0 81 62
0 84 62
0 81 62
0 83 62
0 81 62
0 85 62
0 81 62
0 83 62
0 81 62
0 85 62
0 81 62
0 83 62
0 81 62
0 85 62
0 81 62
0 83 62
0 81 62
0 85 62
0 81 62
0 83 62
0 81 62
0 90 62
0 83 62
0 90 62
0 83 62
0 90 62
0 83 62
0 90 62
0 83 62
0 90 62
0 83 62
0 90 62
0 83 62
0 90 62
0 83 62
0 90 62
0 83 62
0 80 753
0 88 62
0 86 62
0 84 62
0 83 62
0 84 62
0 83 62
0 81 62
0 80 62
0 81 62
0 83 62
0 84 62
0 86 62
0 88 62
0 89 62
0 88 62
0 87 62
0 88 62
0 86 62
0 84 62
0 83 62
0 84 62
0 86 62
0 84 62
0 83 62
0 81 62
0 80 62
0 81 62
0 83 62
0 72 251
0 81 125
0 78 125
0 71 251
0 79 125
0 76 125
0 69 251
0 78 125
0 75 125
0 76 753
0 76 62
0 74 62
0 72 62
0 71 62
0 72 62
0 71 62
0 69 62
0 68 62
0 69 62
0 71 62
0 72 62
0 74 62
0 76 62
0 77 62
0 76 62
0 75 62
0 76 62
0 74 62
0 72 62
0 71 62
0 72 62
0 74 62
0 72 62
0 71 62
0 69 62
0 68 62
0 69 62
0 71 62
0 60 251
0 69 125
0 66 125
0 59 251
0 67 125
0 64 125
0 57 251
0 66 125
0 63 125
0 64 125
125 76 125
0 74 125
0 72 251
0 69 125
0 65 125
0 71 251
0 67 125
0 64 125
0 69 251
0 66 125
0 63 125
0 64 125
125 72 125
0 71 125
0 69 251
0 65 125
0 62 125
0 67 251
0 64 125
0 60 125
0 65 251
0 62 125
0 59 125
0 60 251
0 77 125
0 76 125
0 74 251
0 70 125
0 67 125
0 72 251
0 69 125
0 65 125
0 70 251
0 67 125
0 64 125
0 65 125
125 65 125
0 64 125
0 62 251
0 58 125
0 55 125
0 60 251
0 57 125
0 53 125
0 58 251
0 55 125
0 52 125
0 45 62
0 45 62
0 41 62
62 41 62
62 41 62
62 41 62
62 41 62
62 41 62
62 41 62
62 41 62
62 41 62
62 41 62
62 41 62
62 41 62
62 41 62
62 43 62
62 43 62
62 48 376
0 52 62
0 50 62
0 48 62
408 78 31
0 79 314
0 77 62
0 75 62
0 74 62
0 72 125
376 54 376
0 57 62
0 55 62
0 54 62
408 86 31
0 87 314
0 86 62
0 84 62
0 82 62
0 81 125
376 58 125
0 62 62
0 60 62
0 58 125
125 84 62
0 82 62
0 81 62
0 79 62
0 78 125
125 67 125
0 70 62
0 69 62
0 67 125
125 87 62
0 86 62
0 84 62
0 82 62
0 81 125
125 58 125
0 62 62
0 60 62
0 58 125
125 84 62
0 82 62
0 81 62
0 79 62
0 78 125
125 74 62
0 72 62
0 70 62
0 69 62
0 67 125
125 80 62
0 79 62
0 77 62
0 75 62
0 74 125
125 63 125
0 67 62
0 65 62
0 63 125
125 77 62
0 75 62
0 74 62
0 72 62
0 71 125
125 60 125
0 63 62
0 62 62
0 60 125
125 80 62
0 79 62
0 77 62
0 75 62
0 74 125
125 63 125
0 67 62
0 65 62
0 63 125
125 77 62
0 75 62
0 74 62
0 72 62
0 71 125
125 79 62
0 77 62
0 75 62
0 74 62
0 72 125
125 85 62
0 84 62
0 82 62
0 80 62
0 79 125
125 80 125
0 84 62
0 82 62
0 80 125
125 85 125
0 89 62
0 87 62
0 85 125
125 66 125
0 70 62
0 68 62
0 66 125
125 71 502
0 77 125
0 81 62
0 79 62
0 77 125
125 82 125
0 85 62
0 84 62
0 82 125
125 63 125
0 67 62
0 65 62
0 63 125
125 68 502
0 73 125
0 77 62
0 75 62
0 73 125
125 78 125
0 82 62
0 80 62
0 78 125
125 60 125
0 64 62
0 62 62
0 60 125
125 72 502
0 72 125
0 76 62
0 74 62
0 72 125
125 84 499
0 84 124
0 88 62
0 86 62
0 84 62
62 84 62
62 84 62
62 84 124
0 89 124
0 83 124
0 84 249
0 67 499
0 67 249
0 72 83
0 67 83
0 64 83
0 67 83
0 72 83
0 76 83
0 74 83
0 71 83
0 68 83
0 71 83
0 74 83
0 77 83
0 76 83
0 73 83
0 70 83
0 73 83
0 76 83
0 79 83
0 82 83
0 76 83
0 85 83
0 76 83
0 73 83
0 82 83
0 73 83
0 70 83
0 76 83
0 70 83
0 64 83
0 73 83
0 70 83
0 64 83
0 72 83
0 70 83
0 64 83
0 72 83
0 65 249
0 72 499
0 72 249
0 77 83
0 72 83
0 69 83
0 72 83
0 77 83
0 81 83
0 79 83
0 76 83
0 73 83
0 76 83
0 79 83
0 82 83
0 81 83
0 78 83
0 75 83
0 78 83
0 81 83
0 84 83
0 81 83
0 78 83
0 87 83
0 78 83
0 75 83
0 84 83
0 75 83
0 72 83
0 81 83
0 75 83
0 69 83
0 78 83
0 75 83
0 69 83
0 77 83
0 75 83
0 69 83
0 77 83
0 70 249
0 65 499
0 65 249
0 70 83
0 65 83
0 62 83
0 65 83
0 70 83
0 74 83
0 72 83
0 69 83
0 66 83
0 69 83
0 72 83
0 75 83
0 74 83
0 71 83
0 68 83
0 71 83
0 74 83
0 77 83
0 80 83
0 74 83
0 83 83
0 74 83
0 71 83
0 80 83
0 71 83
0 68 83
0 77 83
0 68 83
0 65 83
0 74 83
0 68 83
0 62 83
0 71 83
0 68 83
0 62 83
0 70 83
0 78 83
0 75 83
0 70 83
0 75 83
0 78 83
0 82 83
0 78 83
0 75 83
0 87 83
0 75 83
0 70 83
0 82 83
0 70 83
0 66 83
0 78 83
0 66 83
0 63 83
0 75 83
0 66 83
0 63 83
0 75 83
0 66 83
0 63 83
0 75 83
0 78 83
0 76 83
0 73 83
0 76 83
0 78 83
0 85 83
0 78 83
0 76 83
0 88 83
0 76 83
0 73 83
0 85 83
0 73 83
0 66 83
0 78 83
0 66 83
0 64 83
0 76 83
0 66 83
0 64 83
0 76 83
0 66 83
0 64 83
0 76 83
0 78 83
0 74 83
0 71 83
0 74 83
0 78 83
0 83 83
0 78 83
0 74 83
0 86 83
0 74 83
0 71 83
0 83 83
0 71 83
0 66 83
0 78 83
0 66 83
0 62 83
0 74 83
0 66 83
0 62 83
0 74 83
0 66 83
0 62 83
0 74 83
0 79 83
0 74 83
0 71 83
0 74 83
0 79 83
0 83 83
0 79 83
0 74 83
0 86 83
0 74 83
0 71 83
0 83 83
0 71 83
0 67 83
0 79 83
0 67 83
0 65 83
0 77 83
0 67 83
0 62 83
0 74 83
0 67 83
0 62 83
0 74 83
0 84 83
0 79 83
0 75 83
0 79 83
0 84 83
0 87 83
0 79 83
0 75 83
0 87 83
0 75 83
0 72 83
0 84 83
0 72 83
0 67 83
0 79 83
0 67 83
0 63 83
0 75 83
0 67 83
0 63 83
0 75 83
0 67 83
0 63 83
0 75 83
0 77 83
0 73 83
0 68 83
0 73 83
0 77 83
0 80 83
0 77 83
0 73 83
0 68 83
0 77 83
0 73 83
0 68 83
0 75 83
0 72 83
0 69 83
0 72 83
0 75 83
0 81 83
0 75 83
0 72 83
0 69 83
0 75 83
0 72 83
0 69 83
249 71 83
0 74 83
0 79 83
0 74 83
0 71 83
0 67 83
0 77 83
0 71 83
0 67 83
0 77 83
0 74 83
0 67 83
0 75 83
0 74 83
0 67 83
0 75 83
0 72 83
0 67 83
0 74 83
0 72 83
0 69 83
249 59 83
0 62 83
0 67 83
0 62 83
0 59 83
0 55 83
0 65 83
0 59 83
0 55 83
0 65 83
0 62 83
0 55 83
0 63 83
0 62 83
0 55 83
0 63 83
0 60 83
0 55 83
0 62 83
0 60 83
0 57 83
0 62 83
0 59 83
0 55 83
0 60 83
0 55 83
0 51 83
0 59 83
0 55 83
0 50 83
0 57 83
0 51 83
0 48 83
0 55 83
0 50 83
0 47 83
0 54 83
0 51 83
0 45 83
0 55 83
0 50 83
0 47 83
0 54 83
0 51 83
0 45 83
0 47 1061
0 50 62
0 52 62
0 54 62
0 55 62
0 50 62
0 52 62
0 54 62
0 55 62
0 50 62
0 52 62
0 54 62
0 55 62
0 50 62
0 52 62
0 54 62
0 55 1061
0 54 62
0 55 62
0 57 62
0 59 62
0 54 62
0 55 62
0 57 62
0 59 62
0 54 62
0 55 62
0 57 62
0 59 62
0 54 62
0 55 62
0 57 62
0 59 124
249 59 62
0 60 62
0 62 62
312 62 41
0 64 41
0 66 41
0 67 124
249 67 62
0 69 62
0 71 62
62 71 62
0 72 62
0 74 62
62 74 41
0 76 41
0 78 41
0 79 124
249 62 41
0 64 41
0 66 41
0 67 124
249 67 62
0 69 62
0 71 62
312 71 62
0 72 62
0 74 62
62 74 41
0 76 41
0 78 41
0 79 62
62 79 62
0 81 62
0 83 62
312 74 41
0 76 41
0 78 41
0 79 62
312 79 62
0 81 62
0 83 62
312 79 62
0 81 62
0 83 62
62 83 62
0 84 62
0 86 62
62 86 62
0 88 62
0 89 62
312 86 62
0 88 62
0 89 62
312 86 62
0 88 62
0 89 62
62 86 62
0 88 62
0 89 62
62 86 62
0 88 62
0 89 62
62 86 62
0 88 62
0 89 62
62 86 62
0 88 62
0 89 72
52 86 10
52 84 10
52 83 10
52 84 10
52 86 10
52 88 10
52 89 10
52 88 10
52 86 10
52 84 10
52 83 10
52 84 10
52 86 10
52 88 10
52 89 10
114 88 10
52 86 10
52 84 10
52 83 10
52 81 10
52 79 10
52 77 10
52 76 10
52 74 10
52 72 10
52 71 10
52 69 10
52 67 10
52 65 10
52 64 10
52 64 114
0 48 93
31 48 93
31 48 93
31 48 93
31 48 93
31 48 93
31 48 93
31 48 93
31 48 93
31 48 93
31 48 93
31 48 93
31 48 93
31 50 93
31 50 93
31 50 374
0 59 62
0 57 62
0 55 62
405 85 31
0 86 312
0 84 62
0 83 62
0 81 62
0 79 124
374 46 93
31 46 93
31 46 93
31 46 93
31 46 93
31 46 93
31 46 93
31 46 93
31 46 93
31 46 93
31 46 93
31 46 93
31 46 93
31 46 93
31 48 93
31 48 93
31 48 374
0 57 62
0 55 62
0 53 62
405 83 31
0 84 312
0 82 62
0 80 62
0 79 62
0 77 124
343 88 31
0 89 748
0 89 62
0 87 62
0 86 62
0 84 62
0 83 62
0 84 62
0 86 62
0 87 62
0 89 62
0 87 62
0 86 62
0 84 62
0 83 62
0 84 62
0 86 62
0 87 62
0 89 62
0 87 62
0 86 62
0 84 62
0 83 62
0 84 62
0 86 62
0 87 62
0 89 62
0 87 62
0 86 62
0 84 62
0 83 62
0 80 62
0 79 62
0 77 62
0 75 62
0 74 62
0 72 62
0 71 62
0 72 93
156 67 93
156 63 93
156 60 93
156 56 998
0 73 93
156 68 93
156 65 93
156 61 93
156 58 998
62 67 62
0 70 62
0 75 62
62 67 62
0 70 62
0 75 62
62 67 62
0 70 62
0 75 62
62 67 62
0 70 62
0 75 62
62 65 62
0 68 62
0 75 62
62 65 62
0 71 62
0 74 62
62 63 62
0 66 62
0 74 62
62 63 62
0 69 62
0 72 62
62 62 62
0 67 62
0 72 62
62 62 62
0 67 62
0 72 62
62 62 62
0 67 62
0 71 62
62 62 62
0 65 62
0 71 62
0 64 124
0 64 61
0 60 62
0 64 61
0 60 62
0 64 61
0 60 62
0 64 61
0 60 62
0 64 61
0 60 62
0 64 61
0 60 62
0 64 61
0 60 62
0 64 61
0 60 62
0 64 61
0 60 62
0 64 61
0 60 62
0 64 61
0 60 62
0 64 61
0 60 62
0 64 61
0 60 62
0 66 61
0 62 62
0 66 61
0 62 62
0 67 374
0 71 62
0 69 62
0 67 62
405 85 31
0 86 312
0 84 62
0 83 62
0 81 62
0 79 124
374 65 61
0 62 62
0 65 61
0 62 62
0 65 61
0 62 62
0 65 61
0 62 62
0 65 61
0 62 62
0 65 61
0 62 62
0 65 61
0 62 62
0 65 61
0 62 62
0 65 61
0 62 62
0 65 61
0 62 62
0 65 61
0 62 62
0 65 61
0 62 62
0 65 61
0 62 62
0 65 61
0 62 62
0 68 61
0 64 62
0 68 61
0 64 62
0 69 374
0 72 62
0 71 62
0 69 62
405 87 31
0 88 312
0 86 62
0 84 62
0 83 62
0 81 124
343 83 31
0 84 312
0 83 62
0 81 62
0 80 62
0 81 124
343 83 31
0 84 312
0 83 62
0 81 62
0 80 62
0 81 62
0 80 62
0 81 62
0 83 62
0 84 62
0 85 62
0 86 62
0 87 62
0 88 322
52 84 10
52 83 10
52 84 10
52 83 10
52 81 10
52 80 10
52 81 10
52 84 10
52 83 10
52 81 10
52 80 10
52 78 10
52 76 10
52 75 10
52 76 10
52 78 10
52 79 10
52 80 10
52 81 10
52 80 10
52 81 10
52 83 10
52 84 10
52 85 10
52 86 10
52 87 10
52 88 10
52 87 10
52 88 10
52 87 10
52 88 10
52 86 10
52 84 10
52 83 10
52 84 10
52 83 10
52 81 10
52 80 10
52 81 10
52 84 10
52 83 10
52 81 10
52 80 10
52 78 10
52 76 10
52 75 10
52 76 10
52 78 10
52 79 10
52 80 10
52 81 10
52 80 10
52 81 10
52 83 10
52 84 10
52 85 10
52 86 10
52 87 10
52 88 10
52 88 52
0 83 62
0 80 62
0 76 62
0 75 62
0 76 62
0 81 62
0 84 62
0 88 62
0 83 62
0 80 62
0 76 62
0 75 62
0 76 62
0 81 62
0 84 62
0 88 62
0 83 62
0 80 62
0 76 62
0 88 62
0 84 62
0 81 62
0 76 62
0 88 62
0 83 62
0 80 62
0 76 62
0 88 62
0 84 62
0 81 62
0 76 62
0 88 62
0 83 62
0 80 62
0 76 62
0 83 62
0 80 62
0 76 62
0 71 62
0 80 62
0 76 62
0 71 62
0 68 62
0 76 62
0 71 62
0 68 62
0 64 62
0 71 62
0 68 62
0 64 62
0 59 62
0 68 62
0 64 62
0 59 62
0 56 62
0 64 62
0 59 62
0 56 62
0 52 62
748 76 62
62 64 62
62 78 62
62 66 62
62 80 62
62 68 62
312 80 62
62 68 62
62 81 62
62 69 62
62 83 62
62 71 62
62 85 62
62 73 62
62 86 62
62 74 62
62 86 62
62 76 62
62 86 62
62 78 62
62 86 62
62 80 62
62 86 62
62 81 62
62 86 62
62 83 62
62 73 499
0 71 249
0 69 249
0 68 499
0 74 499
0 68 499
0 69 249
0 71 249
0 73 499
0 71 249
0 74 249
0 64 499
0 64 249
0 60 249
0 60 499
0 62 499
0 60 249
0 62 249
0 69 249
0 71 249
0 60 62
0 60 20
0 74 62
20 76 62
20 77 62
20 79 62
20 81 62
20 82 62
20 83 62
20 84 62
20 85 62
20 86 62
20 87 62
20 84 83
0 87 83
0 88 83
0 89 83
0 87 83
0 88 83
0 83 166
0 86 83
0 76 166
0 84 83
0 80 166
0 83 83
0 84 83
0 82 83
0 83 83
0 77 166
0 81 83
0 83 83
0 80 83
0 81 83
0 77 166
0 83 83
0 84 83
0 82 83
0 83 83
0 79 166
0 84 83
0 81 166
0 86 83
0 88 83
0 87 83
0 88 83
0 91 83
0 89 83
0 88 83
0 83 83
0 81 83
0 83 83
0 77 83
0 76 83
0 74 83
0 67 83
0 75 83
0 76 83
0 77 83
0 75 83
0 76 83
0 65 166
0 74 83
0 64 166
0 72 83
83 70 83
0 71 83
0 72 83
0 70 83
0 71 83
83 68 83
0 69 83
0 71 83
0 68 83
0 69 83
0 60 83
0 64 83
0 67 83
0 62 83
0 65 83
0 67 83
0 62 83
0 65 83
0 69 83
0 62 83
0 65 83
0 71 83
0 64 83
0 55 83
0 52 83
0 55 83
0 60 83
0 64 83
0 62 83
0 59 83
0 55 83
0 59 83
0 62 83
0 65 83
0 64 83
0 60 83
0 55 83
0 60 83
0 64 83
0 67 83
0 65 83
0 62 83
0 59 83
0 71 83
0 65 83
0 62 83
0 64 249
0 67 499
0 67 499
0 67 499
0 67 249
0 72 83
0 67 83
0 64 83
0 67 83
0 72 83
0 76 83
0 74 83
0 71 83
0 67 83
0 71 83
0 74 83
0 77 83
0 76 83
0 72 83
0 67 83
0 72 83
0 76 83
0 79 83
0 77 83
0 74 83
0 71 83
0 83 83
0 77 83
0 74 83
0 84 124
0 84 41
0 76 83
0 79 124
0 79 41
0 72 83
0 77 124
0 77 41
0 71 83
0 83 124
0 83 41
0 74 83
0 84 124
0 84 41
0 76 83
0 79 124
0 79 41
0 72 83
0 77 124
0 77 41
0 71 83
0 83 124
0 83 41
0 74 83
0 84 62
0 79 62
0 76 62
0 72 62
0 77 62
0 74 62
0 83 62
0 79 62
0 84 62
0 79 62
0 76 62
0 72 62
0 77 62
0 74 62
0 83 62
0 79 62
0 84 62
0 79 62
0 83 62
0 79 62
0 84 62
0 79 62
0 83 62
0 79 62
0 84 62
0 79 62
0 83 62
0 79 62
0 84 62
0 79 62
0 83 62
0 79 62
0 84 62
0 79 62
0 82 62
0 79 62
0 82 62
0 79 62
0 82 62
0 79 62
0 82 62
0 79 62
0 82 62
0 79 62
0 82 62
0 79 62
0 82 62
0 79 62
0 82 124
0 81 62
0 79 62
0 77 62
0 76 62
0 74 62
0 72 62
0 70 62
0 69 62
0 67 62
0 65 62
0 64 62
0 62 62
0 60 62
0 58 62
0 57 62
0 59 62
0 60 62
0 59 62
0 60 62
0 64 62
0 65 62
0 64 62
0 65 62
0 68 62
0 69 62
0 68 62
0 69 62
0 71 62
0 72 62
0 71 62
0 72 62
0 76 62
0 77 62
0 76 62
0 77 62
0 80 62
0 81 62
0 80 62
0 81 62
0 83 62
0 84 62
0 83 62
0 84 62
0 83 62
0 81 62
0 80 62
0 81 62
0 80 62
0 81 62
0 83 62
0 84 62
0 83 62
0 81 62
0 80 62
0 81 62
0 80 62
0 81 62
0 83 62
0 84 62
0 83 62
0 81 62
0 80 62
0 81 62
0 80 62
0 81 62
0 83 62
0 84 62
0 83 62
0 81 62
0 80 62
0 81 62
0 80 62
0 81 62
0 83 62
0 84 62
0 83 62
0 84 62
0 81 62
0 67 62
62 67 62
62 64 62
62 60 62
62 72 62
62 72 62
62 67 62
62 64 62
62 67 62
62 67 62
62 64 62
62 60 62
62 72 62
62 72 62
62 67 62
62 64 62
124 84 62
0 88 61
0 84 62
0 91 61
0 88 62
0 91 61
0 88 62
0 91 61
0 88 62
0 91 61
0 88 62
0 91 61
0 88 62
0 91 61
0 88 62
0 91 61
0 88 62
0 91 61
0 88 62
0 91 61
0 88 62
0 91 61
0 88 62
0 91 61
0 88 62
0 91 61
0 88 62
0 91 61
0 88 62
0 91 61
0 88 62
62 89 62
0 91 93
0 91 31
0 92 93
0 92 31
0 91 93
0 91 31
0 92 93
0 92 31
0 91 93
0 91 31
0 92 93
0 92 31
0 91 93
0 91 31
0 92 93
0 92 31
0 91 93
0 91 31
0 92 93
0 92 31
0 91 93
0 91 31
0 92 93
0 92 31
0 91 93
0 91 31
0 92 93
0 92 31
0 91 93
0 91 31
0 93 62
0 89 62
0 91 62
0 89 62
0 93 62
0 89 62
0 91 62
0 89 62
0 93 62
0 89 62
0 91 62
0 89 62
0 93 62
0 89 62
0 91 62
0 89 62
0 93 62
62 89 62
62 89 62
62 89 62
62 89 62
62 89 62
62 89 62
62 89 62
62 84 748
0 84 62
0 82 62
0 80 62
0 79 62
0 80 62
0 79 62
0 77 62
0 76 62
0 77 62
0 79 62
0 80 62
0 82 62
0 84 62
0 85 62
0 84 62
0 83 62
0 84 62
0 82 62
0 80 62
0 79 62
0 80 62
0 82 62
0 80 62
0 79 62
0 77 62
0 76 62
0 77 62
0 79 62
0 68 249
0 77 124
0 73 124
0 67 249
0 75 124
0 72 124
0 65 249
0 74 124
0 71 124
0 72 748
0 72 62
0 70 62
0 69 62
0 67 62
0 69 62
0 67 62
0 65 62
0 64 62
0 65 62
0 67 62
0 69 62
0 70 62
0 72 62
0 74 62
0 72 62
0 71 62
0 72 62
0 70 62
0 69 62
0 67 62
0 69 62
0 70 62
0 69 62
0 67 62
0 65 62
0 64 62
0 65 62
0 67 62
0 57 249
0 65 124
0 62 124
0 55 249
0 64 124
0 60 124
0 65 249
0 62 124
0 59 124
0 55 249
0 72 124
0 71 124
0 69 249
0 65 124
0 62 124
0 67 249
0 64 124
0 60 124
0 65 249
0 62 124
0 59 124
0 60 249
0 77 124
0 76 124
0 74 249
0 70 124
0 67 124
0 72 249
0 69 124
0 65 124
0 70 249
0 67 124
0 64 124
0 65 249
0 77 124
0 75 124
0 73 249
0 70 124
0 67 124
0 72 249
0 68 124
0 65 124
0 70 249
0 67 124
0 64 124
0 65 124
0 49 62
62 49 62
62 49 62
62 49 62
62 49 62
62 49 62
62 49 62
62 49 62
62 49 62
62 49 62
62 49 62
62 49 62
62 49 62
62 51 62
62 51 62
62 56 374
0 60 62
0 58 62
0 56 62
405 86 31
0 87 312
0 85 62
0 84 62
0 82 62
0 81 124
374 58 374
0 61 62
0 60 62
0 58 62
405 88 31
0 89 312
0 87 62
0 86 62
0 84 62
0 83 124
374 60 124
0 63 62
0 62 62
0 60 124
124 80 62
0 79 62
0 77 62
0 75 62
0 74 124
124 64 124
0 67 62
0 65 62
0 64 124
124 84 62
0 82 62
0 80 62
0 79 62
0 77 124
124 87 62
0 86 62
0 84 62
0 83 62
0 84 124
124 75 62
0 74 62
0 72 62
0 71 62
0 72 124
124 63 62
0 62 62
0 60 62
0 59 62
0 60 124
124 75 62
0 74 62
0 72 62
0 71 62
0 72 62
0 74 62
0 75 62
0 78 62
0 79 114
10 67 114
10 67 114
10 67 114
10 67 114
10 67 114
10 67 114
10 67 114
10 67 114
10 67 114
10 67 114
10 67 114
10 67 114
10 67 114
10 67 114
10 67 114
10 67 124
0 91 249
0 89 249
0 88 249
0 86 249
0 84 249
0 83 249
0 81 249
0 79 124
0 65 62
0 62 62
0 64 62
0 65 62
0 67 62
0 69 62
0 71 62
0 73 62
0 74 62
0 65 62
0 67 62
0 69 62
0 71 62
0 73 62
0 74 62
0 76 62
0 77 62
0 74 62
0 76 62
0 77 62
0 79 62
0 81 62
0 83 62
0 85 62
0 86 62
0 85 62
0 86 62
0 88 62
0 89 62
0 85 62
0 86 62
0 88 62
0 89 124
0 89 249
0 88 249
0 86 249
0 84 249
0 83 249
0 81 249
0 79 249
0 77 124
0 64 62
0 64 62
0 65 62
0 67 62
0 69 62
0 71 62
0 72 62
0 74 62
0 76 62
0 69 62
0 71 62
0 72 62
0 74 62
0 76 62
0 78 62
0 80 62
0 81 62
0 76 62
0 78 62
0 80 62
0 81 62
0 83 62
0 84 62
0 86 62
0 88 62
0 86 62
0 84 62
0 83 62
0 81 62
0 83 62
0 84 62
0 81 62
62 65 62
0 67 62
0 69 62
0 71 62
0 72 62
0 74 62
0 76 62
0 77 62
0 71 62
0 72 62
0 74 62
0 76 62
0 77 62
0 79 62
0 81 62
0 83 62
0 77 62
0 79 62
0 81 62
0 83 62
0 84 62
0 86 62
0 88 62
0 89 62
0 88 62
0 86 62
0 84 62
0 83 62
0 84 62
0 86 62
0 83 62
62 79 62
0 81 62
0 83 62
0 84 62
0 86 62
0 88 62
0 89 62
0 91 62
0 89 62
0 88 62
0 86 62
0 85 62
0 86 62
0 88 62
0 85 62
62 73 62
0 74 62
0 76 62
0 77 62
0 79 62
0 81 62
0 77 124
0 75 62
0 76 62
0 77 62
0 79 62
0 81 62
0 83 62
0 79 124
0 76 62
0 77 62
0 79 62
0 81 62
0 83 62
0 84 62
0 81 124
0 78 62
0 79 62
0 81 62
0 83 62
0 84 62
0 86 62
0 83 124
0 80 62
0 81 62
0 83 62
0 84 62
0 86 62
0 88 62
0 84 124
0 82 62
0 83 62
0 84 62
0 86 62
0 88 62
0 89 62
0 86 62
124 79 41
0 84 41
0 91 41
124 79 41
0 84 41
0 91 41
124 80 41
0 84 41
0 92 41
124 80 41
0 84 41
0 92 41
0 81 62
0 93 62
0 91 62
0 89 62
0 88 62
0 86 62
0 84 62
0 83 62
0 81 62
0 79 62
0 77 62
0 76 62
0 74 62
0 72 62
0 71 62
0 69 62
0 68 62
0 69 62
0 67 62
0 65 62
0 64 62
0 62 62
0 60 62
0 59 62
0 57 62
0 55 62
0 53 62
0 52 62
0 50 62
0 48 62
0 47 62
0 45 62
0 43 62
0 48 62
0 47 62
0 50 62
0 48 62
0 52 62
0 51 62
0 53 62
0 52 62
0 55 62
0 54 62
0 57 62
0 55 62
0 60 62
0 59 62
0 62 62
0 60 62
0 64 62
0 63 62
0 65 62
0 64 62
0 67 62
0 66 62
0 69 62
0 67 62
0 72 62
0 71 62
0 74 62
0 72 62
0 76 62
0 75 62
0 77 62
0 76 62
0 79 62
0 78 62
0 81 62
0 79 31
31 84 62
0 83 62
0 84 62
0 79 31
31 88 62
0 87 62
0 88 62
0 79 31
31 84 62
0 83 62
0 84 62
0 79 31
31 88 62
0 87 62
0 88 62
0 79 31
31 84 62
0 83 62
0 84 62
0 79 31
31 88 62
0 87 62
0 88 62
0 79 31
31 84 62
0 83 62
0 84 62
0 89 624
0 89 31
0 88 31
0 86 31
0 84 31
0 83 31
0 81 31
0 79 31
0 77 31
0 76 31
0 74 31
0 72 31
0 71 31
0 71 748
0 77 31
0 76 31
0 74 31
0 72 31
0 71 31
0 69 31
0 67 31
0 65 31
0 55 499
0 53 249
0 52 249
0 50 499
0 48 499
0 65 499
0 67 249
0 69 249
0 67 499
0 71 249
0 79 124
0 77 124
249 88 249
0 86 249
0 84 249
0 74 499
0 72 499
0 72 249
0 74 249
0 81 249
0 83 249
0 60 249
0 62 748
0 68 499
0 71 499
0 48 249
0 50 748
0 57 499
0 59 499
0 52 62
0 52 62
0 60 62
62 60 62
62 60 62
62 60 62
62 60 62
62 60 62
62 60 62
62 60 62
62 60 62
62 60 62
62 60 62
62 60 62
62 60 62
62 62 62
62 62 62
62 67 124
0 71 62
0 69 62
0 67 62
187 72 124
0 76 62
0 74 62
0 72 62
187 77 124
0 81 62
0 79 62
0 77 62
187 89 62
0 88 62
0 89 62
0 88 62
0 89 62
0 88 62
0 89 62
0 88 62
0 89 62
0 88 62
0 86 62
0 84 62
0 83 62
0 81 62
0 79 62
0 77 62
0 76 62
0 74 62
0 72 62
0 71 62
0 69 62
0 67 62
0 65 62
0 64 62
0 62 124
124 67 124
624 64 124
374 67 124
374 84 124
