881 67 991
0 81 110
0 82 110
0 81 110
0 79 110
0 81 110
0 79 110
0 77 110
0 74 110
0 77 110
0 74 110
0 72 110
0 70 110
0 67 110
0 62 110
0 64 110
0 67 110
0 65 110
0 67 110
0 69 110
0 67 440
0 62 110
0 65 110
0 67 110
0 69 110
0 72 110
0 69 110
0 67 110
0 65 110
0 64 110
0 65 110
0 67 110
0 69 110
0 67 440
0 62 110
0 65 110
0 67 110
0 69 110
0 74 110
0 69 110
0 67 110
0 65 110
0 62 110
0 70 110
0 74 110
0 77 110
0 74 440
0 72 220
0 79 220
0 77 220
0 79 330
0 77 110
0 76 110
0 79 110
0 77 220
0 70 110
0 69 110
0 70 220
0 76 220
0 74 220
0 72 220
881 74 991
0 81 110
0 82 110
0 81 110
0 79 110
0 81 110
0 79 110
0 77 110
0 74 110
0 77 110
0 74 110
0 72 110
0 70 110
0 67 110
0 62 110
0 64 110
0 67 110
0 65 110
0 67 110
0 69 110
0 67 550
0 65 110
0 67 110
0 69 110
0 72 110
0 69 110
0 67 110
0 65 110
0 67 110
0 65 110
0 67 110
0 69 110
0 67 550
0 65 110
0 67 110
0 69 110
0 74 110
0 69 110
0 67 110
0 65 110
440 74 660
0 72 110
0 74 110
0 72 220
0 74 110
0 76 110
0 74 215
4 72 198
22 72 201
18 74 220
0 72 211
9 74 198
22 74 220
0 69 220
440 74 660
0 72 110
0 74 110
0 72 220
0 70 110
0 72 110
0 74 215
4 72 198
22 72 201
18 74 220
0 72 211
9 79 198
22 79 220
0 69 220
220 74 220
0 82 110
0 81 110
0 79 220
0 79 110
0 77 110
0 79 110
0 81 110
0 76 220
0 74 220
0 65 440
0 70 110
0 69 110
0 67 110
0 65 110
0 67 110
0 69 91
0 69 18
0 58 201
18 62 201
18 65 183
18 65 36
220 60 110
110 57 110
110 55 110
330 57 73
0 62 73
0 60 73
0 53 220
0 55 220
0 62 220
0 65 220
0 67 660
0 67 73
0 69 73
0 67 73
0 62 220
0 64 220
0 58 440
0 60 220
0 58 220
0 60 218
0 60 222
0 60 440
0 88 220
0 83 440
0 81 440
0 76 220
0 65 55
0 69 55
0 71 55
0 74 55
220 88 220
0 83 440
0 81 440
0 76 220
0 65 220
0 69 220
0 69 55
0 71 55
0 69 55
0 67 55
0 60 440
0 57 440
0 64 220
0 65 220
0 69 201
0 69 18
0 64 220
0 62 110
0 64 110
0 62 183
36 64 220
0 57 220
0 62 110
0 64 110
0 62 183
0 62 36
0 59 220
0 88 220
0 83 440
0 81 440
0 76 220
0 65 55
0 69 55
0 71 55
0 74 55
220 88 220
0 83 440
0 81 220
0 93 220
0 88 440
0 86 220
0 74 73
36 79 18
36 81 18
36 81 36
0 86 18
0 86 422
0 88 220
0 67 73
36 74 18
36 76 18
36 76 36
0 81 18
0 81 312
0 79 110
0 81 110
0 84 110
0 71 73
36 77 18
36 81 18
36 81 36
0 86 18
0 86 422
0 88 220
0 69 73
36 74 18
36 76 18
36 76 36
0 81 18
0 81 312
0 83 110
0 81 110
0 79 110
0 61 73
36 66 18
36 69 18
36 69 36
0 73 18
0 73 422
0 75 220
0 59 73
36 64 18
36 66 18
36 66 36
0 68 18
0 68 312
0 71 110
0 68 110
0 71 110
0 61 73
36 66 18
36 69 18
36 69 36
0 73 18
0 73 312
0 75 110
0 73 110
0 75 110
0 71 73
36 76 18
36 78 18
36 78 36
0 80 18
0 80 312
0 83 110
0 80 110
0 83 110
0 86 220
0 84 110
0 83 110
0 74 110
0 79 110
0 81 110
0 83 91
0 83 18
0 76 110
0 77 110
0 69 110
0 81 91
18 74 110
0 76 110
0 77 110
0 79 91
18 72 110
0 74 110
0 76 110
0 77 110
0 71 220
0 67 220
0 69 91
18 72 110
0 67 110
0 76 110
0 65 220
0 64 220
0 63 220
0 71 110
0 69 110
0 68 110
0 69 110
0 66 110
0 68 110
0 69 201
18 71 110
0 69 110
0 66 220
0 68 220
0 69 201
18 66 110
0 64 110
0 60 110
0 62 110
0 64 422
18 66 110
0 64 110
0 60 110
0 62 110
0 64 220
0 58 211
9 66 110
0 64 110
0 60 110
0 62 110
0 64 422
18 66 110
0 64 110
0 60 110
0 62 110
0 64 220
0 62 165
0 62 55
0 64 110
0 66 55
55 68 55
55 69 55
55 71 55
55 72 55
55 74 55
55 76 55
55 78 55
55 80 55
55 81 55
55 83 55
55 84 55
55 86 55
55 88 220
0 83 440
0 81 440
0 76 220
0 71 55
0 69 55
0 71 55
0 74 55
220 76 220
0 83 440
0 81 440
0 76 220
0 71 220
0 69 275
0 71 55
0 69 55
0 67 55
0 60 440
0 57 440
0 64 220
0 65 220
0 69 201
0 69 18
0 64 220
0 62 110
0 64 110
0 62 183
36 64 220
36 64 220
0 62 110
0 64 110
0 62 183
36 59 220
0 88 220
0 83 440
0 81 440
0 76 220
0 65 55
0 69 55
0 71 55
0 74 55
220 88 220
0 83 440
0 81 220
0 64 220
0 71 440
0 69 220
0 57 220
0 64 440
0 62 220
0 57 55
0 60 55
0 62 55
0 64 55
0 53 440
0 59 220
220 52 82
358 50 55
165 52 55
165 52 55
826 48 110
0 50 110
0 48 660
0 50 220
0 52 220
0 57 220
0 55 220
0 57 220
0 62 220
0 65 220
0 67 211
9 65 440
0 58 220
220 48 110
0 50 110
0 52 660
0 53 220
0 55 220
0 57 220
0 55 220
0 57 220
0 58 220
0 60 220
0 62 211
9 65 440
0 62 211
229 65 110
0 67 110
0 69 660
0 70 220
0 72 220
0 74 220
0 72 220
0 74 220
0 72 220
0 79 220
0 72 220
0 81 220
0 75 220
0 72 220
220 65 110
0 67 110
0 65 642
18 70 220
0 72 220
0 70 220
0 75 220
0 77 220
0 75 220
0 82 220
0 76 201
18 81 220
0 82 220
0 84 220
0 77 201
18 81 220
0 82 220
0 84 422
18 81 220
0 82 220
0 84 220
0 76 220
0 82 110
0 81 110
0 79 220
0 81 220
0 82 201
18 79 220
0 81 220
0 82 220
0 77 201
18 81 220
0 82 220
0 84 422
18 81 220
0 82 220
0 84 220
0 76 201
18 82 110
0 81 110
0 79 220
0 81 220
0 82 165
55 67 220
0 69 220
0 70 220
0 71 220
0 68 220
0 69 220
0 71 422
18 68 220
0 69 220
0 71 220
0 75 220
0 69 110
0 68 110
0 66 220
0 68 220
0 69 201
18 66 220
0 68 220
0 69 220
0 71 220
0 68 220
0 69 220
0 71 422
18 68 220
0 69 220
0 71 220
0 72 220
0 69 110
0 68 110
0 66 220
0 68 220
0 69 201
18 66 220
0 68 220
0 69 220
0 82 220
0 67 220
0 72 220
0 82 220
0 76 220
0 79 220
0 81 220
0 82 220
0 70 201
18 77 440
0 76 110
0 77 110
0 74 220
0 72 110
0 74 110
0 70 220
0 74 220
0 70 220
0 79 220
0 76 220
0 82 220
0 76 220
0 79 220
0 76 220
0 82 220
0 70 201
18 77 440
0 76 110
0 77 110
0 74 220
0 72 110
0 74 110
0 70 220
0 74 201
0 74 18
0 70 201
18 81 440
0 79 110
0 81 110
0 77 220
0 76 110
0 77 110
0 74 220
0 77 220
0 84 58
51 84 3
51 86 3
51 84 3
51 86 3
51 84 3
51 86 3
51 84 3
51 84 51
0 86 58
51 86 3
51 84 3
51 86 3
51 84 3
51 86 3
51 84 3
51 84 51
0 86 55
0 84 55
0 86 55
0 84 55
0 86 55
0 84 55
0 86 55
0 84 55
0 86 55
0 84 55
0 86 55
0 84 55
0 86 55
0 88 55
0 89 55
0 91 440
440 67 991
0 81 110
0 82 110
0 81 110
0 79 110
0 81 110
0 79 110
0 77 110
0 74 110
0 77 110
0 74 110
0 72 110
0 70 110
0 67 110
0 62 110
0 64 110
0 61 110
0 65 110
0 67 110
0 69 110
0 67 440
0 62 110
0 65 110
0 67 110
0 69 110
0 72 110
0 69 110
0 67 110
0 65 110
0 67 110
0 65 110
0 67 110
0 69 110
0 67 440
0 62 110
0 65 110
0 67 110
0 69 110
0 74 110
0 69 110
0 67 110
0 65 110
0 62 110
0 70 110
0 74 110
0 77 110
0 74 440
0 72 220
0 79 220
0 77 220
0 79 330
0 77 110
0 76 110
0 79 110
0 77 220
0 70 110
0 69 110
0 70 220
0 76 220
0 74 220
0 72 220
881 79 991
0 81 110
0 82 110
0 81 110
0 79 110
0 81 110
0 79 110
0 77 110
0 74 110
0 77 110
0 74 110
0 72 110
0 70 110
0 67 110
0 62 110
0 64 110
0 62 110
0 65 110
0 67 110
0 69 110
0 67 550
0 65 110
0 67 110
0 69 110
0 72 110
0 69 110
0 67 110
0 65 110
0 67 110
0 65 110
0 67 110
0 69 110
0 67 550
0 65 110
0 67 110
0 69 110
0 74 110
0 69 110
0 67 110
0 65 110
0 76 110
0 70 110
0 69 110
0 67 100
9 77 110
0 72 110
0 70 110
0 69 100
9 79 110
0 74 110
0 72 110
0 70 100
9 81 110
0 76 110
0 74 110
0 72 100
9 82 110
0 77 110
0 76 110
0 74 100
9 84 110
0 79 110
0 77 110
0 76 100
9 86 110
0 81 110
0 79 110
0 77 100
9 88 110
0 82 110
0 81 110
0 79 100
9 91 100
9 86 100
9 84 100
9 82 100
449 77 100
9 79 100
9 81 100
9 82 100
9 84 100
9 86 100
9 88 100
9 89 100
9 91 100
9 86 100
9 84 100
9 82 100
449 77 100
9 79 100
9 81 100
9 82 100
9 84 100
9 86 100
9 88 100
9 89 100
9 91 100
9 86 100
9 84 100
9 82 100
449 79 100
9 81 100
9 82 100
9 84 100
9 86 100
9 88 100
9 89 100
9 91 100
9 89 220
220 63 660
0 62 110
0 63 110
0 62 220
0 60 110
0 65 110
0 63 201
18 60 440
0 63 220
0 79 100
9 81 100
9 82 100
9 84 100
9 86 100
9 88 100
9 89 100
9 91 100
9 93 220
220 67 660
0 65 110
0 67 110
0 65 220
0 63 110
0 65 110
0 63 201
18 60 440
0 63 220
0 79 100
9 81 100
9 82 100
9 84 100
9 86 100
9 88 100
9 89 100
9 91 100
9 86 220
220 70 660
0 69 110
0 70 110
0 69 220
0 62 110
0 69 110
0 67 220
0 65 220
0 67 220
0 69 220
0 70 220
0 72 220
0 74 220
0 77 220
0 84 881
0 81 440
0 79 73
0 81 73
0 79 73
0 77 73
0 74 73
0 77 73
0 72 440
1321 77 440
