139 59 34
244 69 34
104 59 116
23 59 69
0 60 69
0 69 139
0 57 104
34 59 52
227 65 104
174 59 139
0 60 139
0 72 69
69 64 69
69 64 69
0 66 69
69 66 46
0 67 46
0 66 46
0 64 139
0 62 139
0 60 116
23 62 116
23 72 256
23 64 139
0 66 139
0 68 69
69 69 69
69 69 69
0 66 116
23 66 69
0 68 69
0 66 139
0 60 104
34 66 139
139 62 139
139 68 139
0 66 139
0 64 396
23 66 139
0 68 396
23 69 139
0 64 279
0 76 139
0 74 69
0 76 69
0 74 139
0 72 139
0 74 139
0 69 139
0 70 419
0 69 69
0 70 69
0 72 139
0 70 139
0 65 139
0 64 139
0 65 256
23 69 139
0 74 69
0 76 69
0 74 139
0 72 139
0 65 139
0 69 139
0 70 279
0 64 139
0 69 69
0 70 69
0 72 139
0 70 139
0 65 139
0 64 139
0 65 419
0 67 139
0 69 139
0 64 139
0 62 139
0 67 139
0 69 419
0 71 139
0 74 139
0 71 139
0 69 139
0 71 139
0 64 139
0 67 139
0 62 139
0 67 139
0 69 419
0 71 139
0 74 139
0 71 139
0 69 139
0 71 139
0 69 139
0 65 139
0 64 751
87 59 52
87 60 52
87 62 52
87 64 52
87 66 52
87 68 52
87 68 87
0 62 751
87 59 52
87 60 52
87 62 52
87 64 52
87 66 52
87 68 52
87 68 87
0 57 34
104 59 34
104 65 34
104 62 34
104 59 116
23 59 69
0 60 69
0 69 139
0 57 104
34 59 52
227 65 34
244 59 139
0 60 139
0 72 69
69 64 69
69 64 69
0 66 69
69 66 46
0 67 46
0 66 46
0 72 139
0 62 139
0 60 116
23 62 116
23 64 279
0 69 34
104 71 34
104 65 34
104 74 34
104 71 116
23 71 69
0 72 69
0 62 139
0 69 104
34 71 52
227 65 34
244 71 139
0 72 139
0 72 69
69 76 69
69 76 69
0 78 69
69 78 46
0 79 46
0 78 46
0 76 139
0 74 139
0 72 139
0 74 139
0 76 418
0 74 139
0 67 256
23 66 139
0 71 139
0 65 279
0 64 256
0 64 23
0 68 279
0 65 279
0 64 279
0 60 104
174 59 104
174 62 104
174 62 454
279 60 52
87 59 52
87 59 39
100 60 52
87 60 52
87 64 52
87 59 39
100 60 52
87 62 39
240 81 267
11 60 52
87 59 52
87 59 39
100 60 52
87 64 52
87 62 52
87 59 39
100 60 52
87 62 39
240 84 267
11 64 52
87 62 52
87 62 39
100 72 52
87 64 52
87 62 52
87 62 39
100 64 52
87 65 39
240 84 267
11 64 52
87 62 52
87 67 39
100 64 52
87 64 52
87 62 52
87 62 39
100 64 52
87 65 279
0 75 139
0 74 139
0 75 419
0 74 139
0 75 419
0 74 139
0 75 279
0 75 139
0 74 139
0 75 139
0 79 139
0 67 139
0 69 139
0 67 139
0 64 139
0 67 139
0 69 139
0 67 139
0 64 116
23 74 139
0 72 139
0 74 419
0 72 139
0 74 419
0 72 139
0 74 279
0 70 139
0 72 139
0 74 139
0 77 139
0 65 139
0 63 139
0 62 139
0 63 139
0 65 139
0 63 139
0 62 139
0 63 279
0 62 139
0 60 139
0 63 139
0 69 139
0 62 139
0 60 139
0 63 139
0 60 23
0 60 116
0 58 139
0 57 139
0 60 162
0 60 116
0 58 139
0 57 139
0 60 139
0 58 139
0 62 139
0 65 139
0 62 139
0 67 23
0 67 116
0 65 139
0 70 23
0 70 116
0 67 139
0 63 139
0 62 139
0 60 139
0 63 162
0 63 116
0 62 139
0 60 139
0 63 139
0 60 23
0 60 116
0 58 139
0 57 139
0 60 162
0 60 116
0 58 139
0 57 139
0 60 139
0 58 139
0 62 139
0 65 139
0 62 139
0 67 23
0 67 116
0 65 139
0 74 23
0 74 116
0 67 139
0 70 23
0 70 116
0 67 139
0 72 23
0 72 116
0 69 139
0 70 139
0 67 139
0 70 139
0 67 139
0 70 139
0 67 139
0 70 23
0 70 116
0 67 139
0 79 23
0 79 116
0 70 139
0 76 139
0 72 139
0 76 139
0 72 139
0 72 139
0 69 139
0 72 139
0 69 139
0 72 139
0 69 139
0 70 139
0 67 139
0 72 23
0 72 116
0 69 139
0 70 139
0 67 139
0 70 139
0 67 139
0 70 139
0 67 139
0 70 23
0 70 116
0 67 139
0 74 23
0 74 116
0 70 139
0 76 139
0 72 139
0 76 139
0 72 139
0 72 139
0 69 139
0 72 139
0 69 139
0 82 139
0 74 139
0 77 139
0 74 139
0 79 139
0 76 139
0 79 139
0 76 139
0 76 139
0 72 139
0 76 139
0 72 139
0 81 139
0 76 139
0 82 139
0 76 139
0 82 139
0 77 139
0 82 139
0 74 139
0 82 139
0 74 139
0 82 139
0 72 139
0 82 139
0 74 139
0 82 139
0 79 139
0 82 139
0 81 139
0 82 139
0 81 139
0 82 139
0 76 139
0 82 139
0 76 139
0 82 139
0 76 139
0 82 139
0 76 139
0 82 139
0 77 139
0 82 139
0 74 139
0 82 139
0 74 139
0 82 139
0 72 139
0 82 139
0 74 116
23 83 139
0 76 139
0 71 139
0 64 139
0 76 139
0 64 139
0 57 139
0 52 139
0 59 139
0 52 139
0 59 139
0 52 139
0 60 139
0 52 139
0 60 139
0 52 139
0 64 139
0 52 139
0 60 139
0 52 139
0 59 279
0 69 279
0 83 139
0 76 139
0 71 139
0 64 139
0 69 139
0 64 139
0 64 139
0 52 139
0 59 139
0 52 139
0 59 139
0 52 139
0 60 139
0 52 139
0 60 139
0 52 139
0 62 139
0 52 139
0 64 139
0 52 139
0 64 139
0 52 139
0 64 139
0 52 139
0 69 34
0 69 4
100 71 34
104 72 34
104 74 34
104 71 116
23 71 69
0 72 69
0 71 139
0 69 104
34 60 52
34 60 52
174 72 104
174 71 139
0 72 139
0 74 69
69 76 69
69 78 69
69 78 46
0 79 46
0 78 46
0 76 139
0 74 139
0 72 139
0 74 139
0 76 279
0 74 34
104 83 34
104 84 34
104 86 34
104 83 116
23 83 69
0 84 69
0 83 139
0 81 104
34 83 52
227 84 104
227 84 174
0 74 139
0 84 139
0 86 69
69 88 69
69 90 69
69 90 46
0 91 46
0 90 46
0 88 139
0 86 139
0 84 139
0 86 139
0 88 279
0 74 139
0 86 69
69 83 69
69 81 69
69 81 69
0 83 69
69 79 69
69 76 69
69 74 69
69 72 279
0 69 279
0 71 139
0 74 69
69 71 69
69 69 69
69 69 69
0 71 69
69 67 69
69 64 69
69 62 69
69 64 279
0 57 279
0 55 139
0 66 139
0 67 69
69 69 69
69 64 116
23 64 69
0 66 69
0 64 139
0 62 104
34 64 87
192 67 87
192 67 192
0 71 87
192 60 87
1310 69 139
0 79 69
0 77 69
0 76 69
0 74 69
0 72 69
0 71 69
0 69 710
0 69 104
23 71 150
23 71 104
23 65 150
23 65 104
23 74 150
23 74 104
23 76 150
128 71 11
128 67 11
128 67 128
0 65 279
0 64 244
34 69 139
0 79 69
0 77 69
0 76 69
0 74 69
0 72 69
0 71 69
0 69 710
0 69 104
23 71 150
23 71 104
23 65 150
23 65 104
23 74 150
23 74 104
23 76 150
128 71 11
128 67 11
128 67 128
0 65 279
0 69 244
34 67 139
0 77 69
0 75 69
0 74 69
0 72 69
0 70 69
0 69 69
0 67 710
0 67 104
23 69 150
23 69 104
23 63 150
23 63 104
23 72 150
23 72 104
23 74 150
128 69 11
128 65 11
128 65 128
0 60 279
0 65 244
34 67 139
0 77 69
0 75 69
0 74 69
0 72 69
0 70 69
0 69 69
0 67 710
0 67 104
23 69 150
23 69 104
23 63 150
23 63 104
23 72 150
23 72 104
23 74 150
128 69 11
128 65 11
128 65 128
0 60 279
0 67 209
69 66 419
0 60 104
34 66 419
0 60 104
34 62 279
0 60 279
0 58 279
0 57 139
0 67 139
0 64 559
0 64 139
0 61 139
0 59 139
0 61 139
0 66 279
0 60 279
0 64 559
0 62 279
0 66 279
0 71 559
0 67 279
0 74 279
0 64 139
0 62 139
0 61 139
0 59 139
0 66 419
0 60 104
34 66 419
0 60 104
34 62 279
0 60 279
0 62 279
0 62 139
0 67 139
0 62 244
34 64 279
0 61 279
0 59 279
0 61 244
34 66 279
0 64 279
0 66 279
0 64 279
0 81 209
0 81 69
0 74 419
0 75 69
69 78 419
0 75 69
69 74 244
34 72 279
0 70 279
0 78 139
0 79 139
0 74 559
0 79 559
0 78 279
0 81 279
0 72 559
0 67 279
0 74 279
0 78 559
0 76 279
0 74 279
0 67 279
0 64 279
0 62 559
0 56 279
0 54 279
0 53 279
0 59 279
0 62 279
0 66 93
0 68 93
0 69 93
0 66 279
0 64 559
0 66 256
0 66 23
0 68 559
0 73 279
0 74 279
0 68 279
0 71 279
0 74 279
0 78 279
0 80 279
0 81 279
0 78 279
0 80 279
0 51 452
2 70 661
0 51 1011
2 70 661
0 51 139
0 60 139
0 62 139
0 63 139
0 60 116
23 60 69
0 62 69
0 60 104
34 58 104
34 60 34
244 63 34
244 62 139
0 63 139
0 65 139
0 67 139
0 62 116
23 62 69
0 63 69
0 62 104
34 60 104
34 58 139
0 60 139
0 62 279
0 61 139
0 65 139
0 67 139
0 68 139
0 65 116
23 65 69
0 67 69
0 65 104
34 63 104
34 65 34
244 68 34
244 61 139
0 68 139
0 70 139
0 72 139
0 67 116
23 65 69
23 65 23
0 65 46
0 63 104
34 61 104
34 63 139
0 65 139
0 67 279
0 61 139
0 68 139
0 70 139
0 72 139
0 67 116
23 65 69
23 65 23
0 65 46
0 63 104
34 61 104
34 63 139
0 65 139
0 67 279
0 61 139
0 69 139
0 71 139
0 73 139
0 68 116
23 66 69
23 66 23
0 66 46
0 64 104
34 63 104
34 64 139
0 66 139
0 68 418
0 69 139
0 71 139
0 73 139
0 68 139
0 69 139
0 71 139
0 73 139
0 74 139
0 76 139
0 78 139
0 80 139
0 81 278
0 74 139
0 81 139
0 80 278
0 74 139
0 80 139
0 78 278
0 74 139
0 78 139
0 76 278
0 73 139
0 76 278
0 69 139
0 78 139
0 69 139
0 78 139
0 73 139
0 81 139
0 78 139
0 81 278
0 74 139
0 81 139
0 80 278
0 74 139
0 80 139
0 78 278
0 74 139
0 78 139
0 76 278
0 73 139
0 76 278
0 69 139
0 73 139
0 69 139
0 78 139
0 73 139
0 81 139
0 78 116
23 64 139
0 66 139
0 69 139
0 66 116
0 66 11
11 69 139
0 66 139
0 69 139
0 66 116
0 66 11
11 66 139
0 62 139
0 69 139
0 62 139
0 68 139
0 62 139
0 68 139
0 65 139
0 68 139
0 62 139
0 68 139
0 62 139
0 68 278
0 71 139
0 62 139
0 64 139
0 66 139
0 69 139
0 66 116
0 66 11
11 69 139
0 66 139
0 69 139
0 66 116
0 66 11
11 69 139
0 62 139
0 69 139
0 62 139
0 71 139
0 66 139
0 71 139
0 66 139
0 71 139
0 66 139
0 71 139
0 66 139
0 66 139
0 62 139
0 71 139
0 66 116
23 74 139
0 71 139
0 66 139
0 71 116
0 71 11
11 74 278
0 66 139
0 71 116
0 71 11
11 73 139
0 71 139
0 74 139
0 71 139
0 77 139
0 71 139
0 77 139
0 75 139
0 77 139
0 71 116
23 73 139
0 71 139
0 75 139
0 71 139
0 77 139
0 71 139
0 78 139
0 73 139
0 73 139
0 69 116
0 69 11
11 73 139
0 69 139
0 73 139
0 69 116
0 69 11
11 78 139
0 73 139
0 81 139
0 78 139
0 86 139
0 74 139
0 78 139
0 74 139
0 78 139
0 74 139
0 81 139
0 74 139
0 81 139
0 74 139
0 78 139
0 74 139
0 78 139
0 74 139
0 78 139
0 74 139
0 81 139
0 76 139
0 81 139
0 76 139
0 81 139
0 78 139
0 86 139
0 78 139
0 81 139
0 78 139
0 81 139
0 78 139
0 81 139
0 78 139
0 81 139
0 78 139
0 81 139
0 78 139
0 81 139
0 78 139
0 86 139
0 78 139
0 86 139
0 78 139
0 86 139
0 74 139
0 78 139
0 74 139
0 90 139
0 78 139
0 83 139
0 78 139
0 93 104
174 64 139
0 62 139
0 69 34
244 64 69
489 83 69
209 84 69
209 67 139
0 65 139
0 67 34
244 67 69
489 83 69
209 81 69
209 64 139
0 64 139
0 64 34
244 64 69
489 83 69
209 84 69
209 67 139
0 65 139
0 67 34
244 67 69
489 83 69
209 71 69
1607 64 605
0 65 46
0 67 46
0 69 46
0 71 46
0 72 46
0 74 46
0 76 46
0 77 46
0 79 46
0 81 46
0 83 46
0 84 46
0 86 46
0 88 46
0 89 46
0 91 46
0 93 46
0 95 46
0 96 46
0 98 46
0 100 46
0 101 46
0 103 46
0 105 279
1398 57 139
