403 80 806
0 77 806
0 72 201
0 73 201
0 75 1411
0 73 201
0 75 201
0 70 302
0 77 604
0 73 504
0 72 201
0 70 201
0 72 1410
0 70 201
0 72 201
0 70 201
0 75 201
0 70 201
0 68 201
0 70 201
0 68 201
0 63 201
0 66 201
0 68 201
0 66 604
0 63 604
0 61 201
0 65 201
0 66 201
0 65 201
0 70 201
0 65 201
0 63 201
0 65 201
0 63 402
0 61 201
0 63 201
0 61 604
0 56 604
201 56 201
201 80 604
0 73 806
0 66 201
0 77 201
0 75 1209
0 75 201
0 73 201
0 75 201
0 68 604
0 73 604
0 73 201
0 75 201
0 77 201
0 75 604
0 73 604
0 73 201
0 68 201
0 63 201
0 70 302
0 80 604
0 65 302
0 65 201
0 65 201
0 77 201
0 75 302
0 73 604
0 70 302
302 82 705
0 82 184
0 82 16
0 75 201
0 82 201
0 73 184
16 85 201
0 82 201
0 72 184
16 84 302
0 82 302
0 70 604
302 82 705
0 82 184
0 82 16
0 87 184
16 77 201
0 82 201
0 85 184
16 82 201
0 73 184
16 82 277
0 87 25
0 85 302
0 70 907
0 78 302
0 75 302
0 72 302
0 70 302
0 66 302
201 75 201
0 66 193
0 66 8
0 75 201
0 72 184
16 80 201
0 66 604
302 66 302
0 68 302
0 85 302
0 70 302
0 78 302
201 70 201
0 70 193
0 70 8
0 70 201
0 66 184
16 72 201
0 70 604
302 78 302
0 68 302
0 87 302
0 73 302
0 70 302
201 82 201
0 82 193
0 82 8
0 82 201
0 70 184
16 80 201
0 78 184
16 82 201
0 87 100
67 80 1140
71 80 533
71 80 1137
67 68 636
0 68 1209
0 68 403
0 73 201
0 65 1100
0 65 109
0 68 403
0 68 201
0 65 403
0 75 201
0 77 604
0 65 403
0 73 201
0 79 201
0 77 201
0 73 201
0 70 201
0 65 201
0 61 201
0 61 302
0 58 302
0 70 1209
0 72 403
0 77 105
0 77 89
0 77 5
12 70 1209
0 72 403
0 77 105
82 78 6
82 78 5
693 66 200
0 77 200
0 70 100
0 74 200
0 70 100
0 75 200
0 70 100
0 82 499
709 80 499
105 80 1209
0 80 403
0 85 201
0 77 1209
0 83 403
0 80 201
0 85 402
0 80 200
0 88 402
0 85 200
0 92 402
0 88 200
0 92 402
0 85 100
0 81 100
0 90 402
0 85 100
0 81 100
302 78 100
0 85 100
0 81 100
0 90 402
0 85 100
0 81 100
302 78 100
0 85 100
0 81 100
0 93 403
0 97 200
0 78 402
0 73 100
0 69 100
302 66 100
0 73 100
0 69 100
0 81 403
0 76 100
0 81 100
0 88 201
0 87 201
0 85 201
0 80 302
0 78 504
0 80 201
0 78 201
0 73 201
0 75 201
0 69 201
0 71 201
0 66 201
0 68 402
0 66 201
0 61 201
0 61 403
0 56 201
0 58 403
0 61 201
0 66 403
0 63 201
0 61 403
0 56 201
0 58 403
0 61 201
0 66 403
0 63 201
0 61 184
16 68 201
0 70 201
0 61 201
0 58 201
0 61 201
0 58 201
0 60 201
0 63 201
0 66 184
16 68 201
0 66 201
0 66 201
0 58 201
0 61 201
0 58 201
0 60 201
0 63 201
0 75 200
0 66 100
0 70 100
0 66 100
0 63 100
100 63 100
0 66 100
0 70 100
0 66 100
0 63 100
0 78 403
0 82 100
0 75 100
0 75 200
0 66 100
0 70 100
0 66 100
0 63 100
100 63 100
0 66 100
0 70 100
0 66 100
0 63 100
0 78 403
0 72 100
0 75 100
0 87 402
0 78 100
0 82 100
302 75 100
0 78 100
0 84 100
302 75 100
0 78 100
0 82 100
302 75 100
0 78 100
0 81 100
0 85 402
0 78 100
0 83 100
0 87 402
0 78 100
0 81 100
604 89 604
0 89 806
0 84 201
0 89 201
0 87 1411
0 82 201
0 84 201
0 85 302
0 89 604
0 85 504
0 84 201
0 82 201
0 84 1209
201 78 201
0 84 201
0 82 201
0 87 201
0 82 201
0 77 201
0 82 201
0 80 403
0 78 201
0 80 201
0 78 604
0 69 604
0 69 201
0 77 201
0 75 201
0 77 201
0 82 201
0 77 201
0 73 201
0 77 201
0 75 201
0 75 201
0 73 201
0 75 201
0 73 604
0 72 604
201 53 201
201 80 604
0 73 806
0 70 201
0 77 201
0 75 1209
0 75 201
0 68 201
0 75 201
0 68 604
0 73 604
0 73 201
0 65 201
0 77 201
0 75 604
0 73 604
201 61 201
0 63 201
0 65 604
0 56 604
201 58 201
0 68 201
0 66 604
0 70 604
201 60 201
0 72 201
0 72 604
0 60 604
403 56 100
0 61 100
302 56 100
0 60 100
0 65 100
403 56 100
0 61 100
302 56 100
0 60 100
0 65 100
0 68 604
0 73 604
403 68 100
0 73 100
302 68 100
0 72 100
0 77 100
403 68 100
0 73 100
302 68 100
0 72 100
0 77 100
0 83 604
0 85 604
0 83 604
0 85 604
0 88 604
0 89 1813
0 92 1209
