1891 66 177
59 73 118
118 71 709
0 69 88
29 68 88
29 66 197
39 64 88
29 62 88
29 61 231
4 62 118
0 64 118
0 66 236
0 69 236
0 68 1054
9 66 88
29 68 88
29 69 88
29 66 236
0 65 236
0 61 108
9 69 118
0 71 118
0 73 118
0 74 236
0 68 236
0 64 108
9 73 118
0 74 118
0 76 118
0 74 709
0 74 236
0 66 650
59 73 59
177 71 709
0 69 88
29 68 88
29 66 197
39 64 88
29 62 88
147 61 118
0 62 118
0 64 118
0 66 236
0 69 236
0 66 1418
0 66 236
0 76 59
177 66 472
0 66 236
0 76 59
177 61 472
0 59 236
0 69 73
162 61 1409
9 59 236
0 69 236
0 68 591
0 69 118
0 71 472
0 73 226
9 59 236
0 69 236
0 68 591
0 69 118
0 71 463
9 68 236
0 69 236
0 71 236
0 71 157
0 73 157
0 76 157
0 66 157
0 71 157
0 73 157
0 69 236
0 73 236
0 71 472
0 67 236
0 73 236
0 69 236
0 59 236
0 69 157
0 62 157
0 59 157
0 61 157
0 62 157
0 64 157
0 66 157
0 68 157
0 64 157
0 66 157
0 68 157
0 69 157
0 71 157
0 73 157
0 69 157
0 71 157
0 73 157
0 74 157
0 74 177
59 85 118
59 85 118
0 71 472
0 71 236
0 69 88
29 68 88
29 66 197
39 64 88
29 62 88
29 61 231
4 62 118
0 64 118
0 66 177
59 69 177
59 66 1054
9 66 118
0 68 118
0 69 118
0 71 581
9 69 118
0 71 118
0 69 118
0 68 472
0 68 108
9 66 118
0 64 118
0 62 118
0 61 470
947 61 118
0 59 118
236 73 118
0 71 118
236 78 236
0 85 236
0 78 472
0 85 236
0 78 236
0 87 157
0 83 157
0 81 157
0 78 236
0 85 236
0 84 472
0 85 236
0 88 236
0 87 157
0 78 157
0 87 157
0 73 236
0 69 236
0 75 157
0 66 157
0 75 157
0 66 472
0 64 236
0 64 236
0 61 157
0 66 157
0 68 157
0 57 236
0 63 236
0 64 236
0 59 236
236 68 118
0 71 118
0 73 236
0 76 236
0 68 157
0 71 157
0 75 157
0 68 472
0 63 236
0 63 236
0 61 157
0 66 157
0 68 157
0 66 236
0 61 472
0 66 236
0 66 236
0 71 236
0 76 236
0 73 236
0 75 236
0 73 236
0 75 236
0 73 236
0 80 157
0 87 157
0 83 157
0 80 236
0 73 236
0 75 236
0 73 236
0 75 236
0 80 236
0 73 236
0 76 236
0 78 236
0 71 236
0 73 236
0 71 236
0 73 236
0 71 236
0 78 157
0 85 157
0 81 157
0 78 236
0 71 236
0 73 236
0 71 236
0 73 236
0 78 236
0 71 236
0 74 236
0 76 236
0 69 44
73 64 44
73 69 177
59 73 236
0 69 236
0 73 88
29 80 88
29 73 88
29 71 88
29 73 236
0 76 236
0 69 44
73 68 44
73 69 177
59 66 236
0 73 945
0 62 236
0 67 44
73 67 44
73 62 118
118 62 177
59 65 236
0 69 59
59 71 59
59 65 59
59 65 59
59 64 118
118 67 236
0 67 44
73 62 44
73 59 177
59 67 236
0 64 472
0 64 353
119 76 236
0 69 44
73 73 44
73 69 177
59 76 236
0 73 236
0 69 88
29 73 88
29 78 88
29 74 88
29 69 236
0 73 236
0 73 44
73 73 44
73 69 177
59 69 236
0 63 1182
0 69 59
59 61 59
59 63 177
59 69 177
59 69 236
0 61 59
59 66 59
59 59 177
59 64 177
59 69 236
0 69 472
0 69 236
0 68 118
0 63 118
472 63 118
0 56 118
236 75 118
0 68 117
237 87 118
0 80 118
0 87 235
0 84 236
0 83 236
0 91 236
0 87 472
0 80 236
0 87 236
0 84 157
0 82 157
0 84 157
0 80 236
0 84 236
0 77 472
0 70 236
0 72 236
0 73 472
0 72 236
0 77 236
0 70 472
0 68 236
0 77 236
0 67 472
0 65 236
0 77 236
0 63 709
118 58 118
118 58 236
0 60 226
9 63 236
0 67 236
0 60 472
0 60 236
0 63 236
0 60 157
0 58 157
0 60 157
0 56 236
0 60 236
0 50 472
0 56 236
0 58 236
0 68 236
0 64 44
73 64 44
73 64 59
177 71 59
177 68 236
0 64 44
73 68 44
73 64 44
73 64 44
73 68 59
177 71 236
0 68 44
73 68 44
73 68 177
59 68 236
0 65 635
73 70 44
73 65 44
73 65 73
0 80 236
0 76 44
73 76 44
73 80 59
177 80 236
0 76 236
0 80 44
73 87 44
73 80 44
73 76 44
73 80 236
0 83 236
0 80 44
73 80 44
73 80 177
59 80 236
0 77 118
0 74 118
236 82 118
0 74 118
236 77 118
0 74 118
236 82 118
0 74 118
236 77 118
0 74 118
236 83 118
0 75 118
236 80 118
0 77 118
236 83 118
0 75 118
236 77 118
0 74 118
236 83 118
0 75 118
236 80 118
0 77 118
236 78 118
0 75 118
236 82 118
0 74 118
236 78 118
0 75 118
236 85 118
0 77 118
236 80 118
0 77 118
236 85 118
0 77 118
236 80 118
0 77 118
236 85 118
0 77 118
236 81 118
0 77 118
236 85 118
0 77 118
236 81 118
0 77 118
236 85 118
0 81 118
0 76 118
0 73 118
0 85 118
0 81 118
0 76 118
0 73 118
0 85 118
0 81 118
0 78 118
0 73 118
0 85 118
0 81 118
0 78 118
0 73 118
0 85 118
0 81 118
0 78 118
0 73 118
0 85 118
0 81 118
0 78 118
0 73 118
0 85 118
0 83 118
0 78 118
0 73 118
0 85 118
0 83 118
0 77 118
0 73 118
118 66 88
29 68 88
29 69 88
29 66 236
0 65 236
0 61 108
9 69 118
0 71 118
0 73 118
0 74 236
0 68 236
0 64 108
9 73 118
0 74 118
0 76 118
0 74 945
0 66 650
59 73 59
177 71 709
0 69 88
29 68 88
29 66 197
39 64 88
29 62 88
29 61 236
0 62 118
0 64 118
0 66 236
0 69 236
0 66 1418
0 69 236
0 76 59
177 66 236
236 66 236
0 76 59
177 61 236
236 59 236
0 69 73
162 61 1409
9 59 236
0 67 73
162 61 1409
9 59 236
0 67 177
59 54 118
39 54 118
39 54 118
39 54 236
0 57 236
0 54 118
39 54 118
39 54 118
39 54 118
39 54 118
39 54 118
39 54 118
39 54 118
39 54 118
39 54 236
0 57 236
0 56 827
0 66 118
0 66 118
39 62 118
39 62 118
39 62 236
0 66 236
0 71 118
39 66 118
39 62 118
39 66 118
39 73 118
39 66 118
39 62 118
39 66 118
39 66 118
39 66 236
0 69 236
0 59 945
472 66 118
0 68 118
0 71 118
0 74 118
0 78 118
0 74 118
0 71 118
236 71 118
0 74 118
0 76 118
0 78 118
0 74 118
0 71 118
236 71 118
0 74 118
0 76 118
0 78 118
0 74 118
0 71 118
236 71 118
0 74 118
0 76 118
0 78 118
0 74 118
0 71 118
236 71 118
0 74 118
0 76 118
0 78 236
0 85 236
0 81 472
0 85 236
0 81 236
0 87 157
0 78 157
0 81 157
0 78 236
0 85 236
0 78 472
0 85 236
0 78 236
0 87 157
0 83 157
0 81 157
0 73 236
0 66 236
0 75 157
0 66 157
0 69 157
0 73 709
0 66 118
0 69 118
0 73 118
472 87 118
0 90 118
0 93 118
0 95 590
0 68 118
0 71 118
0 73 118
472 89 118
0 92 118
0 95 118
0 97 118
0 97 118
0 90 118
0 102 118
0 90 118
0 90 118
0 85 118
0 97 118
0 85 118
0 99 118
0 87 118
0 90 118
0 87 118
0 95 118
0 83 118
0 90 118
0 83 118
0 90 118
0 78 118
0 85 118
0 78 118
0 85 118
0 73 118
0 78 118
0 73 118
0 87 118
0 75 118
0 78 118
0 75 118
0 83 118
0 71 118
0 83 118
0 71 118
0 73 118
0 66 118
0 78 118
0 66 118
0 66 118
0 61 118
0 73 118
0 61 118
0 66 945
118 75 118
0 78 118
0 83 118
0 87 118
0 90 118
0 95 118
0 99 118
0 97 118
827 66 118
827 78 118
