151 64 75
226 64 75
226 64 75
226 64 75
226 64 75
226 64 75
75 64 75
75 64 75
226 64 75
226 64 75
75 64 75
75 64 75
226 64 75
226 64 75
226 64 75
226 64 75
226 64 75
75 64 75
75 64 75
226 64 75
226 64 75
226 71 151
151 71 151
151 71 75
75 59 75
75 71 75
226 64 75
226 64 75
340 70 37
0 75 75
189 75 37
0 80 75
189 68 37
0 73 604
0 75 75
37 63 37
0 68 75
37 68 37
0 73 75
189 70 37
0 75 75
189 75 37
0 80 75
189 68 37
0 73 604
0 68 226
37 61 263
37 63 642
0 59 75
75 71 75
226 59 75
226 59 75
226 59 75
226 71 75
226 64 75
226 63 75
226 71 75
226 62 75
226 61 75
226 61 75
226 61 75
226 61 75
226 63 75
226 66 75
226 68 75
226 71 75
226 68 75
226 63 75
226 63 75
226 63 75
226 65 75
226 65 75
226 65 75
226 63 75
226 63 75
226 63 75
226 65 75
226 65 75
226 65 75
226 71 75
226 68 75
226 68 75
226 68 75
226 71 75
226 71 75
226 71 75
226 68 75
226 68 75
226 68 75
226 71 75
226 71 75
226 71 75
226 71 75
226 71 75
226 71 75
226 71 75
226 71 75
37 59 188
0 71 151
0 75 151
0 75 151
0 80 151
0 75 151
0 78 113
37 66 226
75 73 113
75 73 37
0 75 151
0 68 151
0 78 151
0 66 151
0 80 151
0 68 151
0 80 151
0 80 151
0 78 113
37 73 226
75 73 226
75 73 113
75 73 37
0 80 151
0 75 151
0 73 151
0 73 151
0 80 151
0 75 151
0 64 453
0 75 151
0 73 302
0 64 453
0 73 151
0 75 302
0 64 453
0 75 151
0 73 302
0 64 453
0 73 151
0 75 302
151 68 151
151 68 151
151 68 151
151 67 151
151 67 151
151 67 151
151 66 151
151 66 151
151 66 151
151 66 151
151 66 151
151 66 151
0 59 151
0 71 75
226 66 75
226 59 75
226 59 75
226 59 75
226 59 75
226 71 75
226 66 75
226 71 75
226 66 75
226 66 75
226 71 75
226 71 75
226 67 75
226 71 75
226 67 75
226 67 75
226 71 75
226 71 75
226 66 75
226 71 75
226 66 75
226 66 75
226 71 75
226 71 75
226 69 75
226 71 75
226 67 75
226 65 75
226 67 75
226 67 75
226 65 75
226 67 75
226 64 75
226 69 75
226 64 75
226 67 75
226 65 75
226 67 75
226 69 75
226 69 75
226 67 75
226 70 75
226 68 75
226 70 75
226 67 75
226 72 75
226 67 75
226 70 75
226 68 75
226 70 75
226 72 75
226 72 75
226 70 75
378 72 75
75 75 75
75 74 75
75 72 75
75 70 75
75 68 75
75 67 75
75 65 75
75 63 75
75 62 75
75 60 151
0 63 151
0 63 75
226 63 75
226 60 151
0 63 151
0 63 75
226 62 75
3857 60 110
40 66 527
40 66 226
0 62 110
40 68 527
40 68 226
0 60 302
0 70 151
0 60 302
0 70 151
0 62 110
40 68 226
170 62 129
529 62 604
302 64 604
0 62 302
0 72 151
0 62 302
0 72 151
0 64 110
40 70 222
40 70 3
170 64 129
226 64 110
40 70 222
40 70 3
226 67 75
189 70 111
832 64 302
0 74 151
0 67 151
0 73 151
0 77 113
0 70 36
0 80 75
794 70 111
794 70 111
1437 80 151
0 85 151
0 73 75
226 73 75
226 73 226
0 73 75
0 73 75
0 85 151
0 78 75
226 80 75
226 73 75
226 73 75
226 73 75
226 73 75
226 73 226
0 72 75
226 73 75
226 74 75
226 73 75
226 68 75
226 68 75
226 68 226
0 67 75
226 68 75
226 69 75
214 61 87
214 61 87
214 61 87
214 61 87
214 61 87
214 61 87
214 61 87
214 61 87
214 61 87
214 57 87
214 57 87
214 57 87
214 56 87
214 56 87
214 56 87
214 56 87
214 56 87
214 56 87
214 55 87
214 55 87
529 55 151
0 57 151
0 58 75
226 60 75
214 56 87
214 56 87
214 56 87
214 56 87
214 56 87
214 56 87
214 55 87
214 55 87
529 55 151
0 57 151
0 58 75
226 60 75
1134 67 151
0 69 151
0 70 75
226 72 75
1134 79 151
0 81 151
0 82 75
204 71 172
204 71 6
1317 63 37
0 68 75
189 68 37
0 73 75
189 61 37
0 66 907
264 70 37
0 75 75
189 75 37
0 80 75
189 68 37
0 73 907
264 63 37
0 68 75
189 68 37
0 73 75
189 61 37
0 66 75
189 70 37
0 75 75
189 75 37
0 80 75
189 68 37
0 73 75
189 63 37
0 68 75
189 68 37
0 73 75
189 61 37
0 66 75
189 70 37
0 75 75
189 75 37
0 80 75
226 73 151
0 64 151
0 63 151
0 64 151
0 68 151
0 64 151
0 68 151
0 64 151
0 68 151
0 64 151
0 63 151
0 64 151
0 73 151
0 64 151
0 63 151
0 64 151
0 68 151
0 64 151
0 68 151
0 64 151
0 68 151
0 64 151
0 63 151
0 64 151
0 68 151
756 63 151
1058 64 151
0 68 151
0 76 151
0 80 151
0 88 151
756 100 151
