5658 53 108
108 53 108
1849 41 108
5985 79 978
108 65 652
108 65 435
0 65 1740
0 65 1305
0 61 435
0 65 1305
0 63 435
0 65 435
0 63 870
0 61 435
0 65 1305
435 41 108
108 41 108
1849 41 108
3373 41 108
761 67 435
0 60 435
0 65 435
0 60 435
0 67 435
0 60 435
0 65 435
0 60 435
0 65 435
0 62 870
0 65 217
0 67 217
0 60 217
0 62 217
0 65 870
0 62 217
0 60 199
18 60 217
0 62 199
18 62 435
0 60 435
0 65 435
0 62 1522
0 69 217
0 60 217
0 65 217
0 67 870
0 69 217
0 72 217
0 60 435
0 74 435
0 72 435
0 69 435
0 60 217
0 65 217
0 67 435
0 69 435
0 72 435
0 60 1741
435 44 108
108 44 652
0 44 108
1414 46 435
0 58 217
435 44 108
108 44 652
0 44 108
761 48 108
326 58 108
1197 58 108
108 58 108
108 65 435
0 65 435
435 54 108
108 54 108
108 61 435
0 59 435
435 58 108
108 58 108
108 65 108
108 56 108
108 65 108
108 56 108
544 54 108
108 54 108
108 61 435
0 53 435
0 52 2176
1305 51 870
0 49 870
0 51 435
0 51 435
0 49 870
0 67 1741
0 73 1741
0 51 870
0 49 870
0 51 435
0 51 435
0 49 870
0 79 2611
870 55 435
0 59 108
108 59 108
108 58 108
108 58 108
108 58 108
108 58 108
108 53 435
0 57 108
0 57 5
103 57 108
108 56 435
0 60 435
0 55 435
0 64 435
0 59 435
0 57 435
0 55 435
0 57 435
0 59 1305
0 57 435
0 59 435
0 64 435
0 59 870
0 52 435
0 59 435
0 58 426
0 58 1314
217 49 217
0 61 217
0 49 652
0 49 217
435 49 217
0 61 217
0 49 217
217 49 108
326 49 108
326 49 217
0 61 217
0 49 652
0 49 217
217 51 435
0 63 108
108 63 108
108 63 108
0 53 108
108 61 108
108 61 108
108 61 108
108 61 108
0 54 435
0 55 108
108 60 108
108 60 108
0 56 870
0 63 1087
0 70 217
0 70 1301
4 58 217
0 58 217
0 58 435
0 63 1087
0 70 217
0 70 1301
4 58 217
0 58 217
0 58 435
0 70 435
0 70 108
108 70 108
108 69 108
108 69 108
108 69 108
0 69 108
0 69 108
0 69 108
0 69 108
0 67 217
0 74 217
0 67 108
108 67 108
108 65 435
0 74 416
0 74 18
0 72 217
0 74 199
0 74 18
0 74 108
108 70 108
108 70 108
0 72 108
108 69 108
108 69 108
0 69 108
108 69 108
108 69 108
0 74 435
0 67 108
108 67 108
108 65 435
0 62 217
0 69 217
0 62 217
0 65 217
0 67 870
0 69 217
0 72 217
0 67 435
0 74 435
0 72 435
0 69 435
0 62 217
0 65 217
0 67 435
0 69 435
0 72 435
0 60 3264
0 65 217
0 60 3046
435 48 1741
0 48 1741
0 48 3482
0 53 1740
870 73 870
870 73 1741
