82 55 82
0 60 82
0 62 82
0 64 82
0 55 82
0 60 82
0 64 82
0 62 82
0 53 82
0 60 82
0 62 82
0 65 82
0 57 82
0 59 82
0 65 82
0 64 82
0 55 82
0 60 82
0 64 82
0 67 82
0 59 82
0 60 82
0 67 82
0 65 82
0 57 82
0 60 82
0 65 82
0 69 82
0 59 82
0 65 82
0 69 82
0 67 82
0 60 82
0 64 82
0 67 82
0 72 123
0 72 41
0 67 82
0 72 82
0 74 123
0 74 41
0 67 82
0 74 82
0 72 123
0 72 41
0 67 82
0 72 82
0 71 123
0 71 41
0 67 82
0 71 82
0 69 123
0 69 41
0 67 82
0 69 82
0 67 123
0 67 41
0 64 82
0 67 82
0 65 123
0 65 41
0 64 82
0 65 82
0 64 164
0 60 75
0 60 6
0 64 82
0 62 164
0 60 75
0 60 6
0 62 82
0 67 164
0 64 75
0 64 6
0 67 82
0 69 164
0 64 75
0 64 6
0 69 82
0 64 164
0 60 75
0 60 6
0 64 82
0 62 164
0 60 75
0 60 6
0 62 82
0 60 164
0 57 75
0 57 6
0 60 82
0 59 164
0 55 75
0 55 6
0 59 82
5415 52 82
0 56 82
164 56 82
0 59 82
164 59 82
0 64 82
164 64 82
0 68 82
1394 69 82
0 65 82
0 62 82
82 65 82
0 62 82
0 59 82
82 69 82
0 65 82
0 62 82
82 65 82
0 62 82
0 59 82
82 72 82
0 69 82
0 65 82
82 69 82
0 65 82
0 62 82
82 65 82
0 62 82
0 59 82
82 62 82
0 59 82
0 55 82
82 69 82
0 65 82
0 62 82
82 65 82
0 62 82
0 59 82
82 69 82
0 65 82
0 62 82
82 65 82
0 62 82
0 59 82
82 72 82
0 69 82
0 65 82
82 69 82
0 65 82
0 62 82
82 65 82
0 62 82
0 59 82
82 62 82
0 59 82
0 55 82
82 59 82
0 56 82
0 52 82
82 61 82
0 58 82
0 54 82
82 59 82
0 56 82
0 52 82
82 61 82
0 58 82
0 54 82
82 59 82
0 56 82
0 52 82
82 59 82
0 56 82
0 52 82
82 59 82
0 56 82
0 52 82
82 59 82
0 56 82
0 52 82
82 57 82
0 53 82
0 50 82
82 60 82
0 56 82
0 53 82
82 57 82
0 53 82
0 50 82
82 60 82
0 56 82
0 53 82
82 57 82
0 53 82
0 50 82
82 57 82
0 53 82
0 50 82
82 57 82
0 53 82
0 50 82
82 57 82
0 53 82
0 50 82
82 59 82
0 56 82
0 50 82
82 59 82
0 56 82
0 50 82
82 59 82
0 56 82
0 50 82
82 59 82
0 56 82
0 50 82
82 55 82
0 60 82
0 62 82
0 64 82
0 55 82
0 60 82
0 64 82
0 62 82
0 53 82
0 60 82
0 62 82
0 65 82
0 57 82
0 59 82
0 65 82
0 64 82
0 55 82
0 60 82
0 64 82
0 67 82
0 59 82
0 60 82
0 67 82
0 66 82
0 57 82
0 62 82
0 66 82
0 69 82
0 60 82
0 66 82
0 69 82
0 67 82
0 62 82
0 67 82
0 71 82
0 76 164
0 67 82
0 62 82
82 64 82
0 67 82
0 69 82
0 78 164
0 67 82
0 64 82
82 62 82
0 67 82
0 71 82
0 76 164
0 67 82
0 62 82
82 64 82
0 67 82
0 70 82
0 78 164
0 67 82
0 64 82
82 64 82
0 67 82
0 74 82
0 78 164
0 67 82
0 64 82
82 64 82
0 67 82
0 73 82
0 78 164
0 67 82
0 64 82
82 64 82
0 67 82
0 72 82
0 79 164
0 67 82
0 64 82
0 78 164
0 67 82
0 64 82
0 76 164
0 67 82
0 64 82
82 64 82
0 67 82
0 72 82
0 74 164
0 67 82
0 64 82
0 78 164
0 67 82
0 64 164
0 72 82
0 67 82
0 64 82
82 64 82
0 67 82
0 71 82
0 74 164
0 67 82
0 64 82
0 78 164
0 67 82
0 64 164
0 71 82
0 67 82
0 64 82
82 64 82
0 67 82
0 70 82
0 74 164
0 67 82
0 64 82
0 76 164
0 67 82
0 64 82
0 72 164
0 67 82
0 64 82
0 74 82
0 70 82
0 69 82
0 67 82
0 65 82
0 64 82
0 62 82
0 60 82
0 62 82
0 58 82
0 57 82
0 55 82
656 62 164
0 55 82
0 58 82
0 64 164
0 55 82
0 58 82
0 60 164
0 55 82
0 58 82
164 53 164
0 58 164
0 60 164
0 62 328
0 70 164
0 72 164
0 74 328
328 60 164
0 54 3117
164 51 164
0 56 164
0 58 164
0 60 164
0 51 164
0 56 164
0 60 164
0 58 164
0 51 164
0 54 164
0 58 164
0 61 164
0 51 164
0 54 164
0 61 164
164 51 164
0 56 164
0 58 164
0 60 164
0 51 164
0 56 164
0 60 164
0 58 164
0 51 164
0 54 164
0 58 164
0 61 164
0 51 164
0 54 164
0 61 164
164 54 164
0 60 164
0 61 164
0 63 164
0 54 164
0 60 164
0 63 164
0 61 164
0 54 164
0 58 164
0 61 164
0 65 164
0 54 164
0 58 164
0 65 328
0 54 164
0 60 164
0 61 164
0 63 164
0 54 164
0 60 164
0 63 164
0 61 164
0 54 164
0 58 164
0 61 164
0 65 164
0 54 164
0 58 164
0 65 164
82 55 82
0 60 82
0 62 82
0 64 82
0 55 82
0 60 82
0 64 82
0 62 82
0 53 82
0 60 82
0 62 82
0 65 82
0 57 82
0 59 82
0 65 82
0 64 82
0 55 82
0 60 82
0 64 82
0 67 82
0 59 82
0 60 82
0 67 82
0 65 82
0 57 82
0 60 82
0 65 82
0 69 82
0 59 82
0 65 82
0 69 82
0 67 82
0 60 82
0 64 82
0 67 82
0 72 123
0 72 41
0 67 82
0 72 82
0 74 123
0 74 41
0 67 82
0 74 82
0 72 123
0 72 41
0 67 82
0 72 82
0 71 123
0 71 41
0 67 82
0 71 82
0 69 123
0 69 41
0 67 82
0 69 82
0 67 123
0 67 41
0 64 82
0 67 82
0 65 123
0 65 41
0 64 82
0 65 82
0 64 164
0 60 75
0 60 6
0 64 82
0 62 164
0 60 75
0 60 6
0 62 82
0 67 164
0 64 75
0 64 6
0 67 82
0 69 164
0 64 75
0 64 6
0 69 82
0 64 164
0 60 75
0 60 6
0 64 82
0 62 164
0 60 75
0 60 6
0 62 82
0 60 164
0 57 75
0 57 6
0 60 82
0 59 164
0 55 75
0 55 6
0 59 82
5415 52 82
0 56 82
164 56 82
0 60 82
164 60 82
0 64 82
164 64 82
0 68 82
164 64 82
0 68 82
164 68 82
0 72 82
164 72 82
0 76 82
164 76 82
0 80 82
164 79 82
0 84 82
164 79 82
0 84 82
164 79 82
0 86 82
164 79 82
0 84 82
164 84 82
0 89 82
164 84 82
0 87 82
164 80 82
0 86 82
164 80 82
0 84 82
164 79 82
0 86 82
164 79 82
0 84 82
164 76 82
0 83 82
164 76 82
0 81 82
164 72 82
0 79 82
164 72 82
0 77 82
164 68 82
0 76 82
164 68 82
0 74 82
164 67 82
0 74 82
164 67 82
0 72 82
164 67 82
0 74 82
164 67 82
0 72 82
164 72 81
164 72 78
167 72 82
0 75 82
164 68 82
0 74 82
164 68 82
0 72 82
164 67 82
0 74 82
164 67 82
0 72 82
159 64 82
4 71 82
159 64 82
4 69 82
164 60 82
0 67 82
164 60 82
0 65 82
164 56 82
0 64 82
164 56 82
0 62 82
82 52 82
0 55 82
0 62 82
82 52 82
0 55 82
0 60 82
82 53 82
0 57 82
0 62 82
82 53 82
0 57 82
0 60 82
82 64 82
0 67 82
0 74 82
82 64 82
0 67 82
0 72 82
82 65 82
0 69 82
0 74 82
82 65 82
0 69 82
0 72 82
82 76 82
0 72 82
0 64 82
82 76 82
0 71 164
82 76 82
0 72 82
0 64 82
82 76 82
0 71 164
82 76 82
0 72 82
0 64 82
82 79 82
0 75 82
0 67 82
82 82 82
0 78 82
0 70 82
82 83 82
0 79 82
0 71 82
82 76 82
0 72 82
0 64 82
82 76 82
0 71 164
82 76 82
0 72 82
0 64 82
82 76 82
0 71 164
82 76 82
0 72 82
0 64 82
82 79 82
0 75 82
0 67 82
82 82 82
0 78 82
0 70 82
82 83 82
0 79 82
0 71 82
82 88 82
0 84 82
0 76 82
82 88 82
0 84 82
0 76 82
82 76 82
0 72 82
0 64 82
82 76 82
0 72 82
0 64 82
82 64 82
0 60 82
0 52 82
82 64 82
0 60 82
0 52 82
82 64 82
0 60 82
0 52 82
82 64 82
0 60 82
0 52 82
0 52 1969
0 47 656
0 52 164
1148 36 164
