0 82 89
0 80 89
89 82 89
0 77 89
89 82 66
111 80 89
0 77 89
89 75 89
0 71 357
89 68 89
0 65 89
0 63 89
0 59 357
89 56 89
0 53 89
0 51 89
0 47 178
0 55 178
893 51 66
290 58 44
44 58 44
223 51 66
290 51 66
290 58 44
44 58 44
223 51 66
290 51 66
290 51 66
111 70 89
0 68 89
0 59 89
0 70 89
0 65 89
89 59 66
89 59 22
89 68 89
0 65 89
0 59 66
22 63 89
0 59 89
89 59 44
133 58 66
22 58 89
89 60 89
0 58 89
66 63 88
111 58 714
0 58 89
0 56 89
89 58 89
0 60 89
89 56 66
111 58 89
0 56 89
89 58 89
0 59 89
89 56 66
111 58 89
0 56 89
89 53 66
22 51 89
89 50 89
89 48 89
89 43 89
89 48 89
89 50 89
89 70 89
0 68 89
0 59 89
0 70 89
0 65 89
89 59 66
89 59 22
89 68 89
0 65 89
0 59 66
22 63 89
0 59 89
89 59 44
133 58 66
22 58 89
89 60 89
0 58 89
66 63 88
111 58 714
0 58 66
22 58 89
89 60 89
0 58 89
89 61 66
111 63 66
111 65 66
111 63 66
111 66 66
111 65 66
22 65 89
89 67 89
0 65 156
0 67 88
111 70 357
0 82 178
178 60 89
0 62 178
0 63 89
0 62 66
111 60 66
111 65 535
111 65 178
0 60 89
0 62 178
0 63 89
0 62 89
89 60 66
111 65 89
89 60 178
0 62 178
0 67 89
89 56 1429
0 55 714
89 46 89
0 48 89
0 50 89
0 48 89
89 46 66
111 60 89
0 62 178
0 63 89
0 62 66
111 60 66
111 65 535
111 65 178
0 60 89
0 62 178
0 63 89
0 62 89
89 60 66
111 65 89
89 60 178
0 62 178
0 67 89
89 71 89
0 80 89
89 82 89
0 77 89
89 82 66
111 80 89
0 77 89
89 75 89
0 71 357
89 68 89
0 65 89
0 63 89
0 59 89
89 55 178
178 51 66
290 51 66
1004 51 66
290 51 66
1004 51 66
290 51 66
960 57 44
0 61 44
267 57 44
0 61 44
267 55 44
0 56 44
267 56 44
0 65 44
267 57 44
0 61 44
267 57 44
0 61 44
267 55 44
0 56 44
267 56 44
0 65 44
267 57 44
0 61 44
803 57 44
0 58 44
1339 48 44
0 47 44
446 57 44
0 61 44
267 57 44
0 61 44
267 55 44
0 56 44
267 56 44
0 65 44
267 57 44
0 61 44
267 57 44
0 61 44
267 55 44
0 56 44
267 56 44
0 65 44
267 57 44
0 61 44
1563 57 892
0 64 178
0 63 177
0 71 44
89 72 44
0 71 44
89 74 44
0 75 44
0 75 133
133 74 44
0 71 44
89 72 44
0 71 44
89 74 44
0 75 44
491 57 892
0 64 178
0 63 177
0 70 44
89 72 44
0 70 44
89 74 44
0 75 44
0 75 133
133 74 44
0 70 44
89 72 44
0 70 44
89 74 44
0 75 44
491 69 357
0 77 178
0 80 357
0 78 178
0 70 89
0 78 89
0 68 89
0 77 89
0 73 178
0 65 178
0 63 89
0 71 89
0 61 89
0 70 89
0 59 356
0 59 178
178 57 178
178 65 357
0 58 178
0 64 178
0 63 177
0 71 44
89 72 44
0 71 44
89 74 44
0 75 44
0 75 133
357 57 892
0 64 178
0 63 177
0 70 44
89 72 44
0 70 44
89 74 44
0 75 44
0 75 133
357 73 357
0 81 178
0 83 357
0 82 178
0 70 89
0 80 89
0 68 89
0 78 89
0 75 178
0 65 178
0 70 89
0 73 178
0 71 89
0 65 267
0 66 89
0 54 1786
0 68 178
0 70 178
267 70 89
0 68 178
0 70 178
0 54 714
0 53 356
0 68 178
0 70 178
267 70 89
0 68 178
0 70 178
0 70 89
0 68 89
89 70 89
0 65 89
89 70 66
111 68 89
0 65 89
89 63 89
0 59 89
89 63 66
111 58 66
22 58 89
89 60 89
0 58 89
66 63 88
111 58 714
0 58 89
0 56 89
89 58 89
0 60 66
111 56 66
111 58 89
0 56 89
89 58 89
0 59 66
111 56 66
111 58 89
0 56 89
89 53 66
22 51 89
89 50 89
89 48 89
89 43 89
89 48 89
89 50 89
89 70 89
0 68 89
0 63 89
0 70 89
0 65 89
89 59 66
89 59 22
89 68 89
0 65 89
0 59 66
22 63 89
0 59 89
89 63 44
133 58 66
22 58 89
89 60 89
0 58 89
66 63 88
111 58 714
0 58 66
22 58 89
89 60 89
0 58 66
111 61 66
111 63 66
111 65 66
111 63 66
111 66 66
111 65 66
22 65 89
89 67 89
0 65 156
0 67 88
111 62 357
0 94 178
178 63 89
0 62 178
0 67 89
0 62 66
111 60 66
111 65 535
111 65 178
0 60 89
0 65 178
0 67 89
0 65 66
111 60 66
111 65 89
89 60 178
0 62 178
0 70 89
89 57 714
0 56 714
0 55 714
0 51 267
0 50 89
0 48 89
0 48 267
0 60 89
0 62 178
0 67 89
0 65 66
111 63 66
111 62 535
111 62 178
0 60 89
0 62 178
0 67 89
0 65 66
111 63 66
111 62 89
89 63 178
0 65 178
0 70 89
89 71 89
0 80 89
89 82 89
0 77 89
89 82 66
111 80 89
0 77 89
89 75 89
0 71 357
89 68 89
0 65 89
0 63 89
0 59 89
89 55 178
178 58 66
290 58 66
1004 51 66
290 51 66
1004 58 66
290 58 66
468 47 178
0 46 48
40 43 4
40 41 4
40 51 4
40 51 174
535 51 178
