0 76 83
83 77 83
83 79 83
83 81 83
83 76 83
83 77 83
83 79 83
83 81 83
167 76 62
104 77 62
104 79 62
104 81 62
104 76 62
104 77 62
104 79 62
104 81 62
104 76 62
104 77 62
104 79 62
104 81 62
104 76 62
104 77 62
104 79 62
104 81 62
104 76 62
104 77 62
104 79 62
104 81 62
104 76 62
104 77 62
104 79 62
104 81 62
104 76 62
104 77 62
104 79 62
104 81 62
104 76 62
104 77 62
104 79 62
104 81 62
104 76 62
104 77 62
104 79 62
104 81 62
104 76 62
104 77 62
104 79 62
104 81 62
104 76 62
104 77 62
104 79 62
104 81 62
104 74 62
104 76 62
104 77 62
104 79 62
104 76 62
104 77 62
104 79 62
104 81 62
104 74 62
104 76 62
104 77 62
104 79 62
104 76 62
104 77 62
104 74 62
104 76 62
104 72 62
104 74 62
104 70 62
104 72 62
104 76 62
104 77 62
104 74 62
104 76 62
104 72 62
104 74 62
104 76 62
104 77 62
104 77 83
83 76 83
83 77 83
83 76 83
83 77 83
83 76 83
83 77 83
83 76 83
83 77 83
83 76 83
83 77 83
83 76 83
83 77 83
83 76 83
83 77 83
83 76 83
83 77 83
83 76 83
83 77 83
83 76 83
83 77 83
83 76 83
83 77 83
83 76 83
83 75 83
83 77 83
83 75 83
83 77 83
83 71 83
83 73 83
83 71 83
83 73 83
83 75 83
83 77 83
83 75 83
83 77 83
83 71 83
83 73 83
83 71 83
83 73 83
83 68 83
83 70 83
83 68 83
83 70 83
83 68 83
83 70 83
83 68 83
83 70 83
83 68 83
83 70 83
83 68 83
83 70 83
83 68 83
83 70 83
83 68 83
83 70 83
83 68 83
83 70 83
83 68 83
83 70 83
83 68 83
83 70 83
83 68 83
83 70 83
83 68 83
83 70 83
83 68 83
83 70 83
83 68 83
83 70 83
83 68 83
83 70 83
83 68 83
83 70 83
83 68 83
83 70 83
83 68 83
83 70 83
83 68 83
83 70 83
83 68 83
83 70 83
83 68 83
83 70 83
83 68 83
83 70 83
83 68 83
83 70 83
0 78 166
83 68 83
83 66 83
83 68 83
0 74 166
83 68 83
83 66 83
83 68 83
0 76 166
83 68 83
83 66 83
83 68 83
83 66 83
83 68 83
0 76 166
83 68 83
0 78 166
83 68 83
0 78 166
83 68 83
0 74 166
83 68 83
0 74 166
83 68 83
0 76 166
83 68 83
83 66 83
83 68 83
83 66 83
83 68 83
83 66 83
83 68 83
0 76 166
83 68 83
83 66 83
83 68 83
0 72 166
83 68 83
83 66 83
83 68 83
0 74 166
83 67 83
83 65 83
83 67 83
83 65 83
83 67 83
0 74 166
83 67 83
0 76 166
83 68 83
0 76 166
83 68 83
0 72 166
83 68 83
0 72 166
83 68 83
0 74 166
83 67 83
83 65 83
83 67 83
83 65 83
83 67 83
83 65 83
83 67 83
83 64 62
104 65 62
104 67 62
104 69 62
104 62 62
104 64 62
104 65 62
104 67 62
104 64 62
104 65 62
104 67 62
104 69 62
104 62 62
104 64 62
104 65 62
104 67 62
20 60 145
104 63 62
104 65 62
104 67 62
104 62 62
104 63 62
104 65 62
104 67 62
104 67 20
0 60 145
104 63 62
104 65 62
104 67 62
104 62 62
104 63 62
104 65 62
104 67 62
104 67 20
334 82 83
27 82 83
27 82 83
27 82 83
27 82 83
27 82 83
27 82 83
27 82 83
27 82 83
27 82 167
0 81 167
0 79 669
0 82 111
0 81 111
0 79 111
0 79 334
0 77 111
0 76 111
0 74 111
0 73 125
41 70 502
334 77 111
0 76 111
0 74 111
0 73 125
41 70 167
0 77 111
0 76 111
0 74 69
0 73 206
0 82 167
0 82 935
0 82 13
0 82 13
0 61 206
0 70 153
0 70 13
669 58 83
0 60 83
0 58 83
0 60 83
0 58 83
0 60 83
0 58 83
0 60 83
0 58 83
0 60 83
0 58 83
0 60 83
0 58 83
0 60 83
0 58 83
0 60 83
0 58 83
0 60 83
0 58 83
0 60 83
0 58 83
0 60 83
0 58 83
0 60 83
0 58 83
0 61 83
0 58 83
0 61 83
167 70 83
0 73 83
167 58 83
0 61 83
0 58 83
0 60 83
0 58 83
0 60 83
0 58 83
0 60 83
0 58 83
0 60 83
0 58 83
0 60 83
0 58 83
0 60 83
0 58 83
0 60 83
0 58 83
0 60 83
0 58 83
0 60 83
0 58 83
0 60 83
0 58 83
0 61 83
0 58 83
0 61 83
167 70 83
0 73 83
0 70 83
0 73 83
502 82 83
27 82 83
27 82 83
27 82 83
27 82 83
27 82 83
27 82 83
27 82 83
27 82 83
27 82 167
0 81 167
0 79 669
0 82 111
0 81 111
0 79 111
0 79 334
0 77 111
0 76 111
0 74 111
0 73 125
41 70 502
334 77 111
0 76 111
0 74 111
0 67 125
41 70 125
41 70 41
0 77 111
0 76 111
0 74 111
0 67 125
41 70 125
41 70 41
0 68 111
0 76 111
0 74 111
0 70 83
0 66 83
502 70 83
0 65 83
502 70 83
0 63 62
1193 70 83
0 66 83
502 70 83
0 65 83
502 70 83
0 63 62
523 63 62
20 62 62
20 66 62
20 65 62
20 63 62
20 65 62
20 66 62
20 67 62
20 63 62
20 62 62
20 66 62
20 65 62
20 63 62
20 65 62
20 66 62
20 67 62
20 66 62
20 65 62
20 70 62
20 69 62
20 66 62
20 68 62
20 70 62
20 71 62
20 66 62
20 65 62
20 70 62
20 69 62
20 66 62
20 69 62
20 70 62
20 71 62
20 70 62
20 69 62
20 73 62
20 72 62
20 70 62
20 71 62
20 73 62
20 74 62
20 70 62
20 69 62
20 73 62
20 72 62
20 70 62
20 71 62
20 73 62
20 74 62
20 70 83
0 71 83
0 73 83
0 74 83
0 70 83
0 71 83
0 73 83
0 74 83
0 70 83
0 71 83
0 73 83
0 74 83
0 70 83
0 71 83
0 73 83
0 74 83
83 76 62
104 77 62
104 79 62
104 81 62
104 74 62
104 76 62
104 77 62
104 79 62
104 76 62
104 77 62
104 79 62
104 81 62
104 74 62
104 76 62
104 77 62
104 79 62
104 76 62
104 77 62
104 74 62
104 76 62
104 72 62
104 74 62
104 70 62
104 72 62
104 76 62
104 77 62
104 74 62
104 76 62
104 72 62
104 74 62
104 76 62
104 77 62
104 77 83
83 76 83
83 77 83
83 76 83
83 77 83
83 76 83
83 77 83
83 76 83
83 77 83
83 76 83
83 77 83
83 76 83
83 77 83
83 76 83
83 77 83
83 76 83
83 77 83
83 76 83
83 77 83
83 76 83
83 77 83
83 76 83
83 77 83
83 76 83
83 77 83
83 76 83
83 77 83
83 76 83
83 75 83
83 73 83
83 75 83
83 73 83
83 72 83
83 70 83
83 72 83
83 70 83
83 69 83
83 67 83
83 69 83
83 67 83
83 63 83
83 63 83
83 63 83
83 63 83
83 63 83
83 63 83
83 64 83
83 64 83
1507 82 83
0 81 83
0 82 83
83 78 83
0 82 83
0 81 83
0 82 83
0 84 418
0 85 83
0 86 251
0 87 83
0 88 586
0 89 83
0 90 251
0 92 83
0 93 83
0 94 83
0 93 83
0 94 83
0 93 83
0 94 83
0 93 83
0 94 83
0 93 83
0 95 83
0 93 83
0 95 83
0 93 83
0 95 83
0 93 83
0 95 83
0 93 83
0 94 83
0 93 83
0 94 83
0 93 83
0 94 83
0 93 83
0 94 83
0 93 83
0 95 83
0 93 83
0 95 83
0 93 83
0 95 83
0 93 83
0 95 83
0 93 83
0 94 83
0 93 83
0 95 83
0 93 83
0 94 83
0 93 83
0 95 83
0 93 83
0 94 83
0 93 83
0 95 83
0 93 83
0 94 83
0 93 83
0 95 83
0 93 83
0 94 83
0 93 83
0 95 83
0 93 83
0 94 83
0 93 83
0 95 83
0 93 83
0 94 83
0 93 83
0 95 83
0 93 83
0 94 83
0 93 83
0 95 83
41 93 1296
