384 60 384
0 69 345
422 60 384
0 69 345
422 60 384
0 69 345
38 57 691
76 65 172
19 67 172
19 69 192
0 65 192
0 72 576
0 69 192
0 67 384
0 72 384
0 67 384
0 65 192
0 62 192
0 69 576
0 65 192
0 64 691
76 64 384
0 62 384
0 64 384
0 65 192
0 67 172
19 60 384
0 65 384
0 67 192
0 69 192
0 70 384
0 70 192
0 69 192
0 67 192
0 65 192
0 67 691
76 65 192
0 67 192
0 69 192
0 65 192
0 72 576
0 69 192
0 64 384
0 72 384
0 67 345
38 65 192
0 62 192
0 62 384
0 64 192
0 65 192
0 60 691
268 60 192
0 62 384
0 64 384
0 65 192
0 67 192
0 60 384
0 65 384
0 67 192
0 69 192
0 62 384
0 70 192
0 69 192
0 67 192
0 65 172
19 65 1497
422 69 172
19 70 172
19 72 345
38 72 345
38 72 345
38 72 345
38 72 172
19 74 172
19 72 172
19 70 172
19 65 384
0 64 384
0 62 384
0 60 345
38 69 192
0 70 192
0 69 192
0 67 192
0 65 384
0 65 384
0 65 192
0 64 192
0 62 384
0 64 384
0 64 192
0 65 172
19 67 384
0 67 192
0 69 192
0 67 192
0 69 192
0 64 691
76 65 172
19 67 172
19 72 345
38 72 345
38 72 345
38 72 345
38 72 172
19 74 172
19 72 172
19 70 172
19 65 345
38 64 345
38 62 345
38 60 172
19 70 172
19 69 172
19 67 172
19 65 172
19 64 172
19 62 345
38 62 172
19 64 172
19 65 172
19 67 172
19 60 345
38 65 345
38 67 172
19 69 172
19 67 518
57 67 172
19 67 172
19 65 172
19 65 2188
883 77 172
19 79 172
19 72 192
0 77 192
0 84 307
0 84 268
0 81 192
0 76 384
0 84 384
0 79 268
0 79 28
0 79 86
0 77 192
0 74 192
0 81 576
0 77 192
0 76 691
76 77 172
19 76 172
19 70 384
0 76 384
0 77 192
0 79 76
0 79 115
0 72 384
0 77 384
0 79 192
0 81 192
0 77 384
0 82 192
0 81 115
0 81 76
0 79 192
0 77 192
0 79 691
76 77 172
19 79 172
19 72 192
0 77 192
0 84 307
0 84 76
0 81 384
0 76 384
0 84 384
0 79 268
0 79 28
0 79 86
0 77 192
0 74 192
0 74 384
0 76 192
0 77 192
0 72 691
76 72 345
38 74 384
0 76 384
0 77 192
0 79 192
0 72 384
0 77 384
0 79 192
0 81 192
0 81 312
72 82 192
0 81 43
0 81 36
0 81 112
0 79 192
0 77 192
0 77 1036
2035 69 172
19 70 172
19 72 345
38 72 345
38 72 345
38 72 345
38 72 172
19 74 172
19 72 172
19 70 172
19 69 345
38 69 345
38 69 345
38 69 345
38 69 172
19 70 172
19 69 172
19 67 172
19 65 345
38 65 345
38 65 172
19 64 172
19 62 345
38 64 345
38 64 172
19 65 172
19 67 345
38 67 172
19 69 172
19 67 172
19 69 172
19 67 345
422 69 172
19 70 172
19 72 345
38 72 345
38 72 345
38 72 345
38 72 172
19 74 172
19 72 172
19 70 172
19 69 345
38 69 345
38 69 345
38 69 172
19 70 172
19 69 172
19 67 172
19 65 172
19 64 172
403 62 172
19 64 172
19 65 172
19 67 172
19 60 345
38 65 345
38 67 172
19 69 172
19 67 691
76 67 172
19 65 172
19 65 2188
1267 65 192
0 67 192
0 69 192
0 72 192
0 77 192
0 79 192
0 81 192
0 77 192
0 84 576
0 81 192
0 79 384
0 84 384
0 79 384
0 77 192
0 74 192
0 81 576
0 77 172
19 76 691
76 76 384
0 74 384
0 76 384
0 77 192
0 79 192
0 72 384
0 77 384
0 79 192
0 81 192
0 81 312
0 81 24
0 81 24
24 82 192
0 81 192
0 79 192
0 77 172
19 79 691
76 77 192
0 79 192
0 81 192
0 77 192
0 84 576
0 81 192
0 79 384
0 84 384
0 79 297
0 79 86
0 77 192
0 74 192
0 74 384
0 76 192
0 77 172
19 72 691
268 72 192
0 74 384
0 76 384
0 77 192
0 79 192
0 72 384
0 77 384
0 79 192
0 81 192
0 81 312
0 81 24
0 81 24
24 82 192
0 81 192
0 79 192
0 77 172
1939 81 192
0 82 192
0 84 384
0 84 384
0 84 384
0 84 384
0 84 192
0 86 192
0 84 192
0 82 172
19 81 384
0 81 384
0 81 384
0 81 345
38 81 192
0 82 192
0 81 192
0 79 192
0 74 384
0 77 384
0 77 192
0 76 76
0 76 115
0 70 384
0 76 384
0 76 192
0 77 76
43 70 52
43 70 331
72 79 192
0 81 192
0 79 192
0 81 4
0 81 36
0 81 151
0 79 691
76 81 192
0 82 192
0 84 384
0 84 384
0 84 384
0 84 384
0 84 192
0 86 192
0 84 192
0 82 172
19 81 384
0 81 384
0 81 384
0 76 192
0 82 153
0 82 38
0 81 192
0 79 192
0 77 192
0 76 172
19 74 384
0 74 192
0 76 192
0 77 192
0 79 192
0 72 384
0 77 384
0 79 192
0 81 172
0 81 523
0 81 24
0 81 24
24 81 192
0 79 192
0 77 192
0 77 964
0 77 24
0 77 24
139 65 192
0 67 192
0 69 192
0 72 192
0 77 192
0 79 192
0 81 576
0 84 192
0 89 192
0 91 172
19 96 691
4 65 344
4 65 17
4 65 18
4 65 17
