1152 69 192
0 71 192
0 72 576
0 71 192
0 72 384
0 76 384
0 71 691
460 64 384
0 69 576
0 67 192
0 69 384
0 72 345
38 67 691
460 65 192
0 64 192
0 65 576
0 64 192
0 65 384
0 72 384
0 64 691
268 72 192
0 72 192
0 72 192
0 71 576
0 66 192
0 66 384
0 71 345
38 71 691
460 69 192
0 71 192
0 72 576
0 71 192
0 72 384
0 76 384
0 71 691
460 64 384
0 69 576
0 67 192
0 69 384
0 72 384
0 67 691
460 64 345
38 65 384
0 72 192
0 71 576
0 72 384
0 74 384
0 76 192
0 72 883
76 72 192
0 71 192
0 69 384
0 71 384
0 68 384
0 69 1036
115 72 192
0 74 172
19 69 1382
153 76 576
0 74 192
0 76 384
0 79 384
0 74 691
460 67 192
0 67 192
0 72 576
0 71 192
0 72 384
0 76 384
0 76 1036
499 69 192
0 71 192
0 72 384
0 71 192
0 72 192
0 74 384
0 72 576
0 67 192
0 67 691
76 77 384
0 76 384
0 74 384
0 72 384
0 76 1036
115 76 345
38 81 768
0 79 768
0 76 384
0 74 192
0 72 883
76 74 384
0 72 192
0 74 576
0 79 384
0 76 1036
115 76 384
0 81 768
0 79 691
76 76 384
0 74 192
0 72 883
76 74 384
0 72 192
0 74 576
0 71 384
0 69 1036
115 69 172
19 71 172
19 72 576
0 71 192
0 72 384
0 76 384
0 71 691
460 64 384
0 69 576
0 67 192
0 69 384
0 72 345
38 67 691
460 65 192
0 64 192
0 65 576
0 64 192
0 65 384
0 72 384
0 64 691
268 72 192
0 72 192
0 72 192
0 71 576
0 66 192
0 66 384
0 71 345
38 71 691
460 69 192
0 71 192
0 72 576
0 71 192
0 72 384
0 76 384
0 71 691
460 64 384
0 69 576
0 67 192
0 69 384
0 72 384
0 67 691
460 64 345
38 65 384
0 72 192
0 71 576
0 72 384
0 74 384
0 76 192
0 72 883
76 72 192
0 71 192
0 69 384
0 71 384
0 68 384
0 69 1036
115 72 192
0 74 172
19 69 1382
153 76 576
0 74 192
0 76 384
0 79 384
0 74 691
460 67 192
0 67 192
0 72 576
0 71 192
0 72 384
0 76 384
0 76 1036
499 69 192
0 71 192
0 72 384
0 71 192
0 72 192
0 74 384
0 72 576
0 67 192
0 67 691
76 77 384
0 76 384
0 74 384
0 72 384
0 76 1036
115 76 345
38 81 768
0 79 768
0 76 384
0 74 192
0 72 883
76 74 384
0 72 192
0 74 576
0 79 384
0 76 1036
115 76 384
0 81 768
0 79 691
76 76 384
0 74 192
0 72 883
76 74 384
0 72 192
0 74 576
0 71 384
0 69 1036
115 69 172
19 71 172
