0 84 337
46 81 172
19 77 364
19 84 364
19 82 364
19 79 710
57 84 3
57 84 18
169 96 345
38 82 345
38 79 172
19 76 364
19 82 364
19 81 364
19 77 537
38 72 86
9 74 86
9 76 86
9 77 86
9 79 86
9 81 86
9 82 86
9 84 86
9 86 14
9 86 28
1022 88 43
0 89 43
0 84 172
19 82 172
19 84 691
268 86 172
19 82 172
19 81 172
19 82 691
268 74 172
19 77 172
19 82 12
371 65 172
19 65 1043
492 77 345
38 76 345
38 77 172
19 72 1574
537 77 345
38 76 345
38 77 172
19 81 1574
153 82 345
38 81 345
38 79 345
38 77 172
19 82 537
38 81 345
38 79 345
38 77 345
38 77 518
57 79 172
19 79 41
639 58 9
639 58 32
1 62 41
1 65 518
57 64 86
9 62 86
9 64 691
460 77 345
38 76 345
38 77 172
19 72 172
810 76 488
810 76 30
34 77 38
34 77 48
9 76 86
9 77 345
38 77 345
38 76 345
38 77 172
19 84 1574
153 82 172
19 82 172
19 82 172
19 82 172
19 82 172
19 81 172
19 79 172
19 82 883
268 79 172
19 81 172
19 82 172
19 81 345
38 81 345
38 81 172
19 79 172
19 77 172
19 81 1574
153 74 345
38 76 345
38 77 345
38 79 172
19 74 364
19 74 172
19 76 345
38 77 172
19 79 172
19 77 172
19 84 1574
153 84 172
19 72 172
19 65 300
82 77 172
19 79 172
19 81 172
19 82 172
19 84 345
38 81 172
19 77 364
19 84 364
19 82 364
19 79 1228
115 82 345
38 79 172
19 76 364
19 82 364
19 81 364
19 77 1228
499 73 345
38 77 345
38 82 345
38 81 172
19 81 172
19 84 172
19 77 883
76 82 172
19 81 172
19 82 172
19 81 172
19 82 172
19 81 172
19 77 172
19 79 883
76 77 172
19 79 172
19 81 172
19 82 172
19 84 345
38 81 172
19 77 364
19 84 364
19 82 364
19 79 1228
115 82 345
38 79 172
19 76 364
19 82 364
19 81 364
19 77 1228
115 74 345
38 86 345
38 84 172
19 82 172
19 81 172
19 82 172
19 84 518
57 77 172
19 77 576
0 81 172
19 82 172
19 81 172
19 77 172
19 82 172
19 81 172
19 77 172
19 86 172
19 84 1574
153 76 345
38 72 172
19 72 172
19 82 172
19 81 172
19 79 172
19 81 172
19 77 345
38 77 345
38 76 345
38 77 172
19 72 364
19 64 345
38 84 172
19 91 345
38 89 172
19 88 172
19 89 86
9 88 86
9 89 172
19 77 345
38 76 345
38 77 172
19 81 883
54 91 21
0 93 172
19 91 172
19 89 172
19 84 172
19 82 172
19 81 172
19 79 172
19 77 172
19 79 691
33 76 21
0 79 21
0 81 172
19 79 172
19 77 172
19 76 172
19 77 691
76 79 172
19 77 64
0 79 64
0 77 64
0 76 172
19 74 172
19 72 345
38 70 345
38 67 1267
38 67 53
38 67 31
38 67 30
536 65 345
38 64 345
38 65 172
19 60 537
230 79 315
230 79 30
38 79 157
38 79 15
19 84 172
19 84 172
19 84 345
38 65 345
38 64 345
38 65 172
19 60 529
19 60 8
230 76 86
9 77 86
9 84 691
76 65 345
38 69 345
38 67 345
38 65 172
19 61 537
38 69 345
38 67 345
38 65 345
38 62 518
57 67 172
19 67 691
76 77 518
76 77 57
0 79 172
19 79 691
460 65 345
38 64 345
38 65 172
19 60 537
38 72 345
38 72 260
38 72 38
84 77 46
84 77 126
19 76 172
19 77 345
38 65 345
38 64 345
38 65 172
19 72 537
38 72 345
38 72 268
114 82 8
114 82 30
114 82 134
19 81 16
175 82 136
175 82 36
19 70 172
19 70 172
19 70 172
19 67 142
49 69 11
49 69 161
19 67 172
19 70 883
268 67 172
19 69 172
19 70 172
19 60 345
38 69 345
38 69 172
19 67 172
19 65 172
19 69 1574
153 62 345
38 64 345
38 65 345
38 67 172
19 62 364
19 62 172
19 64 345
38 65 172
19 67 172
19 65 172
19 67 1574
345 65 172
19 65 345
38 77 172
19 79 172
19 81 172
19 82 172
19 84 345
38 81 172
19 77 364
19 84 364
19 82 364
19 79 1228
115 82 345
38 79 172
19 76 364
19 82 172
19 82 192
19 81 364
19 77 345
38 86 345
38 84 64
0 86 64
0 84 64
0 82 172
19 81 172
19 82 345
38 73 345
38 77 345
38 82 345
38 81 172
19 81 172
19 84 172
19 77 768
0 81 172
19 82 172
19 81 172
19 82 172
19 82 364
19 81 172
19 77 172
19 79 883
76 77 172
19 79 172
19 81 172
19 82 172
19 84 345
38 81 172
19 77 364
19 84 364
19 82 364
19 79 1228
115 82 345
38 79 172
19 76 364
19 82 364
19 81 364
19 77 1228
115 74 345
38 86 345
38 84 172
19 82 172
19 81 172
19 82 172
19 84 518
19 84 57
0 77 172
19 77 691
76 82 172
19 81 172
19 77 172
19 82 172
19 81 172
19 77 172
19 86 172
19 84 1574
153 84 345
38 72 172
19 72 172
19 82 172
19 81 172
19 79 172
19 81 172
19 77 691
76 77 40
55 84 13
55 84 23
55 84 49
9 77 172
19 79 86
9 81 86
969 85 40
55 92 13
55 92 23
55 92 49
9 85 172
19 87 86
9 89 86
201 85 345
38 82 172
19 78 364
19 85 364
19 83 364
19 80 1344
0 83 345
38 80 172
19 77 364
19 83 364
19 82 364
19 78 345
38 82 284
38 82 30
69 89 23
69 89 40
0 90 64
0 89 64
0 87 172
19 85 172
19 83 345
38 74 345
38 78 345
38 83 345
38 82 172
19 82 172
19 85 172
19 78 710
57 82 172
19 83 172
19 82 172
19 83 172
19 82 172
19 83 172
19 82 172
19 78 172
19 80 883
76 78 172
19 80 172
19 82 172
19 83 172
19 85 345
38 82 172
19 78 364
19 85 364
19 83 364
19 80 537
38 80 32
62 85 20
62 85 23
62 85 42
9 85 172
19 87 86
9 89 86
201 83 345
38 80 172
19 77 364
19 83 364
19 82 364
19 78 345
38 82 284
38 82 30
69 89 23
69 89 34
6 90 57
6 89 57
6 87 172
19 85 172
19 75 345
38 87 345
38 85 172
19 83 172
19 82 172
19 83 172
19 85 518
57 78 172
19 78 518
57 82 172
18 83 172
19 82 172
19 78 172
19 83 172
19 82 76
115 78 172
19 87 172
19 85 768
0 73 172
19 83 172
19 82 172
19 80 172
19 82 172
19 66 345
38 70 172
19 66 364
19 73 364
19 71 38
19 71 326
19 68 1344
0 71 345
38 68 172
19 65 364
19 71 364
19 66 364
19 66 537
230 68 172
19 70 172
19 71 172
19 73 345
38 70 172
19 66 364
19 73 364
19 71 364
19 68 1228
115 61 345
38 68 172
19 65 364
19 62 364
19 63 364
19 66 1228
115 73 345
38 70 172
19 66 364
19 73 364
19 71 364
19 68 1228
115 71 345
38 68 172
19 65 364
19 71 364
19 70 364
19 66 537
38 78 172
19 80 172
19 82 172
19 83 172
19 85 345
38 82 172
19 78 364
19 85 364
19 83 364
19 80 1228
115 83 345
38 80 172
19 77 364
19 83 364
19 82 364
19 78 1228
28 78 43
0 83 43
0 87 691
268 77 134
268 77 15
42 85 19
42 85 153
19 83 172
19 73 652
19 73 38
268 75 126
65 83 4
65 83 23
65 83 145
19 82 172
19 83 1382
24 95 43
0 90 43
0 87 43
0 85 1382
130 54 1244
130 54 38
130 54 46
130 54 53
