0 79 1430
105 74 1430
105 72 19
844 81 2054
844 81 48
844 81 48
1785 76 172
19 76 172
19 76 172
19 76 172
19 74 172
19 76 172
19 81 172
19 76 172
19 74 86
9 74 1132
307 74 172
19 74 172
19 74 172
19 74 172
19 72 172
19 74 172
19 79 172
19 74 172
19 72 172
19 71 172
19 72 710
57 69 86
9 71 86
9 72 172
19 72 172
19 72 172
19 72 172
19 72 518
57 69 86
9 71 86
9 72 172
19 72 172
19 72 172
19 72 172
19 71 172
19 72 345
38 69 86
9 71 86
9 72 172
19 72 172
19 72 172
19 72 172
19 72 172
19 79 345
38 72 172
19 74 1382
345 76 172
19 76 172
19 76 172
19 76 172
19 74 172
19 76 172
19 81 172
19 76 172
19 74 86
9 74 1132
307 74 172
19 74 172
19 74 172
19 74 172
19 72 172
19 74 172
19 79 172
19 74 172
19 72 172
19 71 172
19 72 710
57 69 86
9 71 86
9 72 172
19 72 172
19 72 172
19 72 115
19 72 57
19 72 518
57 69 86
9 71 19
9 71 67
9 72 172
19 72 172
19 72 172
19 72 115
19 72 57
19 71 172
19 72 345
38 69 86
9 71 86
9 72 172
19 72 172
19 72 172
19 72 115
19 72 57
19 72 172
19 79 345
38 77 86
9 75 19
9 75 67
9 74 691
76 64 345
38 65 307
38 65 38
38 79 172
19 79 345
38 79 172
19 79 172
19 77 172
19 76 172
19 74 172
19 74 172
19 76 86
9 72 441
38 62 172
19 57 153
19 57 19
19 64 86
201 65 57
201 65 28
9 79 172
19 79 172
19 79 172
19 79 172
19 79 172
19 77 172
19 76 172
19 74 172
19 74 172
19 76 883
76 72 172
19 74 172
19 76 518
57 69 172
19 72 691
76 57 345
38 57 345
38 53 345
38 72 172
19 74 172
19 76 518
57 69 172
19 72 691
76 60 1036
115 81 172
19 83 86
9 76 86
9 84 172
19 84 172
19 86 172
19 84 172
19 83 345
38 76 172
19 79 86
9 72 86
9 81 172
19 81 172
19 79 172
19 77 172
19 79 518
57 67 172
19 67 172
19 65 172
19 65 172
19 63 172
19 65 345
38 60 172
19 65 172
19 59 518
57 59 172
19 59 345
38 81 172
19 83 172
19 72 110
81 84 172
19 86 172
19 84 172
19 83 345
38 76 172
19 79 172
19 72 134
57 81 172
19 79 172
19 77 172
19 79 518
57 79 172
19 79 172
19 77 172
19 77 172
19 75 172
19 77 345
38 79 172
19 80 172
19 82 172
19 80 172
19 80 172
19 79 172
19 80 345
38 79 44
211 82 44
83 72 20
27 80 715
388 80 172
19 82 172
19 72 715
244 84 172
19 83 172
19 84 172
19 74 715
244 79 172
19 84 172
19 83 172
19 84 518
57 76 172
19 76 172
19 74 172
19 76 172
19 81 172
19 76 172
19 81 172
19 81 172
19 81 172
19 81 172
19 79 172
19 81 172
19 86 172
19 83 345
38 81 172
19 84 1228
115 83 345
38 79 345
38 81 1036
499 91 691
76 89 345
38 84 345
38 86 1036
115 57 1382
153 55 1382
153 60 1036
115 60 345
38 62 1382
153 76 172
19 74 172
19 76 172
19 81 172
19 76 691
76 74 172
19 72 172
19 74 172
19 79 172
19 74 518
57 69 86
9 71 86
9 72 691
76 69 172
19 71 172
19 72 172
19 74 172
19 66 691
76 68 172
403 83 115
403 83 57
19 84 86
9 72 76
9 72 9
9 84 86
9 72 76
9 72 9
9 86 86
9 74 76
9 74 9
9 84 86
9 72 76
9 72 9
9 83 86
9 71 76
9 71 9
9 83 86
9 71 76
9 71 9
9 72 128
0 71 44
19 79 64
0 71 108
0 71 19
0 81 86
9 69 76
9 69 9
9 81 86
9 69 76
9 69 9
9 79 86
9 69 76
9 69 9
9 77 86
9 65 76
9 65 9
9 79 86
105 74 86
9 67 57
9 67 28
9 72 172
19 67 172
19 67 172
19 65 172
19 65 172
19 63 172
19 65 345
38 60 172
19 65 172
19 59 518
57 59 172
19 59 345
38 81 172
19 83 172
19 72 110
81 84 172
19 86 172
19 84 172
19 83 345
38 76 172
19 79 172
19 72 134
57 81 172
19 79 172
19 77 172
19 79 518
57 79 172
19 79 172
19 77 172
19 77 172
19 75 172
19 77 345
38 79 172
19 80 172
19 82 172
19 80 172
19 80 172
19 79 172
19 80 345
38 79 44
211 82 44
83 72 20
27 80 715
388 80 172
19 82 172
19 72 715
244 84 172
19 83 172
19 84 172
19 74 715
244 79 172
19 84 172
19 83 172
19 84 1382
153 64 518
57 64 172
19 64 170
85 62 170
85 64 170
85 69 345
38 64 1036
115 62 518
57 62 172
19 62 170
85 60 89
85 60 80
85 62 89
85 62 80
85 79 89
85 79 256
38 62 1036
115 72 256
0 72 128
0 72 128
0 70 128
0 72 128
0 77 128
0 75 128
0 74 128
0 72 128
0 70 128
0 69 128
0 67 128
0 65 128
0 63 128
0 62 128
0 60 128
0 58 128
0 57 128
0 55 128
0 53 128
0 51 128
0 50 128
0 48 128
0 77 256
0 77 128
0 77 128
0 75 128
0 77 128
0 84 128
0 82 128
0 81 128
0 79 128
0 77 128
0 75 128
0 74 128
0 72 128
0 70 128
0 69 128
0 67 128
0 65 128
0 63 128
0 62 128
0 60 128
0 62 128
0 63 128
0 65 128
0 67 128
0 69 128
0 70 128
0 72 128
0 74 128
0 75 128
0 77 128
0 74 128
0 75 128
0 77 128
0 79 128
0 81 128
0 84 128
0 82 128
0 81 128
0 82 128
0 84 128
0 86 128
0 91 192
0 91 64
0 91 128
0 91 345
38 76 192
0 76 64
0 76 128
0 76 128
0 74 128
0 76 128
0 81 128
0 76 128
0 74 128
0 72 128
64 67 42
21 67 84
21 67 4
38 67 128
0 65 128
0 67 128
0 72 128
0 67 128
0 65 128
0 64 128
64 74 42
21 74 84
21 74 4
38 74 128
0 72 128
0 74 128
0 79 128
0 74 128
0 72 128
0 71 128
64 65 42
21 65 84
21 65 4
38 65 128
0 64 128
0 65 128
0 71 128
0 69 128
0 67 128
0 65 128
64 74 42
21 74 84
21 74 4
38 74 128
0 72 128
0 74 128
0 79 128
0 77 128
0 76 128
0 74 128
0 72 128
0 71 128
0 69 128
0 67 128
0 65 128
0 63 128
0 62 128
0 60 128
256 77 1203
76 79 691
460 76 128
0 74 128
0 76 128
0 81 128
0 76 128
0 74 128
0 72 128
0 71 128
0 69 128
384 79 128
0 77 128
0 79 128
0 84 128
0 82 128
0 81 128
0 79 128
0 77 128
0 75 128
384 86 128
0 84 128
0 86 128
384 89 128
0 87 128
0 89 128
0 86 192
0 86 64
0 86 128
0 86 128
0 84 128
0 86 128
0 91 128
0 86 128
0 84 128
0 83 128
0 81 128
0 79 128
0 78 128
0 76 128
0 74 128
0 77 1036
115 72 43
4 67 43
4 72 43
4 67 43
4 72 43
4 67 43
4 72 43
4 67 43
4 72 43
4 67 43
4 72 43
4 67 43
4 72 43
4 67 43
4 72 43
4 67 43
4 72 43
4 67 43
4 72 43
4 67 43
4 72 43
4 67 43
4 72 43
4 67 43
4 72 43
4 67 43
4 72 43
4 67 43
4 72 43
4 67 43
4 72 43
4 67 3
44 77 1382
153 79 1382
153 80 691
76 82 2150
