96 84 86
9 82 86
9 79 86
9 84 172
19 82 86
9 79 86
105 84 86
9 82 86
9 79 86
9 84 172
19 82 86
9 79 86
105 82 86
9 77 86
9 75 86
9 82 172
19 77 86
9 75 86
105 82 86
9 77 86
9 75 86
9 82 172
19 77 86
9 75 86
105 84 86
9 82 86
9 79 86
9 84 172
19 82 86
9 79 86
105 84 86
9 82 86
9 79 86
9 84 172
19 82 86
9 79 86
105 82 86
9 77 86
9 75 86
9 82 172
19 77 86
9 75 86
105 82 86
9 77 86
9 75 86
9 82 172
19 77 86
9 75 86
105 84 86
9 82 86
9 79 86
9 84 172
19 82 86
9 79 86
105 84 86
9 82 86
9 79 86
9 84 172
19 82 86
9 79 86
105 82 86
9 77 86
9 75 86
9 82 172
19 77 86
9 75 86
105 82 86
9 77 86
9 75 86
9 82 172
19 77 86
9 75 86
105 84 86
9 82 86
9 79 86
9 84 172
19 82 86
9 79 86
105 84 86
9 82 86
9 79 86
9 84 172
19 82 86
9 79 86
105 82 86
9 77 86
9 75 86
9 82 172
19 77 86
9 75 86
105 82 86
9 77 5
89 75 48
47 72 13
176 63 16
175 77 345
38 77 172
19 79 172
19 75 345
38 63 172
19 63 172
19 77 345
38 77 172
19 82 172
19 79 345
38 79 172
19 82 172
19 84 172
19 84 172
19 84 172
19 87 172
19 86 172
19 84 172
19 82 172
19 80 172
19 79 345
38 65 172
19 60 16
155 79 364
38 60 172
19 63 172
19 77 345
38 77 172
19 79 172
19 75 345
38 63 172
19 63 172
19 77 345
38 77 172
19 82 172
19 79 345
38 79 172
19 82 172
19 84 172
19 84 172
19 84 172
19 87 172
19 86 172
19 84 172
19 79 172
19 72 172
19 75 691
76 77 172
19 75 172
19 84 172
19 87 172
19 89 345
38 89 172
19 91 172
19 87 345
38 75 172
19 75 172
19 89 345
38 89 172
19 94 172
19 91 345
38 91 172
19 94 172
19 96 172
19 96 172
19 96 172
19 99 172
19 98 172
19 96 172
19 94 172
19 92 172
19 91 345
38 77 172
19 72 16
155 91 364
38 72 172
19 75 172
19 89 345
38 89 172
19 91 172
19 87 345
38 75 172
19 75 172
19 89 345
38 89 172
19 94 172
19 91 345
38 91 172
19 94 172
19 96 172
19 96 172
19 96 172
19 99 172
19 98 172
19 96 172
19 91 172
19 84 172
19 87 691
76 75 345
38 74 345
38 75 172
19 75 172
19 75 172
19 75 172
19 75 172
19 75 172
19 75 172
19 75 172
19 75 172
19 75 172
19 75 172
19 75 172
19 75 172
19 75 172
19 75 172
19 75 172
19 75 172
19 75 172
19 75 172
19 75 172
19 75 172
19 75 172
19 75 172
19 75 172
19 75 172
19 75 172
19 75 172
19 75 172
19 75 172
19 75 172
19 75 172
19 75 172
19 75 172
19 75 172
19 75 172
19 75 172
19 75 172
19 75 172
19 75 172
19 75 172
19 75 172
19 75 172
19 75 172
19 75 172
19 75 172
19 75 172
19 75 172
19 75 172
19 79 172
19 80 172
19 82 172
19 75 172
19 67 172
19 67 172
403 60 172
19 67 172
19 68 172
19 60 4
187 67 345
38 60 172
19 63 172
19 77 345
38 77 172
19 79 172
19 75 345
38 63 172
19 63 172
19 77 345
38 77 172
19 82 172
19 79 345
38 79 172
19 82 172
19 84 172
19 84 172
19 84 172
19 87 172
19 86 172
19 84 172
19 82 172
19 80 172
19 79 345
38 65 172
19 60 16
155 79 364
38 60 172
19 63 172
19 77 345
38 77 172
19 79 172
19 75 345
38 63 172
19 63 172
19 77 345
38 77 172
19 82 172
19 79 345
38 79 172
19 82 172
19 84 172
19 84 172
19 84 172
19 87 172
19 86 172
19 84 172
19 79 172
19 72 172
19 75 691
460 72 172
19 75 172
19 77 86
9 75 86
9 72 86
9 70 192
0 72 86
9 75 86
9 77 192
0 75 86
9 72 576
0 77 86
9 75 86
9 72 86
9 70 192
0 72 86
9 75 86
9 77 192
0 75 86
9 72 384
0 84 86
9 87 86
9 89 86
9 87 86
9 84 86
9 82 192
0 84 86
9 87 86
9 89 192
0 87 86
9 84 288
0 84 86
9 87 86
9 89 86
9 91 86
9 91 86
9 89 86
9 91 192
0 79 86
9 77 86
9 79 192
0 62 86
9 60 86
9 62 288
0 67 86
9 70 86
9 77 86
9 75 86
9 72 86
9 70 192
0 72 86
9 75 86
9 77 192
0 75 86
9 72 576
0 89 86
9 87 86
9 84 86
9 82 192
0 84 86
9 87 86
9 89 192
0 87 86
9 84 384
0 79 86
9 82 86
9 84 86
9 87 86
9 84 86
9 87 288
0 84 4
0 84 192
187 91 172
19 87 86
9 86 86
9 82 172
19 84 691
4 67 369
86 60 172
19 63 172
19 77 345
38 77 172
19 79 172
19 75 345
38 60 172
19 63 172
19 77 345
38 77 172
19 82 172
19 79 345
38 79 172
19 82 172
19 84 172
19 84 172
19 84 172
19 87 172
19 86 172
19 84 172
19 82 172
19 80 172
19 79 345
38 65 172
19 60 16
155 79 364
38 60 172
19 63 172
19 77 345
38 77 172
19 79 172
19 75 345
38 63 172
19 63 172
19 77 345
38 77 172
19 82 172
19 79 345
38 79 172
19 82 172
19 84 172
19 84 172
19 84 172
19 87 172
19 86 172
19 84 172
19 79 172
19 72 172
19 75 691
76 63 345
38 62 345
38 61 172
19 63 172
19 61 172
19 60 172
19 61 172
19 61 172
19 61 172
19 61 172
19 61 172
19 61 172
19 61 172
19 63 172
19 63 172
19 61 172
19 60 172
19 58 172
19 60 172
19 61 172
19 63 172
19 63 172
19 63 172
19 63 172
19 63 172
19 63 172
19 63 172
19 63 172
19 63 172
19 63 172
19 63 172
19 63 172
19 62 172
19 62 172
19 61 172
19 63 172
19 61 172
19 60 172
19 61 172
19 61 172
19 61 172
19 61 172
19 61 172
19 61 172
19 61 172
19 63 172
19 63 172
19 61 172
19 63 172
19 65 172
19 60 172
19 60 172
19 60 172
19 55 172
19 55 172
19 55 172
19 55 172
19 55 172
19 53 691
4 68 191
71 79 172
19 80 172
19 72 16
155 79 709
76 60 345
38 75 345
38 77 345
38 77 172
19 79 172
19 75 345
38 63 172
19 63 172
19 77 345
38 77 172
19 82 172
19 79 345
38 79 172
19 82 172
19 84 172
19 84 172
19 84 172
19 87 172
19 86 172
19 84 172
19 82 172
19 80 172
19 79 345
38 65 172
19 60 16
155 79 364
38 60 172
19 63 172
19 77 345
38 77 172
19 79 172
19 75 345
38 63 172
19 63 172
19 77 345
38 77 172
19 82 172
19 79 345
38 79 172
19 82 172
19 84 172
19 84 172
19 84 172
19 87 172
19 86 172
19 84 172
19 79 172
19 72 172
19 75 691
76 77 172
19 75 172
19 84 172
19 87 172
19 89 345
38 89 172
19 91 172
19 87 345
38 75 172
19 75 172
19 89 345
38 89 172
19 94 172
19 91 345
38 91 172
19 94 172
19 96 172
19 96 172
19 96 172
19 99 172
19 98 172
19 96 172
19 94 172
19 92 172
19 91 345
38 77 172
19 72 16
155 91 364
38 72 172
19 75 172
19 89 345
38 89 172
19 91 172
19 87 345
38 75 172
19 75 172
19 89 345
38 89 172
19 94 172
19 91 345
38 91 172
19 94 172
19 96 172
19 96 172
19 96 172
19 99 172
19 98 172
19 96 172
19 91 172
19 84 172
19 87 691
460 60 172
19 63 172
19 77 172
19 77 172
19 77 172
19 77 172
19 77 172
19 77 172
19 79 172
19 79 172
19 63 172
19 63 172
19 63 172
19 63 172
19 60 172
19 60 172
19 63 172
19 63 172
19 77 172
19 77 172
19 77 172
19 77 172
19 77 172
19 77 172
19 82 172
19 82 172
19 79 172
19 79 172
19 79 172
19 79 172
19 79 172
19 79 172
403 72 691
76 79 691
460 55 345
38 62 46
308 70 16
19 77 8
