80 67 86
9 72 86
9 74 86
9 76 86
9 74 172
19 72 86
9 72 441
422 67 86
9 72 86
9 74 86
9 76 86
9 74 172
19 72 86
9 74 268
19 76 172
19 76 345
38 67 86
9 72 86
9 74 86
9 76 86
9 74 172
19 72 86
9 72 441
422 67 86
9 72 86
9 74 86
9 76 86
9 74 172
19 72 86
9 74 268
19 79 172
19 76 345
38 76 172
19 77 172
19 79 172
19 79 86
9 79 268
19 79 172
19 79 172
19 76 86
9 72 86
201 76 86
9 77 86
9 79 172
19 79 86
9 79 268
19 79 172
19 79 172
19 76 86
9 72 86
201 72 86
9 74 86
9 76 172
19 76 86
9 76 268
19 76 172
19 76 172
19 81 172
19 76 172
19 72 172
19 74 691
460 67 86
9 72 86
9 74 86
9 76 86
9 74 172
19 72 86
9 72 441
422 67 86
9 72 86
9 74 86
9 76 86
9 74 172
19 72 86
9 74 268
19 76 172
19 76 345
38 67 86
9 72 86
9 74 86
9 76 86
9 74 172
19 72 86
9 72 441
422 67 86
9 72 86
9 74 86
9 76 86
9 74 172
19 72 86
9 74 268
19 79 172
19 76 345
38 76 172
19 77 172
19 79 172
19 79 86
9 79 268
19 79 172
19 79 172
19 76 86
9 72 86
201 76 86
9 77 86
9 79 172
19 79 86
9 79 268
19 79 172
19 79 172
19 76 86
9 72 86
201 72 86
9 74 86
9 76 172
19 76 86
9 76 268
19 76 172
19 76 172
211 76 86
9 74 86
9 72 86
9 69 86
9 72 345
38 72 345
38 64 691
76 64 345
38 60 172
19 64 172
19 62 691
76 67 345
38 67 172
19 62 86
9 60 86
9 67 345
38 67 172
19 62 86
9 60 86
9 67 345
38 67 172
19 62 86
9 60 86
9 62 691
76 64 345
38 60 172
19 64 172
19 62 691
76 67 345
38 67 172
19 62 86
9 60 86
9 67 345
38 67 172
19 62 86
9 60 86
9 67 345
38 67 172
19 62 86
9 60 86
9 62 691
76 79 172
19 79 86
9 79 268
19 79 172
19 79 172
19 76 86
9 72 86
201 76 86
9 77 86
9 79 172
19 79 86
9 79 268
19 79 172
19 79 172
19 76 86
9 72 86
201 72 86
9 74 86
9 76 172
19 76 86
9 76 268
19 76 172
19 76 172
19 81 172
19 76 172
19 72 172
19 74 691
460 67 86
9 72 86
9 74 86
9 76 86
9 74 172
19 72 86
9 72 441
422 67 86
9 72 86
9 74 86
9 76 86
9 74 172
19 72 86
9 74 268
19 76 172
19 76 345
38 67 86
9 72 86
9 74 86
9 76 86
9 74 172
19 72 86
9 72 441
422 67 86
9 72 86
9 74 86
9 76 86
9 74 172
19 72 86
9 74 268
19 79 172
19 76 345
38 76 172
19 77 172
19 79 172
19 79 86
9 79 268
19 79 172
19 79 172
19 76 86
9 72 86
201 76 86
9 77 86
9 79 172
19 79 86
9 79 268
19 79 172
19 79 172
19 76 86
9 72 86
201 72 86
9 74 86
9 76 172
19 76 86
9 76 268
19 76 172
19 76 172
211 76 86
9 74 86
9 72 86
9 69 86
9 72 345
38 84 345
38 83 518
57 79 172
19 76 345
38 72 172
19 76 172
19 74 345
38 67 86
9 72 86
9 74 86
9 76 86
9 74 172
19 72 86
9 72 86
9 84 345
38 83 518
57 79 172
19 81 345
38 57 86
9 59 86
9 60 86
9 62 86
9 64 86
9 65 86
9 62 172
19 67 86
9 72 86
9 74 86
9 76 86
9 74 172
19 72 86
9 72 86
9 84 345
38 83 518
57 79 172
19 76 345
38 72 172
19 76 172
19 74 345
38 67 86
9 72 86
9 74 86
9 76 86
9 74 172
19 72 86
9 72 441
38 69 345
38 67 172
19 65 172
19 60 691
