0 64 1656
0 64 621
0 66 207
0 63 1656
0 66 828
0 69 1656
0 66 414
0 68 207
0 63 207
0 68 1656
0 64 828
0 65 1656
0 65 207
0 68 207
0 69 207
0 68 207
0 66 1242
0 73 393
20 66 393
20 69 393
20 73 1656
0 69 621
0 69 207
0 64 1656
0 64 414
0 64 414
0 64 621
0 72 207
0 63 828
0 63 414
0 72 414
0 67 621
0 72 207
0 68 828
0 68 414
0 68 414
0 80 621
0 69 207
0 78 828
0 78 414
0 69 414
0 73 621
0 80 207
0 72 4142
0 76 1656
0 76 414
0 76 414
0 64 621
0 73 207
0 69 828
0 69 414
0 73 414
0 64 621
0 71 207
0 63 828
0 63 414
0 69 414
0 59 828
0 59 828
0 59 828
0 68 1656
0 64 621
0 63 207
0 66 1656
0 63 828
0 61 1656
0 63 207
0 66 207
0 68 207
0 63 207
0 68 1656
0 64 828
0 62 1656
0 62 621
0 61 207
0 69 1242
0 61 414
0 69 414
0 61 414
0 73 1656
0 63 621
0 68 196
10 68 1656
10 68 414
0 68 414
0 76 621
0 66 207
0 75 828
0 75 414
0 66 414
0 71 621
0 78 196
0 78 10
0 75 828
0 75 414
0 80 414
0 76 621
0 83 196
10 75 828
2071 71 414
2071 71 414
0 81 414
0 68 1656
0 68 414
0 64 414
0 75 621
0 73 207
0 66 828
0 66 414
0 63 414
0 73 828
0 71 828
0 60 414
0 66 414
0 61 828
0 64 828
0 64 414
0 56 414
0 61 621
0 63 207
0 61 414
0 81 414
0 81 414
0 63 414
0 54 621
0 63 207
0 54 414
0 81 414
0 81 414
0 63 414
0 54 1242
0 64 207
0 66 207
0 68 414
0 63 414
0 56 1656
0 56 414
0 56 414
0 64 621
0 63 207
0 55 828
0 55 414
0 55 414
0 64 621
0 63 207
0 54 828
0 54 414
0 54 414
0 63 1242
0 64 207
0 66 207
0 68 414
0 60 414
1242 73 414
2071 73 414
828 49 828
0 49 828
0 50 828
0 52 621
0 50 17
0 50 189
0 49 17
0 49 1225
0 52 414
0 54 621
0 52 17
0 52 189
0 50 17
0 50 396
0 54 414
0 52 414
0 49 414
0 47 1242
0 47 414
0 49 414
0 50 414
0 49 828
0 49 828
0 50 828
0 52 621
0 50 17
0 50 189
0 49 17
0 49 1225
0 54 414
0 50 621
0 54 17
0 54 189
0 50 17
0 50 396
0 50 207
0 56 207
0 52 414
0 50 414
0 50 828
0 49 414
0 49 414
828 69 276
0 61 138
0 64 138
0 61 138
0 57 138
0 69 276
0 61 138
0 64 138
0 61 138
0 57 138
0 71 276
0 64 138
0 68 138
0 64 138
0 59 138
0 73 276
0 64 138
0 69 138
0 64 138
0 62 34
0 71 103
0 69 276
0 61 138
0 64 138
0 61 138
0 57 138
138 61 138
0 64 138
0 61 138
0 64 138
0 69 138
0 74 276
0 66 138
0 69 138
0 66 138
0 64 34
0 73 103
0 71 276
0 69 138
0 74 276
0 69 138
0 73 276
0 64 138
0 69 276
0 61 138
0 68 276
0 59 138
0 64 138
0 59 138
0 56 138
0 64 138
0 59 138
0 56 138
0 68 276
0 59 138
0 68 276
0 61 138
0 68 276
0 62 138
0 69 276
0 61 138
0 64 138
0 61 138
0 57 138
0 69 276
0 61 138
0 64 138
0 61 138
0 57 138
0 71 276
0 64 138
0 68 138
0 64 138
0 59 138
0 73 276
0 64 138
0 69 138
0 64 138
0 62 34
0 71 103
0 69 276
0 61 138
0 64 138
0 61 138
0 57 138
138 61 138
0 64 138
0 70 138
0 66 138
0 64 138
0 74 276
0 66 138
0 71 138
0 66 138
0 64 34
0 73 103
0 71 276
0 66 138
0 74 276
0 68 138
0 73 276
0 64 138
0 71 276
34 62 103
0 71 34
103 68 138
0 64 138
0 68 138
0 64 138
0 62 138
0 69 414
1242 56 828
0 56 828
0 52 828
0 54 638
189 62 17
189 62 811
0 54 414
0 56 414
0 57 621
0 59 207
0 57 414
0 59 414
0 57 414
0 55 414
0 55 828
0 54 1656
0 53 828
0 53 828
0 53 828
0 58 621
0 57 68
34 60 17
34 58 17
34 55 17
34 55 396
0 55 414
0 55 414
0 55 414
0 53 1656
0 51 638
0 51 189
0 50 17
0 50 2468
0 50 1242
0 61 224
0 61 189
0 64 17
0 64 396
0 50 414
0 49 828
0 49 828
0 50 828
0 52 621
0 50 17
0 50 189
0 49 17
0 49 1225
0 52 414
0 53 621
0 52 17
0 52 189
0 50 17
0 50 396
0 53 414
0 52 414
0 49 414
0 47 1242
0 47 414
0 48 414
0 50 414
0 48 828
0 52 828
0 50 828
0 52 638
0 52 189
0 55 17
0 55 1225
0 57 414
0 56 638
0 56 189
0 57 17
0 57 396
0 54 207
0 62 207
0 52 414
0 50 414
0 50 828
0 49 414
0 49 414
828 71 276
0 64 138
0 68 138
0 64 138
0 59 138
0 71 276
0 64 138
0 68 138
0 64 138
0 59 138
0 73 276
0 66 138
0 70 138
0 66 138
0 64 138
0 74 276
0 66 138
0 71 138
0 66 138
0 73 34
0 76 103
0 78 276
0 71 138
0 74 138
0 71 138
0 66 138
138 74 138
0 71 138
0 74 138
0 71 138
0 68 138
0 78 276
0 69 138
0 74 138
0 69 138
0 71 34
0 79 103
0 81 276
0 74 138
0 79 276
0 74 138
0 78 276
0 74 138
0 76 276
0 69 138
0 76 276
0 69 138
0 73 138
0 69 138
0 67 138
0 74 276
0 66 138
0 69 138
0 66 138
0 62 138
138 66 138
0 62 138
0 69 138
0 66 138
0 62 138
0 70 276
0 62 138
0 65 138
0 62 138
0 58 138
0 70 276
0 62 138
0 65 138
0 62 138
0 58 138
0 70 276
0 62 138
0 65 138
0 62 138
0 58 138
0 70 276
0 63 138
0 67 138
0 63 138
0 58 138
0 67 276
0 58 138
0 79 276
0 67 138
0 77 276
0 67 138
0 75 276
0 67 138
0 74 276
0 65 138
0 70 138
0 65 138
0 62 138
138 70 138
0 65 138
0 70 138
0 65 138
0 62 138
0 75 276
0 69 138
0 72 276
0 63 34
0 72 103
0 71 276
0 62 138
0 68 138
0 62 138
0 59 138
138 68 138
0 62 138
0 68 138
0 62 138
0 59 138
138 68 138
0 62 138
0 68 138
0 62 138
0 59 138
0 71 276
0 61 138
0 68 138
0 61 138
0 59 138
138 68 138
0 61 138
0 68 138
0 61 138
0 59 138
0 71 276
0 62 138
0 68 138
0 62 138
0 59 138
0 71 276
0 62 138
0 66 138
0 62 138
0 61 34
0 69 86
0 69 17
0 69 276
0 61 138
0 66 138
0 61 138
0 57 138
138 66 138
0 61 138
0 66 138
0 61 138
0 57 138
0 69 276
0 61 138
0 66 138
0 61 138
0 57 138
138 66 138
0 61 138
0 66 138
0 61 138
0 57 138
0 69 276
0 62 138
0 66 138
0 62 138
0 57 138
0 69 276
0 61 138
0 66 138
0 61 138
0 64 34
0 68 91
0 68 12
0 68 276
0 61 138
0 64 138
0 61 138
0 56 138
138 64 138
0 61 138
0 64 138
0 61 138
0 56 138
0 68 276
0 61 138
0 63 138
0 61 138
0 56 138
138 63 138
0 61 138
0 63 138
0 61 138
0 56 138
0 68 276
0 60 138
0 63 138
0 60 138
0 56 138
2485 64 1656
0 64 724
0 63 98
5 63 1656
0 63 828
0 66 1656
0 66 414
0 64 207
0 63 207
0 64 1656
0 64 828
0 65 1656
0 65 207
0 68 207
0 66 207
0 65 207
0 66 1242
0 66 393
20 66 393
20 66 393
20 69 1656
0 69 621
0 66 207
0 64 1656
0 64 414
0 64 414
0 64 621
0 63 196
10 63 828
10 63 414
0 68 414
0 67 621
0 68 196
10 68 828
10 68 414
0 68 414
0 68 621
0 69 196
10 69 828
10 69 414
0 69 414
0 73 621
0 72 196
10 72 4142
0 72 2071
0 72 414
0 72 621
0 81 196
0 81 10
0 72 1242
0 81 414
0 72 621
0 71 196
0 71 10
0 71 1242
0 69 414
0 67 828
0 64 621
0 64 1035
0 60 1449
0 60 207
0 60 621
0 59 196
10 59 1449
10 59 207
0 59 828
0 57 1449
0 57 207
0 59 207
0 62 207
0 60 207
0 59 207
0 60 1242
0 60 207
207 59 207
207 58 207
207 59 414
0 64 1035
0 64 207
0 64 621
0 63 196
10 63 1449
10 63 207
0 63 828
0 61 1449
0 61 207
0 63 207
0 66 207
0 64 207
0 63 207
0 64 1449
0 64 621
0 68 414
0 68 621
0 66 196
10 66 828
10 66 414
0 66 414
0 71 621
0 75 196
0 75 10
0 71 828
0 71 414
0 71 414
0 76 621
0 75 196
10 75 828
2071 71 414
2071 71 414
0 81 414
0 68 1656
0 68 414
0 68 414
0 66 621
0 73 207
0 66 407
0 66 835
0 63 414
0 64 828
0 71 828
0 60 414
0 66 414
0 61 828
0 56 828
0 56 414
414 61 1656
414 61 414
0 61 414
0 61 828
0 70 828
0 70 414
0 61 414
0 61 828
0 60 828
0 60 414
0 58 414
0 56 828
0 53 828
0 53 414
0 56 414
0 55 621
0 63 207
0 82 414
0 82 828
0 55 414
0 54 621
0 63 207
0 81 414
0 81 828
0 54 414
0 54 621
207 80 414
0 65 207
0 66 207
0 68 414
0 56 414
0 56 1656
0 56 414
0 56 414
0 55 621
0 63 207
0 70 828
0 70 414
0 55 414
0 54 621
0 63 207
0 69 414
0 69 828
0 54 414
0 54 1242
0 65 207
0 66 207
0 68 414
0 54 414
828 73 828
1656 73 828
1656 73 828
1242 68 103
310 73 103
310 80 103
310 85 103
