195 57 32
32 61 195
0 55 32
32 55 195
0 57 32
32 54 504
15 57 441
13 66 65
0 67 195
0 66 57
0 66 7
0 64 65
0 66 65
0 64 65
0 62 57
0 62 7
0 69 504
15 57 441
13 69 65
0 71 65
0 73 65
0 71 65
0 69 57
0 69 7
0 64 195
0 73 65
0 66 504
15 62 384
5 68 65
65 68 65
65 74 65
65 68 65
65 68 65
65 69 504
15 57 520
0 81 260
0 82 260
0 83 86
0 82 86
0 83 86
0 88 86
0 87 86
0 88 86
0 91 455
0 90 65
0 88 195
0 86 65
0 85 195
0 83 65
0 81 86
0 80 86
0 81 86
0 86 86
0 85 86
0 86 86
0 90 455
0 88 65
0 86 195
0 85 65
0 83 195
0 81 65
0 79 86
0 78 86
0 79 86
0 85 86
0 84 86
0 85 86
0 88 455
0 86 65
0 85 195
0 86 65
0 85 195
0 83 65
0 78 504
15 78 441
15 78 8
5 82 65
0 78 195
0 82 57
0 82 7
0 78 195
0 82 57
0 82 7
0 77 504
15 80 441
15 80 8
5 80 65
0 82 195
0 80 56
0 80 8
0 82 195
0 80 56
0 80 8
0 78 504
15 78 449
5 49 32
32 55 195
0 55 32
32 59 195
0 49 32
32 50 504
15 50 441
13 62 49
13 62 15
0 54 195
0 64 57
0 64 7
0 54 195
0 62 57
0 62 7
0 67 504
0 67 15
0 67 441
13 69 61
3 69 180
3 69 4
9 64 61
3 64 185
9 64 65
0 62 504
15 62 384
5 68 65
65 68 65
65 68 65
65 68 65
65 68 65
65 69 504
15 57 520
0 76 260
0 77 260
0 78 86
0 77 86
0 78 86
0 83 86
0 82 86
0 83 86
0 86 455
0 85 65
0 83 65
0 85 65
0 83 65
0 81 65
0 80 65
0 81 65
0 80 65
0 78 65
0 76 86
0 75 86
0 76 86
0 81 86
0 80 86
0 81 86
0 85 455
0 83 65
0 81 65
0 83 65
0 81 65
0 80 65
0 78 65
0 80 65
0 78 65
0 76 65
0 74 86
0 73 86
0 74 86
0 80 86
0 79 86
0 80 86
0 83 455
0 81 65
0 80 195
0 81 65
0 80 195
0 78 65
0 77 504
15 73 441
13 77 59
13 77 5
0 73 195
0 77 57
0 77 7
0 78 195
0 77 57
0 77 7
0 80 504
15 74 449
5 76 65
0 78 195
0 76 56
0 76 8
0 74 195
0 80 56
0 80 8
0 69 504
15 73 449
5 57 32
32 57 65
130 57 32
32 55 65
130 57 32
32 55 504
32 55 15
0 52 441
13 69 32
32 69 65
130 69 32
32 67 65
130 69 32
32 70 504
32 70 15
0 70 441
13 74 32
32 77 65
130 74 32
32 73 65
130 77 32
32 70 65
130 74 32
32 69 65
130 74 32
32 70 65
130 67 32
32 69 65
130 67 32
32 63 504
32 63 15
0 75 514
5 75 514
5 65 65
195 69 65
195 74 514
5 58 441
13 74 32
32 74 65
130 74 32
32 73 65
130 74 32
32 70 520
0 70 441
13 70 32
32 70 65
130 70 32
32 69 65
130 70 32
32 74 520
0 72 441
13 77 32
32 77 65
130 77 32
32 77 65
130 77 32
32 69 515
4 69 441
13 77 32
32 77 65
130 69 32
32 68 65
130 69 32
32 73 514
4 70 441
13 70 32
32 70 65
130 70 32
32 74 65
130 74 32
32 70 515
4 74 441
13 74 32
32 70 65
130 70 32
32 70 65
130 74 32
32 70 515
4 70 441
13 77 32
32 77 65
130 70 32
32 70 65
130 74 32
32 69 520
0 69 441
13 65 32
32 75 65
130 72 32
32 74 65
130 72 32
32 65 520
0 62 441
13 65 32
32 65 65
130 72 32
32 74 65
130 72 32
32 65 520
0 70 441
13 75 32
32 75 65
130 75 32
32 74 65
130 72 32
32 62 189
5 46 32
32 46 65
130 46 32
32 46 65
130 48 32
32 50 189
5 50 32
32 50 65
130 50 32
32 50 65
130 52 32
32 53 189
32 53 5
0 53 32
32 53 65
130 53 32
32 53 65
130 55 32
32 57 189
5 57 32
32 57 65
130 59 32
32 61 65
130 62 32
32 73 504
32 73 15
0 76 441
13 74 61
3 76 180
3 76 4
9 76 61
3 78 185
9 68 65
0 69 504
15 73 444
10 57 32
32 62 65
130 55 32
32 55 65
130 57 32
32 57 504
15 57 441
13 66 65
0 55 65
130 55 65
0 64 65
130 56 65
0 61 504
15 61 441
13 69 32
0 73 32
0 64 65
130 64 65
0 64 65
130 64 65
0 62 504
15 66 441
13 62 32
0 69 32
0 62 65
130 62 65
0 62 65
130 62 65
0 61 504
15 69 514
5 62 252
7 62 252
7 62 520
0 67 252
7 71 130
130 67 130
130 67 5
124 61 130
130 61 520
0 66 252
7 69 130
130 66 130
130 59 130
130 64 520
0 67 252
7 76 130
130 64 130
130 61 130
130 61 504
130 61 15
0 66 441
13 73 32
32 75 65
130 73 32
32 66 65
130 73 32
32 71 504
32 71 15
0 77 441
13 73 61
3 65 179
3 65 5
9 73 61
3 73 185
9 77 65
0 70 504
15 70 444
10 73 32
32 73 189
5 67 32
24 67 189
13 69 32
32 69 504
15 78 441
13 66 62
1 78 65
122 78 62
9 76 65
130 68 65
0 69 504
15 76 441
13 76 63
1 70 65
122 70 62
9 74 65
130 70 65
0 71 504
15 74 441
13 67 65
0 71 65
130 71 65
0 61 65
130 61 65
0 57 504
0 57 15
0 57 514
5 62 247
13 62 260
0 62 520
0 71 252
7 76 130
130 71 130
130 71 5
124 64 130
130 64 520
0 73 252
7 73 130
130 69 130
130 66 130
130 71 520
0 74 252
7 74 130
130 71 130
130 67 130
130 79 504
130 79 15
0 73 441
13 79 61
3 79 180
3 79 4
9 79 61
3 83 185
9 85 65
0 74 504
15 74 444
10 69 32
32 66 189
5 66 32
32 67 189
5 66 32
32 57 504
15 57 441
13 71 32
32 66 189
5 67 32
32 62 189
5 64 32
32 54 504
15 54 441
13 57 32
32 57 65
130 57 32
32 55 65
130 57 32
32 58 504
32 58 15
0 55 441
13 69 32
32 69 65
130 69 32
32 67 65
130 69 32
32 62 504
32 62 15
0 70 441
13 74 32
32 74 65
130 77 32
32 73 65
130 74 32
32 70 65
130 74 32
32 73 65
130 74 32
32 70 65
130 67 32
32 69 65
130 70 32
32 67 504
32 67 15
0 67 514
5 75 514
5 74 65
195 72 65
195 74 514
5 58 441
13 74 32
32 74 65
130 74 32
32 73 65
130 74 32
32 70 520
0 70 441
13 70 32
32 70 65
130 70 32
32 69 65
130 70 32
32 74 520
0 72 441
13 77 32
32 77 65
130 77 32
32 77 65
130 77 32
32 69 515
4 69 441
13 77 32
32 69 65
130 72 32
32 71 65
130 72 32
32 69 514
4 70 441
13 74 32
32 74 65
130 77 32
32 70 65
130 70 32
32 70 515
4 70 441
13 79 32
32 79 65
130 82 32
32 74 65
130 74 32
32 77 515
4 74 441
13 77 32
32 77 65
130 77 32
32 79 65
130 77 32
32 69 520
0 69 441
13 75 32
32 75 65
130 75 32
32 74 65
130 72 32
32 62 520
0 62 441
13 75 32
32 75 65
130 75 32
32 74 65
130 72 32
32 62 520
0 62 441
13 65 32
32 75 65
130 65 32
32 65 65
130 69 32
32 62 189
5 46 32
32 46 65
130 46 32
32 46 65
130 48 32
32 50 189
5 62 32
32 50 65
130 62 32
32 50 65
130 52 32
32 65 189
32 65 5
0 53 32
32 53 65
130 53 32
32 53 65
130 55 32
32 57 189
5 69 32
32 57 65
130 59 32
32 73 65
130 62 32
32 69 504
32 69 15
0 73 441
13 74 61
3 74 180
3 74 4
9 74 61
3 68 185
9 68 65
0 69 504
15 69 444
10 57 32
32 57 65
130 57 32
32 55 65
130 55 32
32 57 504
15 57 441
13 57 65
0 67 65
130 55 65
0 64 65
130 56 65
0 61 504
15 61 441
13 64 32
0 73 32
0 64 65
130 64 65
0 64 65
130 64 65
0 62 504
15 66 441
13 62 32
0 69 32
0 62 65
130 62 65
0 62 65
130 62 65
0 61 504
15 69 514
5 62 247
13 62 252
7 62 520
0 67 252
7 71 130
130 67 130
130 67 5
124 61 130
130 61 520
0 66 252
7 69 130
130 69 130
130 62 130
130 64 520
0 67 252
7 67 130
130 64 130
130 61 130
130 66 504
130 66 15
0 61 441
13 73 32
32 66 65
130 73 32
32 66 65
130 73 32
32 71 504
32 71 15
0 77 441
13 65 61
3 73 179
3 73 5
9 73 61
3 73 185
9 65 65
0 66 504
15 66 444
10 69 32
32 67 189
5 69 32
24 69 189
13 76 32
32 66 504
15 66 441
13 78 62
1 78 65
122 78 62
9 68 65
130 74 65
0 69 504
15 76 441
13 76 63
1 76 65
122 76 62
9 70 65
130 73 65
0 71 504
15 67 441
13 61 65
0 67 65
130 71 65
0 61 65
130 61 65
0 64 504
0 64 15
0 57 514
5 62 247
13 62 252
7 62 520
0 67 260
0 71 130
130 67 130
130 67 5
124 64 130
130 64 520
0 69 260
0 73 130
130 69 130
130 66 130
130 66 520
0 71 260
0 74 130
130 71 130
130 67 130
130 79 504
130 79 15
0 79 441
13 73 61
3 79 180
3 79 4
9 79 61
3 83 185
9 85 65
0 86 504
15 78 444
10 69 32
32 66 189
5 69 32
32 67 189
5 62 32
32 64 504
15 57 441
13 71 32
32 66 189
5 67 32
32 66 189
5 57 32
32 62 504
15 62 514
5 62 247
13 62 247
13 59 515
4 59 247
13 59 247
13 59 247
13 59 247
13 59 247
13 64 252
7 62 247
13 62 247
13 62 247
13 62 247
13 62 260
0 57 252
7 60 252
7 60 252
7 59 252
7 57 252
7 57 252
7 59 252
7 59 252
7 59 252
7 62 252
7 62 252
7 62 514
4 57 247
13 57 247
13 66 247
13 62 247
13 57 247
13 66 252
7 69 247
13 78 247
13 66 247
13 66 247
13 70 247
13 66 247
13 78 247
13 70 247
13 78 247
13 78 247
13 69 252
7 79 252
7 81 252
7 66 252
7 67 252
7 69 252
7 67 515
4 66 252
7 66 252
7 62 247
13 62 247
13 59 515
4 59 247
13 62 247
13 62 247
13 62 247
13 71 247
13 76 252
7 62 247
13 62 247
13 67 247
13 62 247
13 62 260
0 57 252
7 60 252
7 62 252
7 62 252
7 62 252
7 57 252
7 59 252
7 62 252
7 62 252
7 62 252
7 55 252
7 66 514
4 66 247
13 57 247
13 57 247
13 62 247
13 62 247
13 66 252
7 69 247
13 78 247
13 78 247
13 66 247
13 66 247
13 70 247
13 70 247
13 78 247
13 66 247
13 66 247
13 69 252
7 69 252
7 81 252
7 62 252
7 64 252
7 66 252
7 69 515
4 69 252
7 69 252
7 74 247
13 74 247
13 64 514
4 67 247
13 64 247
13 76 247
13 64 247
13 76 247
13 62 252
7 60 247
13 67 247
13 62 247
13 67 247
13 70 514
4 79 247
13 70 247
13 67 247
13 67 247
13 67 247
13 65 252
8 63 247
13 63 247
13 65 247
13 67 247
13 73 514
5 73 247
13 73 247
13 70 247
13 73 247
13 73 247
13 68 252
8 66 247
13 70 247
13 71 247
13 73 247
13 78 514
5 78 247
13 78 247
13 78 247
13 74 247
13 86 514
5 91 247
13 86 247
13 83 247
13 91 247
13 84 504
15 76 247
13 76 247
13 76 247
13 64 247
13 64 504
15 74 247
15 74 13
0 64 504
15 69 247
15 69 13
0 64 504
15 67 247
13 67 504
15 62 247
13 66 504
15 62 247
13 62 247
13 62 247
13 62 247
13 66 504
15 62 247
13 62 247
13 62 247
13 62 247
13 63 514
4 63 247
13 66 247
13 63 247
13 63 247
13 62 247
13 64 252
7 67 247
13 67 247
13 74 247
13 62 247
13 62 260
0 62 252
7 60 252
7 72 252
7 59 252
7 57 252
7 62 252
7 59 252
7 62 252
7 62 252
7 71 252
7 60 252
7 67 514
4 62 247
13 62 247
13 60 247
13 59 263
13 62 263
13 67 269
8 71 263
13 71 263
13 74 263
13 74 263
13 75 263
13 71 263
13 71 263
13 75 263
13 75 263
13 75 263
13 71 269
8 72 269
8 74 269
8 71 269
8 74 269
8 74 269
8 72 549
5 71 269
8 71 269
8 74 263
13 74 263
13 67 548
5 67 263
13 64 263
13 72 263
13 64 263
13 64 263
13 62 269
8 60 263
13 60 263
13 62 263
13 64 263
13 67 548
5 67 263
13 67 263
13 67 263
13 70 263
13 70 263
13 70 268
8 63 263
13 63 263
13 65 263
13 67 263
13 70 548
5 70 263
13 70 263
13 70 263
13 73 263
13 70 263
13 73 268
8 73 263
13 70 263
13 71 263
13 73 263
13 78 548
5 78 263
13 74 263
13 78 263
13 86 263
13 77 548
5 79 263
13 77 263
13 77 263
13 79 263
13 76 537
16 64 263
13 64 263
13 72 263
13 64 263
13 76 537
16 71 263
16 71 13
0 74 537
16 69 263
16 69 13
0 64 537
16 67 263
13 67 537
16 62 263
13 66 537
16 62 263
13 62 263
13 62 263
13 62 263
13 66 537
16 62 263
13 62 263
13 62 263
13 62 263
13 63 548
5 63 263
13 66 263
13 63 263
13 63 263
13 62 263
13 64 269
8 67 263
13 67 263
13 74 263
13 74 263
13 74 277
0 57 269
8 60 268
8 72 268
8 71 269
8 69 269
8 57 269
8 59 269
8 62 269
8 62 269
8 71 269
8 72 269
8 74 548
5 74 263
13 67 263
13 67 263
13 67 263
13 62 263
13 67 269
8 71 263
13 71 263
13 71 263
13 71 263
13 71 263
13 71 263
13 71 263
13 71 263
13 71 263
13 71 263
13 71 269
8 72 269
8 74 269
8 67 269
8 69 269
8 74 269
8 74 549
5 71 269
8 74 269
8 74 263
13 79 263
13 71 548
5 67 263
13 76 263
13 67 263
13 71 263
13 61 548
5 61 263
13 61 263
13 62 263
13 67 263
13 67 548
5 69 263
13 61 263
13 67 263
13 70 263
13 70 548
5 61 263
13 61 548
5 67 263
13 67 548
5 67 263
13 69 202
5 61 34
34 55 207
0 55 34
34 57 207
0 64 34
34 62 537
16 62 470
14 66 69
0 67 207
0 66 61
0 66 8
0 64 69
0 66 69
0 64 69
0 62 61
0 62 8
0 57 537
16 57 470
14 69 69
0 71 69
0 73 69
0 71 69
0 69 61
0 69 8
0 64 207
0 73 69
0 62 537
16 62 409
5 68 69
69 68 69
69 74 69
69 68 69
69 68 69
69 73 537
16 61 554
0 81 277
0 82 277
0 83 92
0 82 92
0 83 92
0 88 92
0 87 92
0 88 92
0 91 484
0 90 69
0 88 207
0 86 69
0 85 207
0 83 69
0 81 92
0 80 92
0 81 92
0 86 92
0 85 92
0 86 92
0 90 484
0 88 69
0 86 207
0 85 69
0 83 207
0 81 69
0 79 92
0 78 92
0 79 92
0 85 92
0 84 92
0 85 92
0 88 484
0 86 69
0 85 207
0 86 69
0 85 207
0 83 69
0 82 537
16 82 470
14 82 63
14 82 5
0 83 207
0 82 61
0 82 8
0 83 207
0 82 61
0 82 8
0 77 537
16 77 470
14 80 63
14 80 5
0 82 207
0 80 60
0 80 8
0 77 207
0 80 60
0 80 8
0 78 537
16 78 479
5 55 34
34 55 207
0 55 34
34 59 207
0 61 34
34 50 537
16 59 470
14 62 52
14 62 16
0 62 207
0 64 61
0 64 8
0 66 207
0 62 61
0 62 8
0 64 537
0 64 16
0 57 470
14 67 65
3 67 192
3 67 5
10 69 65
3 67 197
10 64 69
0 66 537
16 62 409
5 74 69
69 68 69
69 68 69
69 74 69
69 74 69
69 81 537
16 61 554
0 76 277
0 77 277
0 78 92
0 77 92
0 78 92
0 83 92
0 82 92
0 83 92
0 86 484
0 85 69
0 83 69
0 85 69
0 83 69
0 81 69
0 80 69
0 81 69
0 80 69
0 78 69
0 76 92
0 75 92
0 76 92
0 81 92
0 80 92
0 81 92
0 85 484
0 83 69
0 81 69
0 83 69
0 81 69
0 80 69
0 78 69
0 80 69
0 78 69
0 76 69
0 74 92
0 73 92
0 74 92
0 80 92
0 79 92
0 80 92
0 83 484
0 81 69
0 80 207
0 81 69
0 80 207
0 78 69
0 73 537
16 73 470
14 77 63
14 77 5
0 73 207
0 77 61
0 77 8
0 73 207
0 77 61
0 77 8
0 74 537
16 74 479
5 76 63
5 76 5
0 74 207
0 76 60
0 76 8
0 74 207
0 80 60
0 80 8
0 69 537
16 73 479
5 57 34
34 57 69
138 57 34
34 55 69
138 57 34
34 58 537
34 58 16
0 61 470
14 69 34
34 69 69
138 69 34
34 67 69
138 69 34
34 65 537
34 65 16
0 62 470
14 77 34
34 74 69
138 74 34
34 76 69
138 74 34
34 74 69
138 70 34
34 73 69
138 74 34
34 70 69
138 70 34
34 69 69
138 70 34
34 63 537
34 63 16
0 75 548
5 75 548
5 65 69
207 69 69
207 74 548
5 58 470
14 74 34
34 74 69
138 74 34
34 73 69
138 74 34
34 70 554
0 70 470
14 70 34
34 70 69
138 70 34
34 69 69
138 70 34
34 74 554
0 72 470
14 77 34
34 77 69
138 72 34
34 77 69
138 72 34
34 72 549
5 77 470
14 77 34
34 77 69
138 72 34
34 68 69
138 72 34
34 69 548
5 70 470
14 74 34
34 70 69
138 74 34
34 74 69
138 77 34
34 70 549
5 79 470
14 70 34
34 70 69
138 70 34
34 70 69
138 74 34
34 70 549
5 70 470
14 77 34
34 70 69
138 70 34
34 70 69
138 77 34
34 69 554
0 72 470
14 65 34
34 65 69
138 75 34
34 74 69
138 72 34
34 62 554
0 62 470
14 75 34
34 75 69
138 75 34
34 74 69
138 72 34
34 62 554
0 62 470
14 75 34
34 75 69
138 75 34
34 74 69
138 72 34
34 62 202
5 46 34
34 46 69
138 46 34
34 46 69
138 48 34
34 50 202
5 50 34
34 50 69
138 50 34
34 50 69
138 52 34
34 65 202
34 65 5
0 53 34
34 53 69
138 53 34
34 53 69
138 55 34
34 57 202
5 57 34
34 69 69
138 59 34
34 73 69
138 62 34
34 64 537
34 64 16
0 76 470
14 68 65
3 68 192
3 68 5
10 74 65
3 68 197
10 68 69
0 69 537
16 69 473
11 57 34
34 57 207
0 57 34
34 55 207
0 55 34
34 54 537
16 66 470
14 57 69
0 55 69
138 66 69
0 64 69
138 62 69
0 57 537
16 61 470
14 69 34
0 73 34
0 71 69
138 64 69
0 64 69
138 64 69
0 74 537
16 66 470
14 62 34
0 69 34
0 68 69
138 62 69
0 62 69
138 64 69
0 71 537
16 61 548
5 62 263
13 66 269
8 71 554
0 67 269
8 71 138
138 67 138
138 67 5
132 61 138
138 61 554
0 66 269
8 69 138
138 66 138
138 59 138
138 59 554
0 64 269
8 67 138
138 64 138
138 61 138
138 66 537
138 66 16
0 66 470
14 66 34
34 66 69
138 66 34
34 66 69
138 66 34
34 71 537
34 71 16
0 77 470
14 73 65
3 73 191
3 73 5
10 77 65
3 77 197
10 77 69
0 66 537
16 66 473
11 73 34
34 73 201
6 73 34
26 67 201
14 67 34
34 69 537
16 78 470
14 66 66
1 78 69
130 66 66
10 68 69
138 74 69
0 73 537
16 69 470
14 70 67
1 70 69
130 70 66
10 70 69
138 70 69
0 71 537
16 74 470
14 61 69
0 61 69
138 61 69
0 61 69
138 61 69
0 64 537
0 64 16
0 57 548
5 62 263
13 62 263
13 62 554
0 67 269
8 71 138
138 67 138
138 67 5
132 64 138
138 64 554
0 69 269
8 73 138
138 73 138
138 69 138
138 66 554
0 74 269
8 74 138
138 74 138
138 71 138
138 69 537
138 69 16
0 79 470
14 73 65
3 79 192
3 79 5
10 73 65
3 79 197
10 79 69
0 86 537
16 74 473
11 78 34
34 81 201
6 78 34
34 80 201
6 78 34
34 78 554
0 78 470
14 74 34
34 78 69
138 74 34
34 73 69
138 78 34
34 78 554
0 76 470
14 79 34
34 81 69
138 81 34
34 75 69
138 81 34
34 81 549
5 73 470
14 81 34
34 73 69
138 81 34
34 74 69
138 81 34
34 81 548
5 74 470
14 74 34
34 81 69
138 74 34
34 74 69
138 78 34
34 74 549
5 74 470
14 83 34
34 83 69
138 78 34
34 78 69
138 74 34
34 81 549
5 81 470
14 81 34
34 81 69
138 74 34
34 74 69
138 74 34
34 81 537
16 79 470
14 76 34
34 79 69
138 79 34
34 69 69
138 76 34
34 74 537
16 66 277
207 76 34
34 79 69
138 79 34
34 74 69
138 76 34
34 74 537
16 66 277
207 79 34
34 69 69
138 79 34
34 74 69
138 76 34
34 69 537
16 66 138
415 69 138
138 69 138
138 69 537
16 74 138
415 74 138
138 66 138
138 74 138
692 66 138
692 69 1108
