0 73 37
0 72 37
75 72 75
0 73 75
0 72 37
113 73 37
0 72 37
75 72 75
0 73 75
0 72 37
113 72 37
0 71 37
75 71 75
0 74 75
0 72 75
0 71 75
0 72 37
113 67 303
0 72 37
113 67 37
113 72 37
113 70 151
0 68 75
0 67 75
0 65 151
0 67 75
0 70 75
0 67 75
0 70 75
0 64 75
0 67 75
0 65 75
0 68 75
0 72 75
0 77 75
0 80 75
0 82 75
0 84 37
113 84 75
0 85 75
0 84 37
113 85 37
0 84 37
75 84 75
0 85 75
0 84 37
113 84 75
0 83 75
0 89 75
0 83 75
0 89 75
0 83 75
0 84 37
113 79 303
0 84 37
113 79 37
113 84 37
113 82 151
0 80 75
0 79 75
0 77 151
0 79 75
0 82 75
0 79 75
0 82 75
0 76 75
0 79 75
0 77 151
0 65 75
0 67 75
0 68 75
0 70 75
0 72 37
113 60 37
113 72 37
113 60 37
113 72 37
113 60 37
113 70 37
113 65 75
0 64 75
0 68 75
0 70 75
0 67 455
0 72 37
113 60 37
113 72 151
0 73 151
0 61 37
113 73 37
113 68 75
0 70 75
0 68 75
0 67 75
0 68 75
0 64 75
0 65 151
0 77 75
0 79 75
0 80 75
0 82 75
0 84 37
113 72 37
113 84 37
113 72 37
113 84 37
113 72 37
113 82 37
113 80 75
0 79 75
0 80 75
0 82 75
0 79 455
0 84 37
113 72 37
113 84 151
0 85 151
0 73 37
113 85 37
113 73 75
0 71 75
0 70 75
0 68 75
0 70 75
0 65 75
0 66 75
75 70 75
75 70 75
75 71 75
75 68 75
75 68 75
75 80 75
75 77 75
75 83 75
75 92 75
0 94 75
0 92 75
0 91 75
0 92 75
0 91 75
0 89 75
75 65 75
0 67 75
0 68 75
0 70 75
0 72 37
113 60 37
113 72 37
113 60 37
113 72 37
113 60 37
113 67 37
113 65 75
0 67 75
0 68 75
0 67 75
0 64 455
0 72 37
113 60 37
113 72 151
0 73 151
0 61 37
113 73 37
113 68 75
0 70 75
0 68 75
0 67 75
0 65 75
0 67 75
0 65 151
0 77 75
0 79 75
0 80 75
0 82 75
0 84 37
113 72 37
113 84 37
113 72 37
113 84 37
113 72 37
113 82 37
113 77 75
0 79 75
0 77 75
0 79 75
0 79 455
0 84 37
113 72 37
113 84 151
0 85 151
0 73 37
113 85 37
113 73 75
0 68 75
0 66 75
0 68 75
0 66 75
0 68 75
0 66 75
75 66 75
75 70 75
75 71 75
75 68 75
75 68 75
75 83 75
75 83 75
75 77 75
75 96 75
0 94 75
0 92 75
0 91 75
0 89 75
0 91 75
0 89 75
75 91 37
0 92 37
0 91 37
0 92 37
0 91 37
0 92 37
0 91 37
0 92 37
0 91 37
0 92 37
0 91 50
0 92 50
0 91 50
0 90 37
0 91 37
0 92 75
0 91 75
0 89 75
75 79 37
0 80 37
0 79 37
0 80 37
0 79 37
0 80 37
0 79 37
0 80 37
0 79 37
0 80 37
0 79 50
0 80 50
0 79 50
0 78 37
0 79 37
0 80 75
0 79 75
0 77 75
75 91 37
0 92 37
0 91 37
0 92 37
0 91 37
0 92 37
0 91 37
0 92 37
0 90 37
0 91 37
0 92 37
0 94 37
0 96 37
0 97 37
0 100 37
0 101 37
0 100 25
0 97 25
0 96 25
0 94 48
0 91 25
0 89 75
75 79 37
0 80 37
0 79 37
0 80 37
0 79 37
0 80 37
0 79 37
0 80 37
0 78 30
0 79 30
0 80 30
0 82 30
0 84 30
0 85 30
0 88 30
0 89 30
0 91 30
0 89 30
0 88 20
0 85 20
0 84 20
0 82 20
0 80 20
0 79 20
0 77 26
0 76 37
0 73 37
0 72 37
0 70 37
0 68 37
0 67 37
0 66 37
0 67 37
0 68 25
0 69 25
0 70 25
0 71 25
0 72 25
0 73 25
0 72 37
113 72 75
0 73 75
0 72 37
113 73 37
0 72 37
75 72 75
0 73 75
0 72 37
113 72 75
0 71 37
37 71 75
0 74 75
0 72 75
0 71 75
0 72 37
113 67 303
0 72 37
113 67 37
113 72 37
113 70 151
0 68 75
0 67 75
0 65 151
0 67 75
0 70 75
0 67 75
0 70 75
0 64 75
0 67 75
0 65 75
0 68 75
0 72 75
0 77 75
0 80 75
0 82 75
0 84 37
113 84 75
0 85 75
0 84 37
113 85 37
0 84 37
75 84 75
0 85 75
0 84 37
113 84 75
0 83 75
0 89 75
0 83 75
0 89 75
0 83 75
0 84 37
113 79 303
0 84 37
113 79 37
113 84 37
113 82 151
0 80 75
0 79 75
0 77 151
0 82 37
113 77 37
113 82 37
113 80 151
0 79 75
0 77 75
0 75 151
0 80 37
113 75 37
113 80 37
113 81 37
113 75 37
113 81 37
113 82 37
113 74 37
113 86 37
113 82 37
113 89 37
113 82 37
113 92 75
0 90 75
0 89 75
0 90 75
0 87 75
75 84 75
75 81 75
75 78 75
75 82 37
113 77 37
113 86 37
113 77 37
113 89 37
113 86 37
113 92 75
0 90 75
0 89 75
0 90 75
0 87 75
75 84 75
75 81 75
75 78 75
75 82 37
113 77 37
113 83 37
113 74 37
113 86 37
113 83 37
113 84 37
113 76 37
113 88 37
113 79 37
113 91 37
113 85 37
113 89 37
113 77 37
113 94 37
113 82 37
113 96 37
113 84 37
113 101 75
75 91 37
0 92 37
0 91 37
0 92 37
0 91 37
0 92 37
0 91 37
0 92 37
0 91 37
0 92 37
0 91 50
0 92 50
0 91 50
0 90 37
0 91 37
0 92 75
0 91 75
0 89 75
75 79 37
0 80 37
0 79 37
0 80 37
0 79 37
0 80 37
0 79 37
0 80 37
0 79 37
0 80 37
0 79 50
0 80 50
0 79 50
0 78 37
0 79 37
0 80 75
0 79 75
0 77 75
75 91 37
0 92 37
0 91 37
0 92 37
0 91 37
0 92 37
0 91 37
0 92 37
0 90 37
0 91 37
0 92 37
0 94 37
0 96 37
0 97 37
0 100 37
0 101 37
0 100 25
0 97 25
0 96 25
0 94 48
0 91 25
0 89 75
75 79 37
0 80 37
0 79 37
0 80 37
0 79 37
0 80 37
0 79 37
0 80 37
0 78 30
0 79 30
0 80 30
0 82 30
0 84 30
0 86 30
0 88 30
0 89 30
0 91 30
0 89 30
0 88 10
0 86 20
0 82 20
0 79 10
0 77 20
0 73 23
0 70 13
0 68 13
0 67 14
0 65 151
303 73 151
303 80 75
0 82 75
0 84 75
0 85 75
0 87 75
0 85 75
0 84 75
0 82 75
0 80 75
0 79 75
0 77 75
0 75 75
0 73 75
0 72 75
0 70 75
0 68 75
0 67 75
0 68 75
0 70 75
0 72 75
0 73 75
0 75 75
0 77 75
0 79 75
0 80 75
0 82 75
0 84 75
0 85 75
0 85 71
4 87 75
0 85 75
0 84 75
0 82 75
0 80 75
0 79 75
0 77 75
0 75 75
0 77 75
0 73 75
0 75 75
0 72 75
0 75 75
0 70 75
0 75 75
0 68 75
0 75 75
0 67 75
0 75 75
0 80 75
0 82 75
0 83 75
0 85 75
0 87 75
0 85 75
0 83 75
0 82 75
0 80 75
0 78 75
0 76 75
0 75 75
0 73 75
0 71 75
0 70 75
0 68 75
0 67 75
0 68 75
0 70 75
0 71 75
0 73 75
0 75 75
0 76 75
0 79 75
0 80 75
0 82 75
0 83 75
0 85 75
0 88 75
0 87 75
0 85 75
0 83 75
0 82 75
0 80 75
0 78 75
0 76 75
0 75 151
0 73 75
0 75 75
0 71 75
0 75 75
0 70 75
0 75 75
0 68 75
0 75 75
0 67 75
75 80 75
0 82 75
0 84 75
0 85 75
0 87 75
0 85 75
0 84 75
0 82 75
0 80 75
0 79 75
0 77 75
0 75 75
0 73 75
0 72 75
0 70 75
0 68 75
0 67 75
0 68 75
0 70 75
0 72 75
0 73 75
0 75 75
0 77 75
0 79 75
0 80 75
0 82 75
0 84 75
0 85 75
0 87 75
0 89 75
0 91 75
0 92 75
0 94 75
0 96 75
0 97 75
0 99 75
0 101 75
0 99 75
0 97 75
0 96 75
0 94 75
0 92 75
0 91 75
0 89 75
0 87 75
0 85 75
0 84 75
0 82 75
0 80 75
0 82 75
0 83 75
0 85 75
0 87 75
0 85 75
0 83 75
0 82 75
0 80 75
0 78 75
0 76 75
0 75 75
0 73 75
0 71 75
0 70 75
0 68 75
0 67 75
0 68 75
0 70 75
0 71 75
0 73 75
0 75 75
0 76 75
0 79 75
0 80 75
0 82 75
0 83 75
0 85 75
0 87 75
0 89 75
0 91 75
0 92 75
0 94 75
0 95 75
0 97 75
0 99 75
0 100 75
0 99 75
0 97 75
0 95 75
0 94 75
0 92 75
0 91 75
0 88 75
0 87 75
0 85 75
0 83 75
0 82 75
0 87 75
0 85 75
0 83 75
0 82 75
0 80 75
0 78 75
0 76 75
0 75 75
0 73 75
0 71 75
0 70 75
0 68 75
0 69 75
0 73 75
0 69 75
0 73 75
0 76 75
75 67 75
0 70 75
0 67 75
0 70 75
0 75 75
75 99 75
0 97 75
0 95 75
0 94 75
0 92 75
0 90 75
0 88 75
0 87 75
0 85 75
0 83 75
0 82 75
0 80 75
0 81 75
0 85 75
0 81 75
0 85 75
0 88 75
75 79 75
0 82 75
0 79 75
0 82 75
0 87 75
75 92 75
0 87 75
0 85 75
0 83 75
0 82 50
0 80 50
0 78 50
0 76 75
0 75 75
0 73 75
0 71 75
0 70 75
0 68 75
0 69 75
0 73 75
0 69 75
0 73 75
0 76 303
0 75 151
0 67 151
0 68 75
0 71 75
0 68 75
0 71 75
0 80 75
75 70 75
0 73 75
0 70 75
0 73 75
0 82 75
75 71 75
0 75 75
0 71 75
0 75 75
0 83 75
75 70 37
113 73 37
113 68 37
113 67 75
0 70 75
0 67 75
0 70 75
0 79 75
75 68 75
0 71 75
0 68 75
0 71 75
0 80 75
75 70 75
0 73 75
0 70 75
0 73 75
0 82 75
75 71 37
113 68 37
113 70 37
113 68 75
0 71 75
0 68 75
0 71 75
0 80 75
75 70 75
0 73 75
0 70 75
0 73 75
0 82 75
75 71 75
0 75 75
0 71 75
0 75 75
0 83 75
75 76 37
113 76 37
113 78 37
113 71 75
0 75 75
0 71 75
0 75 75
0 83 75
75 85 37
113 76 37
113 75 37
113 70 75
0 75 75
0 70 75
0 75 75
0 82 113
37 71 75
0 75 75
0 71 75
0 75 75
0 83 113
37 73 75
0 76 75
0 73 75
0 76 75
0 85 113
37 75 37
113 75 37
113 70 37
113 70 75
0 75 75
0 70 75
0 75 75
0 82 113
37 71 75
0 75 75
0 71 75
0 75 75
0 83 113
37 73 75
0 76 75
0 73 75
0 76 75
0 85 113
37 83 37
113 83 37
113 79 37
113 73 75
0 82 75
0 73 75
0 82 75
0 85 113
37 75 75
0 83 75
0 75 75
0 83 75
0 87 113
37 76 75
0 85 75
0 76 75
0 85 75
0 88 113
37 85 37
113 82 37
113 70 37
113 76 75
0 85 75
0 76 75
0 85 75
0 88 113
37 73 37
113 85 37
113 70 37
113 76 75
0 85 75
0 76 75
0 85 75
0 88 113
37 79 75
0 88 75
0 79 75
0 88 75
0 91 113
37 82 75
0 91 75
0 82 75
0 91 75
0 94 113
37 85 75
0 94 75
0 85 75
0 94 75
0 97 113
37 88 75
0 97 75
0 88 75
0 97 75
0 100 113
493 76 75
0 85 75
0 76 75
0 85 75
0 88 75
75 76 75
0 85 75
0 76 75
0 85 75
0 88 75
75 76 75
0 85 75
0 76 75
0 85 75
0 88 75
75 83 37
113 83 37
113 85 37
113 74 75
0 83 75
0 74 75
0 83 75
0 86 75
75 74 75
0 83 75
0 74 75
0 83 75
0 86 75
75 74 75
0 83 75
0 74 75
0 83 75
0 86 75
75 81 37
113 73 37
113 80 37
113 76 75
0 85 75
0 76 75
0 85 75
0 88 75
75 76 75
0 85 75
0 76 75
0 85 75
0 88 75
75 76 75
0 85 75
0 76 75
0 85 75
0 88 75
75 92 37
113 80 37
113 81 37
113 74 75
0 83 75
0 74 75
0 83 75
0 86 75
75 74 75
0 83 75
0 74 75
0 83 75
0 86 75
75 74 75
0 83 75
0 74 75
0 83 75
0 86 75
75 81 37
113 81 37
113 83 37
113 73 75
0 81 75
0 73 75
0 81 75
0 85 75
75 71 75
0 80 75
0 71 75
0 80 75
0 83 75
75 73 75
0 81 75
0 73 75
0 81 75
0 85 75
75 74 75
0 83 75
0 74 75
0 83 75
0 86 75
75 84 75
0 87 75
0 84 75
0 87 75
0 92 75
0 91 75
0 89 75
0 87 75
0 85 75
0 84 75
0 82 75
0 80 75
0 79 75
0 77 75
0 75 75
0 73 75
0 72 75
0 70 75
0 68 75
0 67 75
0 65 75
0 64 75
0 63 151
0 87 75
0 92 75
0 87 75
0 92 75
0 96 75
0 94 75
0 92 75
0 91 75
0 89 75
0 87 75
0 85 75
0 84 75
0 82 75
0 80 75
0 79 75
0 77 75
0 75 75
0 73 75
0 72 75
0 70 75
0 68 75
0 67 75
0 65 75
0 63 75
0 92 75
0 96 75
0 92 75
0 96 75
0 99 75
0 97 75
0 96 75
0 94 75
0 92 75
0 91 75
0 89 75
0 87 75
0 85 75
0 84 75
0 82 75
0 80 75
0 79 75
0 77 75
0 75 50
0 73 50
0 72 50
0 70 37
0 68 37
0 67 37
0 65 37
0 63 37
0 61 37
0 60 37
0 58 37
0 56 151
0 56 82
68 63 7
68 61 7
68 60 7
68 58 7
68 56 7
68 55 7
68 53 7
68 51 7
68 49 7
68 48 7
68 46 7
68 44 7
68 43 7
68 44 7
68 46 7
68 48 7
68 49 7
68 51 7
68 53 7
68 55 7
68 56 7
68 58 7
68 60 7
68 61 7
68 63 7
68 65 7
68 67 7
68 68 7
68 70 7
68 72 7
68 73 7
68 75 7
68 77 7
68 75 7
68 73 7
68 72 7
68 70 7
68 68 7
68 67 7
68 65 7
68 63 7
68 61 7
68 60 7
68 58 7
68 56 7
68 56 144
0 68 82
68 75 7
68 73 7
68 72 7
68 70 7
68 68 7
68 67 7
68 65 7
68 63 7
68 61 7
68 60 7
68 58 7
68 56 7
68 55 7
68 56 7
68 58 7
68 60 7
68 61 7
68 63 7
68 65 7
68 67 7
68 68 7
68 70 7
68 72 7
68 73 7
68 75 7
68 77 7
68 79 7
68 80 7
68 82 7
68 84 7
68 85 7
68 87 7
68 89 7
68 87 7
68 85 7
68 84 7
68 82 7
68 80 7
68 79 7
68 77 7
68 75 7
68 73 7
68 72 7
68 70 7
68 68 7
68 68 144
0 68 82
68 75 7
68 73 7
68 71 7
68 70 7
68 68 7
68 66 7
68 64 7
68 63 7
68 61 7
68 59 7
68 58 7
68 56 7
68 55 7
68 56 7
68 58 7
68 59 7
68 61 7
68 63 7
68 65 7
68 67 7
68 68 7
68 70 7
68 71 7
68 73 7
68 75 7
68 77 7
68 79 7
68 80 7
68 82 7
68 83 7
68 85 7
68 87 7
68 88 7
68 86 7
68 85 7
68 83 7
68 81 7
68 80 7
68 78 7
68 76 7
68 74 7
68 73 7
68 71 7
68 69 7
68 68 7
68 66 7
68 64 7
68 62 7
68 61 7
68 59 7
68 57 7
68 56 7
68 54 7
68 52 7
68 50 7
43 49 5
44 47 5
44 47 44
0 45 75
0 49 75
0 45 75
0 49 75
0 52 151
0 49 75
0 52 75
0 49 75
0 52 75
0 57 151
0 52 75
0 57 75
0 52 75
0 57 75
0 61 151
0 57 75
0 61 75
0 57 75
0 61 75
0 64 151
0 61 75
0 64 75
0 61 75
0 64 75
0 69 151
0 64 75
0 69 75
0 64 75
0 69 75
0 73 151
0 69 75
0 73 75
0 69 75
0 73 75
0 76 151
0 71 75
0 74 75
0 71 75
0 74 75
0 83 151
0 72 75
0 75 75
0 72 75
0 75 75
0 84 75
75 75 75
0 84 75
0 75 75
0 84 75
0 87 75
75 73 75
0 82 75
0 73 75
0 82 75
0 85 75
75 70 75
0 79 75
0 70 75
0 79 75
0 82 75
75 72 75
0 75 75
0 72 75
0 75 75
0 84 75
75 80 75
0 87 75
0 80 75
0 87 75
0 92 75
75 79 75
0 85 75
0 79 75
0 85 75
0 91 75
75 73 75
0 79 75
0 73 75
0 79 75
0 85 75
75 72 75
0 80 75
0 72 75
0 80 75
0 84 75
75 87 75
0 96 75
0 87 75
0 96 75
0 99 75
75 85 75
0 94 75
0 85 75
0 94 75
0 97 75
75 82 75
0 91 75
0 82 75
0 91 75
0 94 75
75 72 75
0 79 75
0 72 75
0 79 75
0 84 75
75 72 75
0 79 75
0 72 75
0 79 75
0 84 75
75 79 75
0 84 75
0 79 75
0 84 75
0 91 75
75 84 75
0 91 75
0 84 75
0 91 75
0 96 75
75 84 75
0 87 75
0 84 75
0 87 75
0 92 75
0 91 75
0 89 75
0 87 75
0 85 75
0 84 75
0 82 75
0 80 75
0 79 75
0 77 75
0 75 75
0 73 75
0 72 75
0 70 75
0 68 75
0 67 75
0 65 75
0 64 75
0 63 151
0 72 75
0 79 75
0 72 75
0 79 75
0 84 75
75 72 75
0 79 75
0 72 75
0 79 75
0 84 75
75 79 75
0 84 75
0 79 75
0 84 75
0 91 75
75 84 75
0 91 75
0 84 75
0 91 75
0 96 75
75 87 75
0 92 75
0 87 75
0 92 75
0 96 75
0 94 75
0 92 75
0 91 75
0 89 75
0 87 75
0 85 75
0 84 75
0 82 75
0 80 75
0 79 75
0 77 75
0 75 75
0 73 75
0 72 75
0 70 75
0 68 50
0 67 50
0 65 50
0 63 151
0 72 75
0 79 75
0 72 75
0 79 75
0 84 75
75 72 75
0 79 75
0 72 75
0 79 75
0 84 75
75 79 75
0 84 75
0 79 75
0 84 75
0 91 75
75 84 75
0 91 75
0 84 75
0 91 75
0 96 75
75 91 75
0 96 75
0 91 75
0 96 75
0 100 75
0 98 75
0 96 75
0 95 75
0 93 75
0 91 75
0 89 75
0 88 75
0 86 75
0 84 75
0 83 75
0 81 75
0 79 51
0 77 100
0 74 75
0 72 75
0 71 75
0 69 75
0 67 151
0 92 75
0 96 75
0 92 75
0 96 75
0 99 75
0 97 75
0 96 75
0 94 75
0 92 75
0 91 75
0 89 75
0 87 75
0 85 75
0 84 75
0 82 75
0 80 75
0 79 75
0 77 75
0 75 50
0 73 50
0 72 50
0 70 51
0 68 100
0 65 30
0 63 30
0 61 30
0 60 30
0 58 30
0 56 151
0 68 82
68 75 7
68 73 7
68 72 7
68 70 7
68 68 7
68 67 7
68 65 7
68 63 7
68 61 7
68 60 7
68 58 7
68 56 7
68 55 7
68 53 7
68 51 7
68 53 7
68 51 7
68 49 7
68 48 7
68 46 7
68 44 7
68 44 68
0 48 75
0 44 75
0 48 75
0 51 75
75 44 75
0 48 75
0 44 75
0 48 75
0 51 75
75 44 75
0 48 75
0 44 75
0 48 75
0 51 75
75 44 75
0 48 75
0 44 75
0 48 75
0 51 75
75 44 75
0 48 75
0 44 75
0 48 75
0 51 75
75 48 75
0 51 75
0 48 75
0 51 75
0 56 75
75 51 75
0 56 75
0 51 75
0 56 75
0 60 75
75 56 75
0 60 75
0 56 75
0 60 75
0 63 75
75 56 75
0 60 75
0 56 75
0 60 75
0 63 75
0 61 75
0 60 83
1435 60 82
68 63 7
68 64 7
68 64 62
6 58 1823
455 68 75
0 72 75
0 68 75
0 72 75
0 75 75
0 73 75
0 72 82
0 72 68
0 68 75
0 67 75
0 65 75
0 63 75
0 61 75
0 60 75
0 58 75
0 56 75
0 55 75
0 56 75
0 58 75
0 60 75
0 61 75
0 63 75
0 65 75
0 67 75
0 68 75
0 70 75
0 72 82
68 75 7
68 76 7
68 76 68
0 76 1823
455 79 75
0 82 75
0 85 75
0 84 75
0 82 75
0 80 75
0 79 75
0 77 75
0 76 75
0 73 75
0 72 75
0 73 75
0 76 75
0 77 75
0 79 75
0 80 75
0 82 75
0 84 75
0 85 1367
455 88 75
0 91 75
0 94 75
0 92 75
0 91 75
0 89 75
0 88 75
0 85 75
0 84 75
0 82 75
0 81 75
0 82 75
0 84 75
0 85 75
0 88 75
0 89 75
0 91 75
0 92 75
0 88 1367
455 77 1367
455 72 1367
0 72 37
113 60 37
113 72 37
113 60 37
113 72 37
113 60 37
1025 73 37
0 72 37
75 72 75
0 73 75
0 72 37
113 72 37
113 72 37
113 72 37
113 73 37
0 72 37
75 72 75
0 73 75
0 72 37
113 72 37
113 72 37
113 72 37
113 73 37
0 72 37
75 72 75
0 73 75
0 72 37
113 73 37
0 72 37
75 72 75
0 73 75
0 72 37
113 72 37
113 72 37
113 72 37
113 72 37
113 72 37
113 72 37
113 73 37
0 72 37
75 72 75
0 73 75
0 72 37
113 73 37
0 72 37
75 72 75
0 73 75
0 72 37
113 72 75
0 71 69
6 71 75
0 74 75
0 72 75
0 71 75
0 72 37
113 67 303
0 72 37
113 67 37
113 72 37
113 70 151
0 68 75
0 67 75
0 65 151
0 67 75
0 70 75
0 67 75
0 70 75
0 64 75
0 67 75
0 65 75
0 68 75
0 72 75
0 77 75
0 80 75
0 82 75
0 84 37
113 84 75
0 85 75
0 84 37
113 85 37
0 84 37
75 84 75
0 85 75
0 84 37
113 84 75
0 83 75
0 89 75
0 83 75
0 89 75
0 83 75
0 84 37
113 79 151
151 84 37
113 79 37
113 84 37
113 82 151
0 80 75
0 79 75
0 77 151
0 79 75
0 82 75
0 79 75
0 82 75
0 76 75
0 79 75
0 77 151
0 65 75
0 67 75
0 68 75
0 70 75
0 72 37
113 60 37
113 72 37
113 60 37
113 72 37
113 60 37
113 67 37
113 68 75
0 67 75
0 68 75
0 67 75
0 67 455
0 72 37
113 60 37
113 72 151
0 73 151
0 61 37
113 73 37
113 68 75
0 70 75
0 68 75
0 70 75
0 65 75
0 64 75
0 65 151
0 77 75
0 79 75
0 80 75
0 82 75
0 84 37
113 72 37
113 84 37
113 72 37
113 84 37
113 72 37
113 82 37
113 77 75
0 76 75
0 77 75
0 79 75
0 79 455
0 84 37
113 72 37
113 84 151
0 85 151
0 73 37
113 85 37
113 73 75
0 68 75
0 66 75
0 68 75
0 66 75
0 65 75
0 66 75
75 70 75
75 70 75
75 65 75
75 71 75
75 68 75
75 77 75
75 80 75
75 83 75
75 96 75
0 94 75
0 89 75
0 91 75
0 92 75
0 91 75
0 89 75
75 91 37
0 92 37
0 91 37
0 92 37
0 91 37
0 92 37
0 91 37
0 92 37
0 91 37
0 92 37
0 91 50
0 92 50
0 91 50
0 90 37
0 91 37
0 92 75
0 91 75
0 89 75
75 79 37
0 80 37
0 79 37
0 80 37
0 79 37
0 80 37
0 79 37
0 80 37
0 79 37
0 80 37
0 79 50
0 80 50
0 79 50
0 78 37
0 79 37
0 80 75
0 79 75
0 77 75
75 91 37
0 92 37
0 91 37
0 92 37
0 91 37
0 92 37
0 91 37
0 92 37
0 90 37
0 91 37
0 92 37
0 94 37
0 96 37
0 97 37
0 100 37
0 101 37
0 100 25
0 97 25
0 96 25
0 94 48
0 91 25
0 89 75
75 79 37
0 80 37
0 79 37
0 80 37
0 79 37
0 80 37
0 79 37
0 80 37
0 78 30
0 79 30
0 80 30
0 82 30
0 84 30
0 86 30
0 88 30
0 89 30
0 91 30
0 89 30
0 88 20
0 86 20
0 84 20
0 82 20
0 80 20
0 79 20
0 77 26
0 76 37
0 73 37
0 72 37
0 70 37
0 68 37
0 67 37
0 66 37
0 67 37
0 68 25
0 69 25
0 70 25
0 71 25
0 72 25
0 73 25
0 72 37
113 72 75
0 73 75
0 72 37
113 73 37
0 72 37
75 72 75
0 73 75
0 72 37
113 72 75
0 71 69
6 71 75
0 74 75
0 72 75
0 71 75
0 72 37
113 67 151
151 72 37
113 67 37
113 72 37
113 70 151
0 68 75
0 67 75
0 65 151
0 67 75
0 70 75
0 67 75
0 70 75
0 64 75
0 67 75
0 65 75
0 68 75
0 72 75
0 77 75
0 80 75
0 82 75
0 84 37
113 84 75
0 85 75
0 84 37
113 85 37
0 84 37
75 84 75
0 85 75
0 84 37
113 84 75
0 83 75
0 89 75
0 83 75
0 89 75
0 83 75
0 84 37
113 79 303
0 84 37
113 79 37
113 84 37
113 82 151
0 80 75
0 79 75
0 77 151
0 82 37
113 77 37
113 82 37
113 80 151
0 79 75
0 77 75
0 75 151
0 80 37
113 75 37
113 80 37
113 81 37
113 75 37
113 81 37
113 82 37
113 74 37
113 86 37
113 77 37
113 89 37
113 86 37
113 92 75
0 90 75
0 89 75
0 90 75
0 87 75
75 84 75
75 81 75
75 78 75
75 82 37
113 77 37
113 86 37
113 82 37
113 89 37
113 86 37
113 92 75
0 90 75
0 89 75
0 90 75
0 87 75
75 84 75
75 81 75
75 78 75
75 82 37
113 77 37
113 83 37
113 77 37
113 86 37
113 83 37
113 84 37
113 76 37
113 88 37
113 85 37
113 91 37
113 82 37
113 89 37
113 77 37
113 94 37
113 82 37
113 96 37
113 84 37
113 89 75
75 91 37
0 92 37
0 91 37
0 92 37
0 91 37
0 92 37
0 91 37
0 92 37
0 91 37
0 92 37
0 91 50
0 92 50
0 91 50
0 90 37
0 91 37
0 92 75
0 91 75
0 89 75
75 79 37
0 80 37
0 79 37
0 80 37
0 79 37
0 80 37
0 79 37
0 80 37
0 79 37
0 80 37
0 79 50
0 80 50
0 79 50
0 78 37
0 79 37
0 80 75
0 79 75
0 77 75
75 91 37
0 92 37
0 91 37
0 92 37
0 91 37
0 92 37
0 91 37
0 92 37
0 90 37
0 91 37
0 92 37
0 94 37
0 96 37
0 97 37
0 100 37
0 101 37
0 100 25
0 97 25
0 96 25
0 94 48
0 91 25
0 89 75
75 79 37
0 80 37
0 79 37
0 80 37
0 79 37
0 80 37
0 79 37
0 80 37
0 78 20
0 79 19
0 80 19
0 82 20
0 84 19
0 85 19
0 88 20
0 89 20
0 91 19
0 89 20
0 88 36
0 84 19
0 82 36
0 79 38
0 76 19
0 73 36
0 70 19
0 68 38
0 65 37
113 60 37
113 65 37
113 60 37
113 65 37
113 60 37
113 65 37
113 60 37
113 65 37
113 60 37
113 65 37
113 60 37
113 68 37
113 60 37
113 68 37
113 60 37
113 65 37
113 60 37
113 68 37
113 65 37
113 65 37
113 65 37
113 65 37
113 65 37
113 68 37
113 65 37
113 68 37
113 61 37
113 65 37
113 65 37
113 65 37
113 61 37
113 68 37
113 65 37
113 68 37
113 61 37
113 68 37
113 66 37
113 68 37
113 66 37
113 68 37
113 66 37
113 68 37
113 68 37
113 78 37
113 78 37
113 80 37
113 90 37
113 85 37
113 80 37
113 89 37
113 77 37
113 89 37
113 77 37
113 89 37
113 80 37
113 77 37
113 77 37
113 73 37
113 68 37
113 68 37
113 63 37
113 68 37
113 66 37
113 66 37
113 69 37
113 66 37
113 68 37
113 78 37
113 80 37
113 80 37
113 90 37
113 85 37
113 77 37
113 89 37
113 82 37
113 85 37
113 77 37
113 85 37
113 80 37
113 77 37
113 73 37
113 73 37
113 68 37
113 75 37
113 69 37
113 75 37
113 69 37
113 78 37
113 66 37
113 75 37
113 65 37
113 75 37
113 77 37
113 87 37
113 87 37
113 85 37
113 82 37
113 89 37
113 82 37
113 85 37
113 82 37
113 89 37
113 85 37
113 77 37
113 77 37
113 70 37
113 70 37
113 65 37
113 65 37
113 73 37
113 65 37
113 65 37
113 65 37
113 72 37
113 65 37
113 65 37
113 65 37
113 72 37
113 65 37
113 71 37
113 68 37
113 68 37
113 68 37
113 68 37
113 77 37
113 80 37
113 80 37
113 77 37
113 71 37
113 68 37
113 68 37
113 70 37
113 67 37
113 67 37
113 67 37
113 70 37
113 67 37
113 65 37
113 65 37
113 65 37
113 65 37
113 65 37
113 65 37
113 65 37
113 65 37
113 65 37
113 62 37
113 68 37
113 65 37
113 67 37
113 55 37
113 62 37
113 65 37
113 62 37
113 62 37
113 60 37
113 56 37
113 60 37
113 60 37
113 60 37
113 56 37
113 60 37
113 55 37
113 65 37
113 60 37
113 60 37
113 64 37
113 68 37
113 65 37
113 68 37
113 61 37
113 65 37
113 61 37
113 65 37
113 61 37
113 65 37
113 62 37
113 62 37
113 65 37
113 65 37
113 56 37
113 60 37
113 56 37
113 65 37
113 56 37
113 65 37
113 56 37
113 60 37
113 60 37
113 60 37
113 56 37
113 65 37
113 60 37
113 65 37
113 55 37
113 65 37
113 55 37
113 64 37
113 60 37
113 64 37
113 60 37
113 60 37
113 55 37
1025 77 151
0 65 151
0 77 37
113 80 151
0 68 151
0 80 37
113 84 151
0 72 151
0 84 37
113 79 151
0 67 151
0 79 37
113 82 151
0 70 151
0 82 37
113 77 151
0 65 151
0 77 37
113 80 151
0 68 151
0 77 37
113 79 151
0 67 151
0 79 37
113 77 151
0 65 151
0 77 37
113 80 151
0 68 151
0 77 37
113 75 151
0 72 151
0 75 37
113 75 151
0 70 151
0 79 37
113 77 151
0 70 151
0 77 37
113 68 151
0 65 151
0 68 37
113 77 151
0 68 151
0 77 37
113 76 151
0 67 151
0 79 37
113 89 151
0 77 75
0 89 75
0 77 37
113 92 151
0 80 75
0 92 75
0 80 37
113 96 151
0 84 75
0 87 75
0 84 37
113 87 151
0 82 75
0 91 75
0 82 37
113 89 151
0 82 75
0 94 75
0 82 37
113 80 151
0 77 75
0 80 75
0 77 37
113 89 151
0 80 75
0 89 75
0 80 37
113 88 151
0 79 75
0 88 75
0 79 37
113 92 151
0 80 75
0 92 75
0 80 37
113 88 151
0 84 75
0 96 75
0 84 37
113 96 151
0 84 75
0 96 75
0 84 37
113 91 151
0 88 75
0 96 75
0 88 37
37 89 25
0 92 25
0 96 25
0 101 75
0 99 75
0 97 75
0 96 75
0 94 75
0 92 75
0 91 75
0 89 75
0 87 75
0 85 75
0 84 75
0 82 75
0 80 75
0 79 75
0 77 75
0 75 75
0 73 75
0 72 75
0 70 75
0 68 75
0 67 75
0 65 75
0 63 75
0 61 75
