0 52 277
0 52 69
69 52 69
69 52 277
0 52 69
69 52 69
69 52 138
0 48 69
0 52 69
0 55 69
0 60 69
0 64 69
0 67 69
0 59 277
0 60 69
69 60 69
69 65 138
138 67 138
692 53 277
0 53 69
69 53 69
69 53 277
0 53 69
69 53 69
69 53 138
0 55 69
0 59 69
0 62 69
0 65 69
0 67 69
0 71 69
0 61 277
0 62 69
69 62 69
69 63 138
138 67 138
277 55 69
0 60 69
0 64 69
0 67 69
0 72 69
0 76 69
0 67 277
0 67 131
6 67 131
6 67 415
0 67 138
0 72 274
2 72 131
6 72 131
6 71 138
0 55 69
0 60 69
0 64 69
0 67 69
0 72 69
0 76 69
0 67 274
2 67 138
0 67 138
0 67 415
0 67 138
0 72 274
2 72 131
6 72 131
6 71 138
0 60 69
0 65 69
0 69 69
0 72 69
0 77 69
0 81 69
0 72 274
2 72 131
6 72 131
6 72 415
0 72 138
0 77 274
2 77 131
6 77 131
6 76 274
2 88 274
2 74 277
0 74 131
6 74 131
6 72 277
0 81 277
0 69 69
0 81 69
0 69 69
0 81 69
0 69 69
0 81 69
0 69 69
0 81 69
0 69 69
0 81 69
0 69 69
0 81 69
0 69 69
0 81 69
0 69 69
0 81 69
0 69 69
0 81 69
0 69 69
0 81 69
0 69 69
0 81 69
0 69 69
0 81 69
0 69 69
0 81 69
0 69 69
0 81 69
0 69 138
0 69 138
0 69 69
69 71 69
69 71 69
69 71 69
69 71 69
69 71 69
69 71 69
69 71 69
69 71 138
138 88 138
692 52 274
2 52 69
69 52 69
69 52 274
2 52 69
69 52 69
69 52 138
0 48 69
0 52 69
0 55 69
0 60 69
0 64 69
0 67 69
0 59 277
0 60 69
69 60 69
69 65 138
138 67 138
138 77 554
0 53 274
2 53 69
69 53 69
69 53 274
2 53 69
69 53 69
69 53 138
0 55 69
0 59 69
0 62 69
0 65 69
0 67 69
0 71 69
0 61 277
0 62 69
69 62 69
69 63 138
138 67 138
138 76 554
138 55 69
0 60 69
0 64 69
0 67 69
0 72 69
0 76 69
0 72 207
69 65 138
138 84 554
138 57 69
0 60 69
0 65 69
0 69 69
0 72 69
0 77 69
0 72 207
69 67 138
138 72 1108
138 60 69
0 64 69
0 67 69
0 72 69
0 76 69
0 79 69
0 72 554
0 71 554
0 72 277
0 76 277
0 74 138
0 62 69
0 67 69
0 71 69
0 74 69
0 79 69
0 83 69
0 72 554
0 71 554
0 72 277
0 76 277
0 74 138
0 67 69
0 71 69
0 74 69
0 79 69
0 83 69
0 86 69
0 79 554
554 88 69
0 91 69
0 88 69
0 85 69
0 82 69
0 79 69
0 76 69
0 73 69
0 76 69
0 79 69
0 76 69
0 73 69
0 70 69
0 67 69
0 64 69
0 61 69
0 64 69
0 67 69
0 64 69
0 61 69
0 64 69
0 67 69
0 64 69
0 61 69
0 64 69
0 67 69
0 64 69
0 61 69
0 64 69
0 67 69
0 64 69
0 61 69
0 62 69
0 67 69
0 62 69
0 55 69
0 62 69
0 67 69
0 62 69
0 55 69
0 62 69
0 67 69
0 62 69
0 55 69
0 62 69
0 67 69
0 62 69
0 55 69
0 59 138
0 71 69
0 64 69
0 59 138
0 71 69
0 64 69
0 59 138
0 71 69
0 64 69
0 57 138
0 69 69
0 64 69
0 59 69
0 62 69
0 69 69
0 62 69
0 59 69
0 62 69
0 67 69
0 62 69
0 60 69
0 62 69
0 67 69
0 62 69
0 60 69
0 62 69
0 66 69
0 62 69
0 79 554
554 88 69
0 91 69
0 88 69
0 85 69
0 82 69
0 79 69
0 76 69
0 73 69
0 76 69
0 79 69
0 76 69
0 73 69
0 70 69
0 67 69
0 64 69
0 61 69
0 64 69
0 67 69
0 64 69
0 61 69
0 64 69
0 67 69
0 64 69
0 61 69
0 64 69
0 67 69
0 64 69
0 61 69
0 64 69
0 67 69
0 64 69
0 61 69
0 64 69
0 67 69
0 64 69
0 55 69
0 64 69
0 67 69
0 64 69
0 55 69
0 64 69
0 67 69
0 64 69
0 55 69
0 64 69
0 67 69
0 64 69
0 55 69
0 59 138
0 71 69
0 64 69
0 59 138
0 71 69
0 64 69
0 59 138
0 71 69
0 64 69
0 57 138
0 69 69
0 64 69
0 59 69
0 62 69
0 69 138
0 59 69
0 62 69
0 69 138
0 59 69
0 62 69
0 69 138
0 59 69
0 62 69
0 67 138
0 60 69
0 62 69
0 67 138
0 60 69
0 62 69
0 66 138
0 60 69
0 62 69
0 64 138
0 60 69
0 62 69
0 66 138
0 59 138
0 71 263
13 71 263
13 71 263
13 71 263
13 72 277
0 71 277
0 70 277
0 69 138
0 56 274
2 56 131
6 56 131
6 56 274
2 56 131
6 56 131
6 56 138
0 59 138
0 57 277
554 57 274
2 57 131
6 57 131
6 57 274
2 57 131
6 57 131
6 58 138
0 61 138
0 59 415
0 64 138
0 66 138
0 76 138
0 69 138
0 75 138
0 73 138
0 71 138
0 71 138
0 68 138
0 69 138
0 71 138
0 71 138
0 75 138
0 70 138
0 73 138
0 71 138
0 83 138
0 70 138
0 69 138
0 68 274
2 68 131
6 68 131
6 68 274
2 68 131
6 68 131
6 68 138
0 71 138
0 69 277
554 69 274
2 69 131
6 69 131
6 69 274
2 69 131
6 69 131
6 70 138
0 72 138
0 71 415
415 71 138
0 74 138
0 72 277
0 76 415
0 72 138
0 70 138
0 72 138
0 71 277
0 76 415
0 71 138
0 69 138
0 71 138
0 72 138
0 69 138
0 67 138
0 70 138
0 71 138
0 67 138
0 66 554
554 57 138
0 59 138
0 60 138
0 57 138
0 55 138
0 58 138
0 59 138
0 55 138
0 54 554
138 62 138
0 61 138
0 59 138
0 56 277
0 65 138
0 57 138
0 61 277
0 61 138
0 61 138
0 61 277
0 69 138
0 59 138
0 57 415
0 56 138
0 54 277
0 63 138
0 56 138
0 59 277
0 59 138
0 59 138
0 59 277
0 68 138
0 57 138
0 56 277
0 56 277
0 60 69
0 55 69
0 60 69
0 55 69
0 60 69
0 55 69
0 60 69
0 55 69
0 60 69
0 55 69
0 60 69
0 55 69
0 60 69
0 55 69
0 60 69
0 55 69
0 64 69
0 60 69
0 64 69
0 60 69
0 64 69
0 60 69
0 64 69
0 60 69
0 67 69
0 64 69
0 67 69
0 64 69
0 67 69
0 64 69
0 67 69
0 64 69
0 72 69
0 67 69
0 72 69
0 67 69
0 76 69
0 72 69
0 76 69
0 72 69
0 84 69
0 76 69
0 79 69
0 76 69
0 88 69
0 79 69
0 88 69
0 79 69
0 76 274
2 76 131
6 76 131
6 76 274
2 76 131
6 76 131
6 76 138
969 67 138
138 59 138
692 77 274
2 77 131
6 77 131
6 77 274
2 77 131
6 77 131
6 77 138
969 67 138
138 60 138
277 55 69
0 60 69
0 64 69
0 67 69
0 72 69
0 76 69
0 67 274
2 67 131
6 67 131
6 67 415
0 67 138
0 72 277
0 72 138
0 72 138
0 71 138
0 55 69
0 60 69
0 64 69
0 67 69
0 72 69
0 76 69
0 67 274
2 67 131
6 67 131
6 67 415
0 67 138
0 72 277
0 72 277
0 71 138
0 60 69
0 65 69
0 69 69
0 72 69
0 77 69
0 81 69
0 72 274
2 72 131
6 72 131
6 72 415
0 72 138
0 77 274
2 77 131
6 77 131
6 76 274
2 88 277
0 74 138
0 74 138
0 72 277
0 81 277
0 80 242
0 81 34
0 93 138
0 91 69
0 89 69
0 88 69
0 86 69
0 84 69
0 83 69
0 81 69
0 79 69
0 77 69
0 76 69
0 74 69
0 72 69
0 71 69
0 69 69
0 68 69
0 65 69
0 64 69
0 62 69
0 68 69
0 65 69
0 64 69
0 62 69
0 68 69
0 65 69
0 64 69
0 62 69
0 68 69
0 65 69
0 64 69
0 62 34
0 83 34
0 95 138
0 93 69
0 92 69
0 89 69
0 88 69
0 86 69
0 84 69
0 83 69
0 81 69
0 80 69
0 77 69
0 76 69
0 74 69
0 72 69
0 71 69
0 69 69
0 63 69
0 64 69
0 57 69
0 69 69
0 63 69
0 64 69
0 57 69
0 69 69
0 63 69
0 64 69
0 57 69
0 69 69
0 63 69
0 64 69
0 57 69
0 70 69
0 64 69
0 65 69
0 58 69
0 70 69
0 64 69
0 65 69
0 58 69
0 70 69
0 64 69
0 65 69
0 58 69
0 70 69
0 64 69
0 65 69
0 58 69
0 73 69
0 66 69
0 67 69
0 61 69
0 74 69
0 68 69
0 69 69
0 62 69
0 76 69
0 70 69
0 71 69
0 64 69
0 77 69
0 71 69
0 72 69
0 65 69
0 80 69
0 75 69
0 76 69
0 68 69
0 81 69
0 75 69
0 76 69
0 69 69
0 83 69
0 75 69
0 81 69
0 71 69
0 84 69
0 76 69
0 80 69
0 72 69
0 81 274
2 81 131
6 81 131
6 81 274
2 81 131
6 81 131
6 81 138
0 78 138
0 79 277
0 45 554
0 79 274
2 79 131
6 79 131
6 79 274
2 79 131
6 79 131
6 79 138
0 76 138
0 77 277
0 45 554
0 77 138
0 75 138
0 76 277
0 45 554
0 76 138
0 73 138
0 74 277
0 45 554
0 74 138
0 71 138
0 72 277
0 81 138
0 71 138
0 72 138
0 74 138
0 88 277
0 74 207
0 72 69
0 84 277
0 71 277
0 68 277
0 69 138
144 81 138
0 71 138
0 72 138
0 74 138
0 88 277
0 74 207
0 72 69
0 84 277
0 71 276
0 71 63
0 75 69
0 76 69
0 69 69
0 69 69
0 63 69
0 64 69
0 57 69
0 82 69
0 76 69
0 77 69
0 70 69
0 70 69
0 64 69
0 65 69
0 58 69
0 85 69
0 78 69
0 79 69
0 73 69
0 73 69
0 66 69
0 67 69
0 61 69
0 86 69
0 80 69
0 81 69
0 74 69
0 74 69
0 68 69
0 69 69
0 62 69
0 89 69
0 85 69
0 86 69
0 77 69
0 89 69
0 85 69
0 86 69
0 77 69
0 89 69
0 85 69
0 86 69
0 77 69
0 80 69
0 83 69
0 86 69
0 89 69
0 88 277
0 74 207
0 72 69
0 84 277
0 71 277
0 88 277
0 74 207
0 72 69
0 84 277
0 71 277
0 81 69
0 75 69
0 76 69
0 69 65
4 69 69
0 63 69
0 64 69
0 57 69
0 82 69
0 76 69
0 77 69
0 70 64
4 70 69
0 64 69
0 65 69
0 58 69
0 85 69
0 78 69
0 79 69
0 73 65
4 73 69
0 66 69
0 67 69
0 61 69
0 86 69
0 80 69
0 81 69
0 74 65
4 74 69
0 68 69
0 69 69
0 62 69
0 88 69
0 82 69
0 83 69
0 76 64
5 76 69
0 70 69
0 71 69
0 64 69
0 89 69
0 83 69
0 84 69
0 77 62
6 77 69
0 71 69
0 72 69
0 65 69
0 80 138
0 91 69
0 89 69
0 87 69
0 86 69
0 84 69
0 82 69
0 80 69
0 79 69
0 77 69
0 75 69
0 74 69
0 72 69
0 70 69
0 69 69
0 68 69
0 67 69
0 65 69
0 63 69
0 62 69
0 60 69
0 58 69
0 56 69
0 57 69
0 58 69
0 60 69
0 58 69
0 57 69
0 58 69
0 60 69
0 58 69
0 57 92
0 60 92
0 58 92
0 57 92
0 60 92
0 58 92
0 57 92
0 60 92
0 58 92
0 57 92
0 60 92
0 58 92
0 57 138
0 60 138
0 58 277
0 57 138
0 60 138
0 58 277
0 69 138
0 72 138
0 70 415
0 72 138
0 74 138
0 75 138
0 69 138
0 72 138
0 70 415
0 72 138
0 74 138
0 75 138
0 76 138
0 79 138
0 77 415
0 74 138
0 72 138
0 70 138
0 76 138
0 79 138
0 77 415
0 74 138
0 72 138
0 70 138
0 81 138
0 84 138
0 82 415
0 84 138
0 86 138
0 87 138
0 81 138
0 84 138
0 82 415
0 84 138
0 86 138
0 87 138
0 88 138
0 91 138
0 89 415
0 86 138
0 84 138
0 82 138
0 88 138
0 91 138
0 89 415
0 86 138
0 84 138
0 82 138
0 82 138
0 92 138
0 91 415
0 89 138
0 86 138
0 83 138
0 79 138
0 89 138
0 87 415
0 85 138
0 82 138
0 79 138
0 75 138
0 85 138
0 84 415
0 82 138
0 84 138
0 85 138
0 75 138
0 82 138
0 80 415
0 79 138
0 80 138
0 82 138
0 74 138
0 77 138
0 75 381
0 72 34
0 87 103
0 70 34
0 85 103
0 68 34
0 84 138
0 74 138
0 77 138
0 75 381
0 72 34
0 87 103
0 70 34
0 85 103
0 68 34
0 84 138
0 69 138
0 72 138
0 70 381
0 63 34
0 79 103
0 65 34
0 80 103
0 67 34
0 82 138
0 69 138
0 72 138
0 70 381
0 63 34
0 79 103
0 65 34
0 80 103
0 67 34
0 82 138
0 75 138
0 85 138
0 84 415
0 82 138
0 79 138
0 76 138
0 84 138
0 94 138
0 92 415
0 90 138
0 87 138
0 84 138
0 80 138
0 90 138
0 89 415
0 87 138
0 89 138
0 90 138
0 80 138
0 87 138
0 85 415
0 84 138
0 85 138
0 87 138
0 77 274
2 77 69
69 77 69
69 77 274
2 77 69
69 77 69
69 77 103
34 89 69
0 85 69
0 80 69
0 77 69
0 73 69
0 68 69
0 65 69
0 61 69
0 65 69
0 68 69
0 73 69
0 77 69
0 80 69
0 85 69
0 77 274
2 77 69
69 77 69
69 77 274
2 77 69
69 77 69
69 77 103
34 89 69
0 85 69
0 82 69
0 77 69
0 73 69
0 70 69
0 65 69
0 61 69
0 65 69
0 70 69
0 73 69
0 77 69
0 82 69
0 85 69
0 78 274
2 78 69
69 78 69
69 78 274
2 78 69
69 78 69
69 78 103
34 78 69
0 77 69
0 75 69
0 77 69
0 75 69
0 73 69
0 72 69
0 73 69
0 72 69
0 73 69
0 75 69
0 77 69
0 78 69
0 80 69
0 78 274
2 78 69
69 78 69
69 78 274
2 78 69
69 78 69
69 78 103
34 78 69
0 77 69
0 75 69
0 77 69
0 75 69
0 73 69
0 72 69
0 73 69
0 72 69
0 73 69
0 75 69
0 77 69
0 78 69
0 80 69
0 69 274
2 69 69
69 69 69
69 74 274
2 74 69
69 74 69
69 71 277
0 72 277
0 69 277
0 74 277
0 71 277
0 72 277
0 69 277
0 74 277
0 67 274
2 67 69
69 67 69
69 67 274
2 67 69
69 67 69
69 67 277
0 65 277
0 77 138
0 65 65
3 65 65
3 65 131
6 65 131
6 68 274
2 68 69
69 68 69
69 68 274
2 68 69
69 68 69
69 67 277
0 67 277
0 75 138
0 63 65
3 63 65
3 63 131
6 63 131
6 67 277
0 67 69
69 67 69
69 67 277
0 67 69
69 67 69
69 65 277
0 65 277
0 73 131
6 61 65
3 61 65
3 61 131
6 61 131
6 61 277
0 60 277
0 72 131
6 60 65
3 60 65
3 60 131
6 60 131
6 60 277
0 58 277
0 70 277
0 68 277
0 56 277
0 55 277
0 67 277
0 66 277
0 67 69
0 81 69
0 79 69
0 81 69
0 83 69
0 84 69
0 83 69
0 84 69
0 86 69
0 87 69
0 86 69
0 87 69
0 89 69
0 91 69
0 89 69
0 91 69
0 80 554
0 68 554
0 77 69
0 79 69
0 77 69
0 79 69
0 80 69
0 82 69
0 80 69
0 82 69
0 84 69
0 86 69
0 84 69
0 86 69
0 87 69
0 89 69
0 87 69
0 89 69
0 79 554
0 67 554
0 75 69
0 77 69
0 75 69
0 77 69
0 79 69
0 80 69
0 79 69
0 80 69
0 82 69
0 84 69
0 82 69
0 84 69
0 86 69
0 87 69
0 86 69
0 87 69
0 77 554
0 65 554
0 75 554
0 63 554
0 73 207
0 61 65
3 61 277
0 72 207
0 60 65
3 60 277
0 70 207
0 58 65
3 58 277
0 75 206
1 63 65
3 63 277
0 59 277
0 62 51
17 63 51
17 65 51
17 67 51
17 68 274
2 72 138
0 72 138
0 71 274
2 74 51
17 75 51
17 77 51
17 79 51
17 80 277
0 84 138
0 84 138
0 74 51
17 75 51
17 77 51
17 79 51
17 87 277
0 74 51
17 75 51
17 77 51
17 79 51
17 87 277
0 74 51
17 75 51
17 77 51
17 79 51
17 75 277
0 62 51
17 63 51
17 65 51
17 67 51
17 75 277
0 67 274
2 67 69
69 67 69
69 67 274
2 67 69
69 67 69
69 67 274
2 67 69
69 67 69
69 67 274
2 67 69
69 67 69
69 68 274
2 68 69
69 68 69
69 68 274
2 68 34
103 68 34
103 68 274
2 68 34
103 68 34
103 68 274
2 68 34
103 68 34
103 68 274
2 68 34
103 68 34
103 68 274
2 68 34
103 68 34
103 68 274
2 68 34
103 68 34
103 68 274
2 68 34
103 68 34
103 68 274
2 68 34
103 68 34
103 68 274
2 68 34
103 68 34
103 68 274
2 68 34
103 68 34
103 68 274
2 68 34
103 68 34
103 68 274
2 71 34
103 71 34
103 68 274
2 71 34
103 71 34
103 68 274
2 71 34
103 71 34
103 66 274
2 69 34
103 69 34
103 66 274
2 66 34
103 66 34
103 64 274
2 64 34
103 64 34
103 63 274
2 63 34
103 63 34
103 63 274
2 63 34
103 63 34
103 63 274
2 60 34
103 60 34
103 60 274
2 60 34
103 60 34
103 61 274
2 61 34
103 61 34
103 61 274
2 61 34
103 61 34
103 60 274
2 60 34
103 60 34
103 60 274
2 60 34
103 60 34
103 61 274
2 61 34
103 61 34
103 61 274
2 61 34
103 61 34
103 60 274
2 56 69
69 56 69
69 56 277
554 56 69
69 56 69
69 56 277
554 56 69
69 56 69
69 56 277
554 56 69
69 56 69
69 56 277
554 66 69
69 66 69
69 66 277
554 66 69
69 66 69
346 66 69
69 66 69
346 66 277
277 66 277
277 66 277
277 66 277
