0 67 1499
31 71 382
0 72 127
0 74 359
150 74 359
150 74 359
150 72 382
0 74 127
0 75 765
0 74 255
0 72 510
0 74 382
0 72 127
0 71 510
0 69 382
0 71 127
0 72 510
0 74 382
0 75 127
0 74 1531
0 62 256
126 63 63
63 65 256
254 65 256
254 65 256
254 63 256
126 65 63
63 67 893
0 65 63
63 63 255
255 65 256
126 63 63
63 62 255
255 60 256
126 62 63
63 63 255
255 67 256
126 65 63
63 63 1531
0 74 382
0 75 127
0 77 359
150 77 359
150 77 359
150 75 382
0 74 127
0 79 765
0 77 255
0 75 510
0 74 382
0 72 127
0 71 510
0 69 382
0 71 127
0 72 510
0 77 382
0 75 127
0 74 1531
0 65 256
126 67 63
63 68 256
254 68 256
254 68 256
254 67 256
126 65 63
63 70 893
0 68 63
63 67 255
255 65 256
126 63 63
63 62 255
255 60 256
126 62 63
63 63 255
255 67 256
126 65 63
63 63 1531
0 71 382
0 72 127
0 74 359
150 68 359
150 68 23
127 69 359
127 69 23
127 69 382
0 74 127
0 72 63
0 74 63
0 75 637
0 74 255
0 72 510
0 69 382
0 72 127
0 67 510
0 67 382
0 67 127
0 67 510
0 67 382
0 67 127
0 67 1531
0 62 256
126 63 63
63 65 256
254 65 256
254 65 256
254 63 256
126 65 63
63 67 893
0 65 127
0 63 255
255 65 256
126 63 63
63 62 255
255 60 256
126 62 63
63 63 255
255 67 256
126 65 63
63 63 1531
0 74 382
0 75 127
0 77 359
150 71 359
150 71 23
127 68 359
127 68 23
127 70 63
0 77 63
0 75 255
0 74 127
0 70 510
0 74 382
0 77 127
0 67 510
0 65 382
0 63 127
0 62 510
0 60 382
0 62 127
0 63 510
0 67 382
0 67 127
0 67 1531
0 65 256
126 67 63
63 68 256
254 68 256
254 68 256
254 67 256
126 65 63
63 70 893
0 68 127
0 67 255
255 65 256
126 63 63
63 62 255
255 60 256
126 62 63
63 63 255
255 67 256
126 65 63
63 63 1531
0 75 382
0 74 127
0 63 1531
0 72 63
0 75 318
0 74 127
0 67 1531
0 74 382
0 75 127
0 68 510
0 67 256
126 65 63
63 63 510
0 67 510
0 63 2
0 63 1529
0 75 382
0 74 127
0 63 1531
0 75 382
0 74 127
0 67 1531
0 73 382
0 75 127
0 73 63
0 75 63
0 77 382
0 68 256
126 68 63
63 68 255
255 63 255
255 63 1
254 60 1020
510 68 382
0 72 127
0 75 382
127 75 382
127 75 382
127 75 382
127 77 1020
0 75 1020
0 73 1020
0 72 1020
0 70 510
0 73 510
0 72 510
0 70 510
0 68 1020
510 68 382
0 72 127
0 75 359
150 63 382
127 63 382
127 63 382
127 64 1020
0 63 1020
0 73 1020
0 71 765
0 70 255
0 68 510
0 68 63
0 76 446
0 75 510
0 73 510
0 71 1531
0 71 382
0 75 127
0 66 509
1 66 509
1 67 509
1 68 509
1 70 509
1 73 509
1 71 509
1 70 382
0 68 127
0 67 510
0 67 510
0 68 255
0 67 255
0 65 255
0 67 255
0 68 1531
0 80 382
0 84 127
0 75 382
127 75 382
127 75 382
127 75 382
127 77 509
1 79 509
1 80 509
1 75 382
127 75 510
0 73 255
255 73 510
0 72 255
255 82 510
0 85 510
0 84 510
0 82 510
0 80 170
0 63 170
0 68 170
0 72 170
0 68 170
0 63 170
0 75 170
0 72 170
0 68 170
0 68 170
0 72 170
0 75 170
0 75 170
0 70 170
0 67 170
0 75 170
0 70 170
0 67 170
0 75 170
0 72 170
0 68 170
0 70 170
0 75 170
0 79 170
0 80 170
0 75 170
0 68 170
0 80 170
0 74 170
0 68 170
0 80 170
0 75 170
0 70 159
10 70 170
0 75 170
0 79 170
0 77 170
0 70 170
0 67 170
0 77 170
0 71 170
0 67 170
0 77 170
0 72 170
0 68 159
10 68 170
0 72 170
0 75 170
0 61 170
0 68 170
0 73 170
0 65 170
0 68 170
0 70 170
0 63 170
0 68 170
0 72 170
0 63 340
0 73 170
0 63 170
0 63 170
0 68 170
0 72 170
0 68 170
0 63 170
0 75 170
0 72 170
0 68 159
10 68 170
0 72 170
0 75 170
0 75 170
0 70 170
0 67 170
0 75 170
0 70 170
0 67 170
0 75 170
0 71 170
0 68 170
0 70 170
0 75 170
0 79 170
0 80 170
0 75 170
0 68 170
0 80 170
0 73 170
0 70 170
0 80 170
0 75 170
0 71 159
10 71 170
0 75 170
0 78 170
0 76 170
0 71 170
0 67 170
0 76 170
0 70 170
0 67 170
0 76 170
0 71 170
0 68 159
10 68 170
0 71 170
0 75 170
0 68 170
0 71 170
0 73 170
0 68 170
0 71 170
0 76 170
0 66 170
0 71 170
0 75 170
0 66 340
0 76 170
0 66 170
0 63 170
0 66 170
0 71 170
0 66 170
0 63 170
0 75 170
0 71 170
0 66 170
0 71 170
0 75 170
0 78 170
0 66 382
127 66 509
1 67 509
1 68 509
1 70 509
1 73 509
1 71 509
1 70 382
0 68 127
0 67 510
0 67 510
0 68 255
0 67 255
0 65 255
0 67 255
0 68 1020
0 73 267
242 71 12
242 72 12
242 72 242
0 72 127
0 77 893
0 72 267
242 69 12
242 70 12
242 70 242
0 70 127
0 75 893
0 73 267
242 70 12
242 68 12
242 68 242
0 67 255
0 65 255
0 63 255
0 61 255
0 60 510
0 63 382
0 61 127
0 60 510
510 73 267
242 71 12
242 72 12
242 72 242
0 84 267
242 81 12
242 82 12
242 82 242
0 72 267
242 69 12
242 70 12
242 70 242
0 82 255
0 80 255
0 79 255
0 80 255
0 73 267
242 70 12
242 68 12
242 68 242
0 75 255
0 73 255
0 72 255
0 70 255
0 72 510
0 61 382
0 70 127
0 56 1531
0 60 382
0 63 127
0 56 382
127 56 382
127 56 382
127 56 382
127 55 1531
0 60 382
0 63 127
0 55 382
127 67 382
127 55 382
127 55 382
127 53 1020
0 54 1020
0 67 127
42 55 127
42 55 127
42 55 127
42 55 127
42 55 127
42 55 127
42 55 127
42 55 127
42 55 127
42 55 127
42 55 127
42 67 127
42 55 127
42 55 127
42 55 127
42 55 127
42 55 127
42 55 127
42 55 127
42 55 127
42 55 127
42 55 127
42 55 127
42 67 127
42 55 127
42 55 127
42 55 127
42 55 127
42 55 127
42 55 127
42 55 127
42 55 127
42 55 127
42 55 127
42 53 127
42 63 127
42 63 127
42 63 127
42 63 127
42 63 127
42 63 127
42 62 127
42 62 127
42 62 127
42 62 127
42 62 127
42 62 127
42 63 127
42 55 127
42 55 127
42 55 127
42 55 127
42 55 127
42 55 127
42 55 127
42 55 127
42 55 127
42 55 127
42 55 127
42 67 127
42 55 127
42 55 127
42 55 127
42 55 127
42 55 127
42 55 127
42 55 127
42 55 127
42 56 127
42 56 127
42 56 127
42 67 127
42 55 127
42 55 127
42 55 127
42 55 127
42 55 127
42 55 127
42 55 127
42 55 127
42 55 127
42 55 127
42 53 127
42 63 127
42 63 127
42 63 127
42 63 127
42 63 127
42 63 127
42 62 127
42 62 127
42 62 127
42 62 127
42 62 127
42 62 127
42 55 1020
510 71 382
0 72 127
0 74 359
150 65 359
150 65 23
127 68 359
127 68 23
127 72 382
0 74 127
0 75 765
0 74 255
0 67 510
0 74 382
0 72 127
0 71 510
0 65 382
0 71 127
0 63 510
0 60 382
0 75 127
0 68 127
0 67 1403
0 59 382
0 60 127
0 62 510
0 62 510
0 62 510
0 60 382
0 62 127
0 67 893
0 62 127
0 60 510
0 66 382
0 72 127
0 62 510
0 62 382
0 68 127
0 60 510
0 65 382
0 74 127
0 63 1531
0 74 382
0 75 127
0 77 510
0 65 510
0 68 510
0 75 382
0 74 127
0 79 765
0 77 127
0 68 127
0 75 510
0 74 382
0 72 127
0 71 510
0 68 255
0 67 255
0 65 255
0 63 255
0 62 255
0 60 127
0 75 127
0 68 127
0 67 1403
0 74 382
0 75 127
0 65 510
0 65 510
0 65 510
0 67 382
0 68 127
0 79 510
0 68 510
0 75 510
0 65 382
0 74 127
0 62 510
0 62 382
0 68 127
0 60 510
0 65 382
0 74 127
0 63 1531
0 60 153
17 60 153
17 60 153
17 84 1531
0 60 153
17 60 153
17 60 153
17 84 1531
0 60 153
17 60 153
17 60 153
17 73 510
0 65 382
0 68 127
0 67 510
0 67 510
0 67 1531
0 60 153
17 60 153
17 60 153
17 84 1531
0 60 153
17 60 153
17 60 153
17 84 1531
0 60 153
17 60 153
17 60 153
17 73 510
0 65 382
0 68 127
0 67 510
0 67 510
0 67 1531
0 60 127
42 60 127
42 60 127
42 61 127
42 72 127
42 61 127
42 62 127
42 72 127
42 62 127
42 72 127
42 72 127
42 63 127
42 64 127
42 72 127
42 72 127
42 64 127
42 64 127
42 64 127
42 64 127
42 64 127
42 64 127
42 65 127
42 65 127
42 65 127
42 63 127
42 63 127
42 63 127
42 63 127
42 62 127
42 62 127
42 62 127
42 62 127
42 62 127
42 62 127
42 62 127
42 62 127
42 62 127
42 62 127
42 62 127
42 60 127
42 60 127
42 60 127
42 60 127
42 60 127
42 60 127
42 58 127
42 58 127
42 58 127
42 57 127
42 57 127
42 57 127
42 58 1020
510 67 382
0 70 127
0 74 266
114 70 12
114 70 114
0 74 266
114 70 12
114 70 114
0 74 266
114 69 12
114 69 114
0 74 266
114 70 12
114 70 114
0 75 266
114 72 12
114 66 12
114 72 12
114 69 12
114 66 12
114 66 114
0 74 266
114 70 12
114 62 12
114 70 12
114 67 12
114 62 12
114 62 114
0 72 266
114 66 12
114 60 12
114 66 12
114 63 12
114 60 12
114 60 114
0 70 266
114 67 12
114 58 12
114 67 12
114 62 12
114 58 12
114 58 114
0 69 266
114 67 12
114 67 114
0 72 266
114 69 12
114 69 114
0 70 266
114 67 12
114 67 114
0 69 266
114 66 12
114 66 114
0 67 266
114 62 12
114 63 12
114 60 12
114 57 12
114 63 12
114 62 12
114 58 12
114 62 12
114 66 12
114 66 114
0 67 12
114 62 12
114 67 12
114 70 12
114 70 114
0 74 266
114 70 12
114 70 114
0 74 266
114 70 12
114 70 114
0 74 266
114 69 12
114 69 114
0 74 266
114 70 12
114 70 114
0 75 266
114 72 12
114 69 12
114 72 12
114 69 12
114 65 12
114 65 114
0 74 266
114 70 12
114 65 12
114 70 12
114 65 12
114 62 12
114 62 114
0 72 266
114 69 12
114 66 12
114 69 12
114 66 12
114 62 12
114 62 114
0 70 266
114 67 12
114 58 12
114 67 12
114 62 12
114 58 12
114 58 114
0 67 266
114 60 12
114 60 114
0 75 266
114 72 12
114 72 114
0 74 266
114 70 12
114 70 114
0 72 266
114 69 12
114 69 114
0 70 266
114 65 12
114 66 12
114 63 12
114 60 12
114 66 12
114 65 12
114 62 12
114 65 12
114 69 12
114 69 114
0 70 12
114 65 12
114 70 12
114 74 12
114 74 114
0 65 382
127 65 509
1 66 509
1 67 509
1 69 509
1 72 509
1 70 509
1 69 382
0 67 127
0 66 510
0 66 510
0 67 255
0 66 255
0 64 255
0 66 255
0 67 1020
127 67 127
0 70 127
0 74 127
0 79 127
0 70 127
0 74 127
0 79 127
255 69 127
382 81 127
382 70 127
382 69 127
382 67 127
127 67 127
127 85 127
382 86 127
127 74 127
127 66 127
382 63 127
127 63 127
127 81 127
382 82 127
127 70 127
127 62 127
382 63 127
382 66 127
382 67 127
382 72 127
382 70 255
0 62 255
0 62 255
0 62 255
0 67 255
0 70 255
0 67 255
255 66 127
382 81 127
382 70 127
382 69 127
382 67 127
127 67 127
127 85 127
382 86 127
127 74 127
127 65 127
382 63 127
127 63 127
127 81 127
382 82 127
127 70 127
127 65 127
382 63 127
382 67 127
382 65 127
382 69 127
382 75 255
0 74 255
0 70 255
0 65 255
0 62 255
0 58 382
0 62 127
0 65 382
127 65 509
1 66 509
1 67 509
1 69 509
1 72 509
1 70 509
1 69 382
0 67 127
0 66 510
0 66 510
0 67 255
0 66 255
0 64 255
0 66 255
0 67 1020
0 72 267
242 70 12
242 71 12
242 71 242
0 71 127
0 76 893
0 71 267
242 68 12
242 69 12
242 69 242
0 69 127
0 74 893
0 72 267
242 69 12
242 67 12
242 67 242
0 66 255
0 64 255
0 62 255
0 60 255
0 59 510
0 62 382
0 60 127
0 59 510
510 72 267
242 70 12
242 71 12
242 71 242
0 83 267
242 80 12
242 81 12
242 81 242
0 71 267
242 68 12
242 69 12
242 69 242
0 81 255
0 79 255
0 78 255
0 79 255
0 72 267
242 69 12
242 67 12
242 67 242
0 74 255
0 72 255
0 71 255
0 69 255
0 71 510
0 60 382
0 69 127
0 67 127
42 55 127
42 55 127
42 55 127
42 55 127
42 55 127
42 55 127
42 55 127
42 55 127
42 55 127
42 55 127
42 55 127
42 67 127
42 55 127
42 55 127
42 55 127
42 55 127
42 55 127
42 55 127
42 55 127
42 55 127
42 55 127
42 55 127
42 55 127
42 67 127
42 55 127
42 55 127
42 55 127
42 55 127
42 55 127
42 55 127
42 55 127
42 55 127
42 55 127
42 55 127
42 53 127
42 63 127
42 63 127
42 63 127
42 63 127
42 63 127
42 63 127
42 62 127
42 62 127
42 62 127
42 62 127
42 62 127
42 62 127
42 63 127
42 55 127
42 55 127
42 55 127
42 55 127
42 55 127
42 55 127
42 55 127
42 55 127
42 55 127
42 55 127
42 55 127
42 67 127
42 55 127
42 55 127
42 55 127
42 55 127
42 55 127
42 55 127
42 55 127
42 55 127
42 56 127
42 56 127
42 56 127
42 67 127
42 55 127
42 55 127
42 55 127
42 55 127
42 55 127
42 55 127
42 55 127
42 55 127
42 55 127
42 55 127
42 53 127
42 64 127
42 64 127
42 64 127
42 64 127
42 64 127
42 64 127
42 62 127
42 62 127
42 62 127
42 62 127
42 62 127
42 62 127
42 55 1020
510 62 382
0 64 127
0 65 359
0 65 23
127 67 359
127 67 23
127 65 359
127 65 23
127 64 382
0 65 127
0 67 765
0 65 255
0 64 510
0 65 382
0 64 127
0 62 510
0 60 382
0 62 127
0 64 510
0 67 382
0 67 127
0 71 1531
0 59 382
0 60 127
0 62 510
0 62 510
0 62 510
0 64 382
0 65 127
0 76 510
0 74 510
0 72 510
0 69 382
0 65 127
0 62 510
0 65 510
0 71 510
0 76 382
0 65 127
0 67 1020
510 83 382
0 84 127
0 86 510
0 77 510
0 78 510
0 78 382
0 86 127
0 78 765
0 86 255
0 84 510
0 74 382
0 84 127
0 74 510
0 74 382
0 83 127
0 72 510
0 79 382
0 84 127
0 79 1531
0 74 382
0 75 127
0 77 359
150 71 359
150 71 23
127 68 359
127 68 23
127 70 63
0 77 63
0 75 255
0 74 127
0 70 510
0 74 255
0 77 255
0 67 510
0 65 382
0 63 127
0 62 510
0 62 382
0 71 127
0 60 510
0 67 382
0 72 127
0 71 1531
0 59 382
0 60 127
0 62 510
0 62 510
0 62 510
0 64 382
0 65 127
0 76 765
0 74 255
0 64 510
510 55 765
0 65 255
0 64 510
510 74 765
0 72 255
0 62 510
510 53 765
0 63 255
0 62 510
510 69 1020
0 74 510
0 72 510
0 67 1020
0 72 255
0 71 255
0 69 255
0 71 255
0 64 3062
0 64 510
0 71 382
0 72 127
0 74 359
150 74 359
150 74 359
150 72 255
0 71 255
0 75 765
0 74 255
0 72 255
0 67 255
0 72 255
0 74 255
0 75 510
0 74 255
0 72 255
0 67 382
127 71 382
127 64 1531
1020 67 1020
1020 67 1020
0 75 255
0 77 255
0 79 255
0 75 255
0 71 255
0 72 255
0 67 382
127 71 382
127 64 1020
0 67 382
127 71 382
127 64 1020
0 55 510
0 59 510
0 52 1020
0 55 1020
0 55 2041
