0 86 557
0 57 69
69 57 69
69 57 69
69 57 69
69 57 278
0 59 139
139 60 69
69 60 69
69 60 69
69 60 69
69 60 278
0 59 139
0 64 139
0 67 92
0 66 92
0 64 92
0 70 92
0 69 92
0 67 92
0 69 139
139 78 92
0 76 92
0 74 92
0 81 92
0 79 92
0 78 92
0 76 92
0 74 92
0 73 92
0 86 557
0 57 69
69 57 69
69 57 69
69 57 69
69 57 278
0 58 139
139 60 69
69 60 69
69 60 69
69 60 69
69 60 278
0 58 139
139 65 69
69 65 69
69 65 69
69 65 69
69 60 278
0 72 92
0 70 92
0 69 92
0 67 92
0 65 92
0 64 92
0 62 92
0 60 92
0 58 92
0 57 92
0 58 92
0 60 92
0 72 92
0 70 92
0 69 92
0 67 92
0 65 92
0 64 92
0 62 92
0 60 92
0 58 92
0 57 92
0 58 92
0 60 92
0 57 92
0 58 92
0 60 92
0 57 101
83 60 9
83 60 83
0 57 101
83 60 9
83 60 83
0 57 101
83 60 9
83 60 83
0 57 101
83 60 9
83 60 83
0 57 101
83 60 9
83 60 83
0 57 101
83 60 9
83 60 83
0 53 557
0 56 69
69 56 69
69 56 69
69 56 69
69 61 557
0 68 69
69 65 69
69 65 69
69 65 69
69 64 557
0 67 69
69 67 69
69 67 69
69 67 69
69 69 557
0 76 69
69 76 69
69 76 69
69 76 69
69 86 557
0 57 69
69 57 69
69 57 69
69 57 69
69 57 278
0 59 139
139 57 92
0 59 92
0 60 92
0 62 92
0 64 92
0 66 92
0 58 139
0 66 139
0 59 139
0 67 139
0 64 69
69 64 69
69 64 69
69 64 69
69 67 278
0 62 139
139 62 92
0 64 92
0 66 92
0 67 92
0 69 92
0 71 92
0 63 139
0 71 139
0 64 139
0 72 139
0 67 69
69 67 69
69 67 69
69 67 69
69 70 278
0 65 139
139 65 92
0 67 92
0 69 92
0 71 92
0 72 92
0 74 92
0 75 139
0 67 139
0 74 139
0 65 139
0 64 69
69 64 69
69 64 69
69 64 69
69 64 278
0 65 139
139 65 92
0 67 92
0 69 92
0 70 92
0 72 92
0 74 92
0 79 139
0 67 139
0 77 139
0 65 139
0 64 69
69 64 69
69 64 69
69 64 69
69 64 278
0 65 139
139 65 92
0 67 92
0 69 92
0 70 92
0 72 92
0 74 92
0 75 92
0 77 92
0 79 92
0 77 92
0 75 92
0 74 92
0 73 92
0 70 92
0 67 92
0 64 92
0 61 92
0 64 92
0 65 92
0 62 92
0 65 92
0 62 92
0 58 92
0 62 92
0 65 92
0 67 92
0 69 92
0 70 92
0 72 92
0 74 92
0 75 92
0 77 92
0 79 92
0 77 92
0 75 92
0 74 92
0 73 92
0 70 92
0 67 92
0 64 92
0 61 92
0 64 92
0 67 92
0 64 92
0 67 92
0 64 92
0 61 92
0 64 92
0 68 92
0 64 92
0 68 92
0 64 92
0 61 92
0 64 92
0 69 92
0 64 92
0 69 92
0 64 92
0 61 92
0 64 92
0 69 92
0 64 92
0 69 92
0 64 92
0 60 92
0 64 92
0 74 92
0 69 92
0 74 92
0 69 92
0 62 92
0 69 92
0 80 92
0 74 92
0 80 92
0 74 92
0 68 92
0 74 92
0 81 557
0 72 104
34 72 104
34 72 104
34 72 104
34 73 278
0 85 139
0 49 139
0 50 92
0 49 92
0 47 92
0 53 92
0 52 92
0 50 92
278 73 209
0 73 69
0 71 92
0 61 46
0 61 46
0 62 92
0 64 92
0 66 92
0 68 92
0 81 557
0 72 191
17 72 52
17 72 191
17 72 52
17 73 278
0 85 139
0 49 139
0 50 92
0 49 92
0 47 92
0 53 92
0 52 92
0 50 92
278 73 209
0 73 69
0 71 92
0 61 46
0 61 46
0 62 92
0 64 92
0 66 92
0 68 92
0 69 92
0 71 92
0 73 92
0 74 92
0 76 92
0 78 92
0 80 92
0 81 92
0 83 92
0 85 92
0 86 92
0 88 92
0 86 92
0 85 92
0 83 92
0 81 92
0 80 92
0 78 92
0 76 92
0 74 92
0 73 92
0 71 92
0 69 92
0 68 92
0 69 278
0 61 69
209 71 278
0 64 69
174 64 34
0 73 278
0 69 69
174 69 34
0 78 209
0 75 69
0 78 209
0 75 69
4 76 278
4 76 65
174 64 34
0 74 278
0 71 69
174 71 34
0 73 278
0 64 69
174 64 34
0 71 209
0 68 69
0 71 209
0 68 69
0 69 92
0 64 92
0 69 92
0 61 69
209 71 92
0 68 92
0 71 92
0 64 69
209 73 92
0 71 92
0 73 92
0 69 69
209 78 92
0 75 92
0 78 92
0 81 92
0 78 92
0 75 92
0 76 92
0 73 92
0 76 92
0 64 69
209 74 92
0 73 92
0 74 92
0 71 69
209 73 92
0 69 92
0 73 92
0 64 69
209 71 209
0 68 69
0 71 209
0 68 69
0 71 92
0 62 92
0 71 92
0 55 487
0 71 69
0 55 209
0 62 69
0 71 92
0 62 92
0 71 92
0 55 487
0 71 69
0 55 487
0 62 69
0 55 487
0 62 69
0 55 209
0 71 69
0 72 92
0 64 92
0 72 92
0 76 487
0 64 69
0 72 209
0 64 69
0 72 92
0 64 92
0 72 92
0 76 487
0 64 69
0 72 487
0 64 69
0 72 487
0 64 69
0 68 487
0 64 69
0 68 209
0 64 69
0 68 209
0 64 69
0 68 209
0 64 69
0 69 69
23 64 92
0 69 92
0 73 92
0 76 92
0 81 92
0 76 92
0 69 92
0 73 92
0 76 92
0 81 92
0 85 92
0 76 92
0 78 92
0 76 92
0 74 92
0 78 92
0 74 92
0 73 92
0 76 92
0 73 92
0 71 92
0 74 92
0 71 92
0 69 92
0 64 92
0 69 92
0 73 92
0 76 92
0 81 92
0 76 92
0 69 92
0 73 92
0 76 92
0 81 92
0 85 92
0 76 92
0 78 92
0 76 92
0 74 92
0 76 92
0 74 92
0 73 92
0 74 92
0 73 92
0 71 92
0 73 92
0 71 92
0 61 92
0 64 92
0 61 92
0 64 92
0 69 92
0 64 81
11 64 92
0 68 92
0 64 92
0 68 92
0 71 92
0 68 92
0 64 92
0 69 92
0 64 92
0 69 92
0 73 92
0 69 81
11 69 92
0 72 92
0 69 92
0 72 92
0 75 92
0 72 92
0 69 92
0 73 92
0 69 92
0 73 92
0 76 92
0 73 81
11 64 92
0 71 92
0 64 92
0 71 92
0 74 92
0 71 92
0 64 92
0 69 92
0 64 92
0 69 92
0 73 92
0 69 81
11 64 92
0 68 92
0 64 92
0 68 92
0 71 92
0 68 92
0 73 92
0 76 92
0 73 92
0 76 92
0 81 92
0 76 81
11 76 92
0 80 92
0 76 92
0 80 92
0 83 92
0 80 92
0 76 92
0 81 92
0 76 92
0 81 92
0 85 92
0 81 81
11 81 92
0 84 92
0 81 92
0 84 92
0 87 92
0 84 92
0 81 92
0 84 92
0 81 92
0 84 92
0 87 92
0 84 81
11 81 92
0 84 92
0 81 92
0 84 92
0 87 92
0 84 92
0 81 92
0 84 92
0 81 92
0 84 92
0 87 92
0 84 81
11 81 92
0 84 92
0 81 92
0 84 92
0 89 92
0 84 92
0 81 92
0 84 92
0 81 92
0 84 92
0 89 92
0 84 81
11 81 92
0 84 92
0 81 92
0 84 92
0 89 92
0 84 92
0 82 92
0 86 92
0 82 92
0 86 92
0 89 92
0 86 81
11 80 92
0 83 92
0 80 92
0 83 92
0 88 92
0 83 92
0 81 92
0 85 92
0 81 92
0 85 92
0 88 92
0 85 81
11 74 92
0 81 92
0 74 87
5 81 92
0 86 92
0 81 92
0 76 92
0 81 92
0 76 92
0 81 92
0 85 92
0 81 81
11 76 92
0 83 92
0 80 87
5 76 92
0 74 92
0 71 92
0 67 92
0 69 92
0 67 92
0 64 92
0 61 92
0 57 92
0 55 92
0 57 92
0 55 92
0 57 92
0 55 92
0 57 92
0 65 92
0 69 92
0 65 92
0 60 92
0 57 92
0 53 92
0 57 92
0 53 92
0 57 92
0 53 92
0 57 92
0 53 92
0 67 92
0 69 92
0 67 92
0 64 92
0 61 92
0 57 92
0 55 92
0 57 92
0 55 92
0 57 92
0 55 92
0 57 92
0 65 92
0 69 92
0 65 92
0 60 92
0 57 92
0 53 92
0 57 92
0 53 92
0 57 92
0 53 92
0 57 92
0 53 92
278 73 209
0 73 69
0 71 92
0 64 46
0 64 46
0 66 92
0 68 92
0 69 92
0 71 92
0 73 92
0 74 92
0 76 91
1 78 92
0 80 92
0 81 92
0 83 92
0 85 92
0 86 92
0 88 92
0 90 92
0 92 92
0 93 92
0 92 92
0 90 92
0 88 92
0 86 92
0 85 92
0 83 92
0 81 92
0 80 92
0 78 92
0 76 92
0 74 92
0 73 92
0 71 92
0 69 92
0 68 92
0 66 92
0 64 92
0 62 92
0 66 92
0 64 92
0 62 92
0 61 92
0 59 92
0 67 92
0 69 92
0 67 92
0 64 92
0 61 92
0 57 92
0 55 92
0 57 92
0 55 92
0 57 92
0 55 92
0 57 92
0 65 92
0 69 92
0 65 92
0 60 92
0 57 92
0 53 92
0 57 92
0 53 92
0 57 92
0 53 92
0 57 92
0 53 92
0 65 92
0 67 92
0 65 92
0 62 92
0 59 92
0 55 92
0 53 92
0 55 92
0 53 92
0 55 92
0 53 92
0 55 92
0 63 92
0 67 92
0 63 92
0 58 92
0 55 92
0 51 92
0 55 92
0 51 92
0 55 92
0 51 92
0 55 92
0 51 92
0 63 92
0 65 92
0 63 92
0 60 92
0 57 92
0 53 92
0 61 92
0 65 92
0 61 92
0 56 92
0 53 92
0 49 92
0 62 92
0 64 92
0 62 92
0 59 92
0 56 92
0 52 92
0 60 92
0 64 92
0 60 92
0 55 92
0 52 92
0 48 92
0 53 92
0 57 92
0 53 92
0 48 92
0 45 92
0 41 92
0 45 92
0 41 92
0 45 92
0 41 92
0 45 92
0 41 92
0 57 92
0 53 92
0 57 92
0 53 92
0 57 92
0 53 92
0 57 92
0 53 92
0 57 92
0 53 92
0 57 92
0 53 92
278 73 209
0 73 69
0 71 92
0 64 46
0 64 46
0 66 92
0 68 92
0 69 92
0 71 92
0 73 92
0 74 92
0 76 91
1 78 92
0 80 92
0 81 92
0 83 92
0 85 92
0 86 92
0 88 92
0 90 92
0 92 92
0 93 92
0 92 92
0 90 92
0 88 92
0 86 92
0 85 92
0 83 92
0 81 92
0 80 92
0 78 92
0 76 92
0 74 92
0 73 92
0 71 92
0 69 92
0 68 92
0 66 92
0 64 92
0 62 92
0 66 92
0 64 92
0 62 92
0 61 92
0 59 92
0 57 92
0 61 92
0 57 92
0 61 92
0 69 92
0 61 92
0 57 92
0 61 92
0 57 92
0 61 92
0 69 92
0 61 87
5 61 92
0 69 92
0 61 92
0 69 92
0 73 92
0 69 92
0 61 92
0 69 92
0 61 92
0 69 92
0 73 92
0 69 92
0 64 92
0 73 92
0 64 92
0 73 92
0 76 92
0 73 92
0 64 92
0 73 92
0 64 92
0 73 92
0 76 92
0 73 92
0 69 92
0 73 92
0 69 92
0 73 92
0 81 92
0 73 87
5 73 92
0 81 92
0 73 92
0 81 92
0 85 92
0 81 92
0 86 557
0 57 69
69 57 69
69 57 69
69 57 69
69 57 278
0 59 139
139 60 69
69 60 69
69 60 69
69 60 69
69 60 278
0 59 139
0 64 139
0 67 92
0 66 92
0 64 92
0 70 92
0 69 92
0 67 92
0 69 139
139 78 92
0 76 92
0 74 92
0 81 92
0 79 92
0 78 92
0 76 92
0 74 92
0 73 92
0 86 557
0 57 69
69 57 69
69 57 69
69 57 69
69 57 278
0 58 139
139 60 69
69 60 69
69 60 69
69 60 69
69 60 278
0 58 139
139 65 69
69 65 69
69 65 69
69 65 69
69 60 278
0 72 92
0 70 92
0 69 92
0 67 92
0 65 92
0 64 92
0 62 92
0 60 92
0 58 92
0 57 92
0 58 92
0 60 92
0 72 92
0 70 92
0 69 92
0 67 92
0 65 92
0 64 92
0 62 92
0 60 92
0 58 92
0 57 92
0 58 92
0 60 92
0 57 92
0 58 92
0 60 92
0 57 101
83 60 9
83 60 83
0 57 101
83 60 9
83 60 83
0 57 101
83 60 9
83 60 83
0 57 101
83 60 9
83 60 83
0 57 101
83 60 9
83 60 83
0 57 101
83 60 9
83 60 83
0 53 557
0 56 69
69 56 69
69 56 69
69 56 69
69 61 557
0 68 69
69 65 69
69 65 69
69 65 69
69 64 557
0 67 69
69 67 69
69 67 69
69 67 69
69 69 557
0 76 69
69 76 69
69 76 69
69 76 69
69 86 557
0 57 69
69 57 69
69 57 69
69 57 69
69 57 278
0 59 139
139 57 92
0 59 92
0 60 92
0 62 92
0 64 92
0 66 92
0 58 139
0 66 139
0 59 139
0 67 139
0 64 69
69 64 69
69 64 69
69 64 69
69 67 278
0 62 139
139 62 92
0 64 92
0 66 92
0 67 92
0 69 92
0 71 92
0 63 139
0 71 139
0 64 139
0 72 139
0 67 69
69 67 69
69 67 69
69 67 69
69 70 278
0 65 139
139 65 92
0 67 92
0 69 92
0 71 92
0 72 92
0 74 92
0 75 139
0 67 139
0 74 139
0 65 139
0 64 69
69 64 69
69 64 69
69 64 69
69 64 278
0 65 139
139 65 92
0 67 92
0 69 92
0 70 92
0 72 92
0 74 92
0 79 139
0 67 139
0 77 139
0 65 139
0 64 69
69 64 69
69 64 69
69 64 69
69 64 278
0 65 139
139 65 92
0 67 92
0 69 92
0 70 92
0 72 92
0 74 92
0 75 92
0 77 92
0 79 92
0 77 92
0 75 92
0 74 92
0 73 92
0 70 92
0 67 92
0 64 92
0 61 92
0 64 92
0 65 92
0 62 92
0 65 92
0 62 92
0 58 92
0 62 92
0 65 92
0 67 92
0 69 92
0 70 92
0 72 92
0 74 92
0 75 92
0 77 92
0 79 92
0 77 92
0 75 92
0 74 92
0 73 92
0 70 92
0 67 92
0 64 92
0 61 92
0 64 92
0 67 92
0 64 92
0 67 92
0 64 92
0 61 92
0 64 92
0 68 92
0 64 92
0 68 92
0 64 92
0 61 92
0 64 92
0 69 92
0 64 92
0 69 92
0 64 92
0 61 92
0 64 92
0 69 92
0 64 92
0 69 92
0 64 92
0 60 92
0 64 92
0 74 92
0 69 92
0 74 92
0 69 92
0 62 92
0 69 92
0 80 92
0 74 92
0 80 92
0 74 92
0 68 92
0 74 92
0 81 557
0 72 104
34 72 104
34 72 104
34 72 104
34 73 278
0 85 139
0 49 139
0 50 92
0 49 92
0 47 92
0 53 92
0 52 92
0 50 92
278 73 209
0 73 69
0 71 92
0 61 46
0 61 46
0 62 92
0 64 92
0 66 92
0 68 92
0 81 557
0 72 191
17 72 52
17 72 191
17 72 52
17 73 278
0 85 139
0 49 139
0 50 92
0 49 92
0 47 92
0 53 92
0 52 92
0 50 92
278 73 209
0 73 69
0 71 92
0 61 46
0 61 46
0 62 92
0 64 92
0 66 92
0 68 92
0 69 92
0 71 92
0 73 92
0 74 92
0 76 92
0 78 92
0 80 92
0 81 92
0 83 92
0 85 92
0 86 92
0 88 92
0 86 92
0 85 92
0 83 92
0 81 92
0 80 92
0 78 92
0 76 92
0 74 92
0 73 92
0 71 92
0 69 92
0 68 92
0 69 278
0 61 69
209 71 278
0 64 69
174 64 34
0 73 278
0 69 69
174 69 34
0 78 209
0 75 69
0 78 209
0 75 69
4 76 278
4 76 65
174 64 34
0 74 278
0 71 69
174 71 34
0 73 278
0 64 69
174 64 34
0 71 209
0 68 69
0 71 209
0 68 69
0 69 92
0 64 92
0 69 92
0 61 69
209 71 92
0 68 92
0 71 92
0 64 69
209 73 92
0 71 92
0 73 92
0 69 69
209 78 92
0 75 92
0 78 92
0 81 92
0 78 92
0 75 92
0 76 92
0 73 92
0 76 92
0 64 69
209 74 92
0 73 92
0 74 92
0 71 69
209 73 92
0 69 92
0 73 92
0 64 69
209 71 209
0 68 69
0 71 209
0 68 69
0 71 92
0 62 92
0 71 92
0 55 487
0 71 69
0 55 209
0 62 69
0 71 92
0 62 92
0 71 92
0 55 487
0 71 69
0 55 487
0 62 69
0 55 487
0 62 69
0 55 209
0 71 69
0 72 92
0 64 92
0 72 92
0 76 487
0 64 69
0 72 209
0 64 69
0 72 92
0 64 92
0 72 92
0 76 487
0 64 69
0 72 487
0 64 69
0 72 487
0 64 69
0 68 487
0 64 69
0 68 209
0 64 69
0 68 209
0 64 69
0 68 209
0 64 69
0 69 69
23 64 92
0 69 92
0 73 92
0 76 92
0 81 92
0 76 92
0 69 92
0 73 92
0 76 92
0 81 92
0 85 92
0 76 92
0 78 92
0 76 92
0 74 92
0 78 92
0 74 92
0 73 92
0 76 92
0 73 92
0 71 92
0 74 92
0 71 92
0 69 92
0 64 92
0 69 92
0 73 92
0 76 92
0 81 92
0 76 92
0 69 92
0 73 92
0 76 92
0 81 92
0 85 92
0 76 92
0 78 92
0 76 92
0 74 92
0 76 92
0 74 92
0 73 92
0 74 92
0 73 92
0 71 92
0 73 92
0 71 92
0 61 92
0 64 92
0 61 92
0 64 92
0 69 92
0 64 81
11 64 92
0 68 92
0 64 92
0 68 92
0 71 92
0 68 92
0 64 92
0 69 92
0 64 92
0 69 92
0 73 92
0 69 81
11 69 92
0 72 92
0 69 92
0 72 92
0 75 92
0 72 92
0 69 92
0 73 92
0 69 92
0 73 92
0 76 92
0 73 81
11 64 92
0 71 92
0 64 92
0 71 92
0 74 92
0 71 92
0 64 92
0 69 92
0 64 92
0 69 92
0 73 92
0 69 81
11 64 92
0 68 92
0 64 92
0 68 92
0 71 92
0 68 92
0 73 92
0 76 92
0 73 92
0 76 92
0 81 92
0 76 81
11 76 92
0 80 92
0 76 92
0 80 92
0 83 92
0 80 92
0 76 92
0 81 92
0 76 92
0 81 92
0 85 92
0 81 81
11 81 92
0 84 92
0 81 92
0 84 92
0 87 92
0 84 92
0 81 92
0 84 92
0 81 92
0 84 92
0 87 92
0 84 81
11 81 92
0 84 92
0 81 92
0 84 92
0 87 92
0 84 92
0 81 92
0 84 92
0 81 92
0 84 92
0 87 92
0 84 81
11 81 92
0 84 92
0 81 92
0 84 92
0 89 92
0 84 92
0 81 92
0 84 92
0 81 92
0 84 92
0 89 92
0 84 81
11 81 92
0 84 92
0 81 92
0 84 92
0 89 92
0 84 92
0 82 92
0 86 92
0 82 92
0 86 92
0 89 92
0 86 81
11 80 92
0 83 92
0 80 92
0 83 92
0 88 92
0 83 92
0 81 92
0 85 92
0 81 92
0 85 92
0 88 92
0 85 81
11 74 92
0 81 92
0 74 87
5 81 92
0 86 92
0 81 92
0 76 92
0 81 92
0 76 92
0 81 92
0 85 92
0 81 81
11 76 92
0 83 92
0 80 87
5 76 92
0 74 92
0 71 92
0 67 92
0 69 92
0 67 92
0 64 92
0 61 92
0 57 92
0 55 92
0 57 92
0 55 92
0 57 92
0 55 92
0 57 92
0 65 92
0 69 92
0 65 92
0 60 92
0 57 92
0 53 92
0 57 92
0 53 92
0 57 92
0 53 92
0 57 92
0 53 92
0 67 92
0 69 92
0 67 92
0 64 92
0 61 92
0 57 92
0 55 92
0 57 92
0 55 92
0 57 92
0 55 92
0 57 92
0 65 92
0 69 92
0 65 92
0 60 92
0 57 92
0 53 92
0 57 92
0 53 92
0 57 92
0 53 92
0 57 92
0 53 92
278 73 209
0 73 69
0 71 92
0 64 46
0 64 46
0 66 92
0 68 92
0 69 92
0 71 92
0 73 92
0 74 92
0 76 90
2 78 92
0 80 92
0 81 92
0 83 92
0 85 92
0 86 92
0 88 92
0 90 92
0 92 92
0 93 92
0 92 92
0 90 92
0 88 92
0 86 92
0 85 92
0 83 92
0 81 92
0 80 92
0 78 92
0 76 92
0 74 92
0 73 92
0 71 92
0 69 92
0 68 92
0 66 92
0 64 92
0 62 92
0 66 92
0 64 92
0 62 92
0 61 92
0 59 92
0 67 92
0 69 92
0 67 92
0 64 92
0 61 92
0 57 92
0 55 92
0 57 92
0 55 92
0 57 92
0 55 92
0 57 92
0 65 92
0 69 92
0 65 92
0 60 92
0 57 92
0 53 92
0 57 92
0 53 92
0 57 92
0 53 92
0 57 92
0 53 92
0 65 92
0 67 92
0 65 92
0 62 92
0 59 92
0 55 92
0 53 92
0 55 92
0 53 92
0 55 92
0 53 92
0 55 92
0 63 92
0 67 92
0 63 92
0 58 92
0 55 92
0 51 92
0 55 92
0 51 92
0 55 92
0 51 92
0 55 92
0 51 92
0 63 92
0 65 92
0 63 92
0 60 92
0 57 92
0 53 92
0 61 92
0 65 92
0 61 92
0 56 92
0 53 92
0 49 92
0 62 92
0 64 92
0 62 92
0 59 92
0 56 92
0 52 92
0 60 92
0 64 92
0 60 92
0 55 92
0 52 92
0 48 92
0 53 92
0 57 92
0 53 92
0 48 92
0 45 92
0 41 92
0 45 92
0 41 92
0 45 92
0 41 92
0 45 92
0 41 92
0 57 92
0 53 92
0 57 92
0 53 92
0 57 92
0 53 92
0 57 92
0 53 92
0 57 92
0 53 92
0 57 92
0 53 92
278 73 209
0 73 69
0 71 92
0 64 46
0 64 46
0 66 92
0 68 92
0 69 92
0 71 92
0 73 92
0 74 92
0 76 90
2 78 92
0 80 92
0 81 92
0 83 92
0 85 92
0 86 92
0 88 92
0 90 92
0 92 92
0 93 92
0 92 92
0 90 92
0 88 92
0 86 92
0 85 92
0 83 92
0 81 92
0 80 92
0 78 92
0 76 92
0 74 92
0 73 92
0 71 92
0 69 92
0 68 92
0 66 92
0 64 92
0 62 92
0 66 92
0 64 92
0 62 92
0 61 92
0 59 92
0 57 92
0 61 92
0 57 92
0 61 92
0 69 92
0 61 92
0 57 92
0 61 92
0 57 92
0 61 92
0 69 92
0 61 87
5 61 92
0 69 92
0 61 92
0 69 92
0 73 92
0 69 92
0 61 92
0 69 92
0 61 92
0 69 92
0 73 92
0 69 92
0 64 92
0 73 92
0 64 92
0 73 92
0 76 92
0 73 92
0 64 92
0 73 92
0 64 92
0 73 92
0 76 92
0 73 92
0 69 92
0 73 92
0 69 92
0 73 92
0 81 92
0 73 87
5 73 92
0 81 92
0 73 92
0 81 92
0 85 92
0 81 92
0 86 557
0 62 69
69 62 69
69 62 69
69 62 69
69 62 278
0 65 139
139 65 278
0 70 139
139 70 278
0 65 139
139 65 69
69 65 69
69 65 69
69 65 69
69 65 278
0 74 139
139 74 278
0 69 139
139 69 278
0 70 139
139 70 69
69 70 69
69 70 69
69 70 69
69 70 278
0 74 139
139 65 69
209 65 69
209 65 557
0 61 69
69 61 69
69 61 69
69 61 69
69 65 278
0 70 139
139 65 69
209 65 69
209 74 557
0 65 92
0 63 92
0 62 92
0 70 92
0 69 92
0 67 92
0 65 557
0 77 92
0 75 92
0 74 92
0 82 92
0 81 92
0 79 92
0 77 557
0 77 92
0 81 92
0 82 92
0 84 92
0 86 92
0 87 92
0 89 557
0 81 92
0 82 92
0 84 92
0 86 92
0 87 92
0 89 92
0 90 278
0 91 139
139 79 69
69 79 69
69 79 69
69 70 69
69 70 278
0 74 139
139 65 69
209 70 69
209 72 557
0 68 92
0 72 92
0 76 92
0 77 92
0 79 92
0 80 92
0 72 278
0 81 139
139 72 69
209 72 69
209 77 557
0 82 92
0 81 92
0 79 92
0 86 92
0 84 92
0 82 92
0 81 92
0 79 92
0 77 92
0 76 92
0 74 92
0 72 92
0 70 92
0 69 92
0 67 92
0 74 92
0 72 92
0 70 92
0 65 557
0 82 92
0 81 92
0 79 92
0 86 92
0 84 92
0 82 92
0 81 92
0 79 92
0 77 92
0 76 92
0 74 92
0 72 92
0 70 92
0 69 92
0 67 92
0 74 92
0 72 92
0 70 92
0 69 92
0 67 92
0 65 92
0 64 92
0 62 92
0 60 92
0 58 92
0 57 92
0 55 92
0 61 92
0 60 92
0 58 92
0 61 92
0 60 92
0 58 92
0 61 92
0 60 92
0 58 92
0 61 92
0 60 92
0 58 92
0 61 92
0 60 92
0 59 92
0 60 92
0 61 92
0 63 92
0 65 92
0 67 92
0 68 92
0 70 92
0 72 92
0 73 92
0 75 92
0 77 92
0 79 92
0 68 557
0 85 92
0 84 92
0 82 92
0 89 92
0 87 92
0 85 92
0 84 92
0 82 92
0 80 92
0 79 92
0 77 92
0 75 92
0 73 92
0 72 92
0 70 92
0 77 92
0 75 92
0 73 92
0 68 557
0 85 92
0 84 92
0 82 92
0 89 92
0 87 92
0 85 92
0 84 92
0 82 92
0 80 92
0 79 92
0 77 92
0 75 92
0 73 92
0 72 92
0 70 92
0 77 92
0 75 92
0 73 92
0 72 92
0 70 92
0 68 92
0 67 92
0 65 92
0 63 92
0 61 92
0 60 92
0 58 92
0 64 92
0 63 92
0 61 92
0 64 92
0 63 76
0 61 76
0 64 76
0 63 76
0 61 76
0 64 76
0 63 76
0 61 76
0 64 76
0 63 76
0 62 76
0 63 76
0 64 76
0 66 76
0 68 76
0 70 76
0 71 76
0 73 76
0 75 76
0 76 76
0 78 76
0 80 76
0 82 76
0 71 456
4 71 57
57 71 57
57 71 57
57 71 57
57 71 230
0 74 115
115 71 57
172 71 57
172 71 460
0 71 76
0 70 76
0 71 76
0 73 76
0 71 76
0 70 76
0 74 76
0 73 76
0 71 76
0 78 76
0 76 76
0 74 76
0 79 76
0 78 76
0 76 76
0 82 76
0 80 76
0 78 76
0 71 456
465 59 76
0 58 76
0 59 76
0 62 76
0 61 76
0 59 76
0 64 76
0 62 76
0 61 76
0 67 76
0 66 76
0 64 76
0 66 76
0 65 76
0 66 76
0 69 76
0 68 76
0 69 76
0 72 76
0 71 76
0 72 76
0 75 76
0 74 76
0 75 76
0 78 115
115 72 230
0 72 230
0 72 230
0 73 456
4 73 57
57 73 57
57 73 57
57 73 57
57 73 230
0 76 115
115 73 57
172 73 57
172 73 460
0 73 76
0 72 76
0 73 76
0 75 76
0 73 76
0 72 76
0 76 76
0 75 76
0 73 76
0 80 76
0 78 76
0 76 76
0 81 76
0 80 76
0 78 76
0 84 76
0 82 76
0 80 76
0 73 456
465 61 76
0 60 76
0 61 76
0 64 76
0 63 76
0 61 76
0 66 76
0 64 76
0 63 76
0 69 76
0 68 76
0 66 76
0 68 76
0 67 76
0 68 76
0 71 76
0 70 76
0 71 76
0 74 76
0 73 76
0 74 76
0 77 76
0 76 76
0 77 76
0 80 115
115 74 207
23 74 207
23 74 207
23 75 115
115 66 207
23 66 207
23 66 207
23 67 115
115 76 207
23 76 207
23 76 207
23 77 115
115 68 207
23 68 207
23 68 207
23 69 115
115 74 76
0 73 76
0 74 76
0 78 76
0 76 76
0 74 76
0 81 76
0 79 76
0 78 76
0 76 76
0 74 76
0 73 76
0 74 76
0 73 76
0 71 76
0 69 76
0 67 76
0 66 76
0 64 76
0 62 76
0 66 76
0 64 115
115 76 76
0 75 76
0 76 76
0 79 76
0 78 76
0 76 76
0 83 76
0 81 76
0 79 76
0 78 76
0 76 76
0 75 76
0 76 76
0 74 76
0 73 76
0 71 76
0 69 76
0 67 76
0 66 76
0 64 76
0 67 76
0 66 115
115 78 76
0 77 76
0 78 76
0 81 76
0 79 76
0 78 76
0 84 76
0 83 76
0 81 76
0 79 76
0 78 76
0 76 76
0 78 76
0 76 76
0 74 76
0 72 76
0 71 76
0 69 76
0 67 76
0 66 76
0 69 76
0 67 76
0 66 76
0 67 76
0 71 76
0 70 76
0 71 76
0 74 76
0 73 76
0 74 76
0 79 76
0 78 76
0 79 76
0 83 76
0 82 76
0 83 76
0 86 76
0 85 76
0 86 76
0 89 76
0 88 76
0 89 76
0 80 76
0 79 76
0 80 76
0 81 76
0 80 76
0 81 76
0 85 76
0 83 76
0 81 76
0 83 76
0 81 76
0 80 76
0 86 76
0 85 76
0 83 76
0 81 76
0 80 76
0 78 76
0 76 76
0 74 76
0 73 76
0 74 76
0 73 76
0 71 76
0 78 76
0 76 76
0 74 76
0 73 76
0 76 76
0 81 76
0 85 76
0 83 76
0 81 76
0 83 76
0 81 76
0 80 76
0 86 76
0 85 76
0 83 76
0 81 76
0 80 76
0 78 76
0 76 76
0 74 76
0 73 76
0 74 76
0 73 76
0 71 76
0 78 76
0 76 76
0 74 76
0 73 76
0 71 76
0 69 76
0 76 76
0 74 76
0 73 76
0 79 76
0 78 76
0 76 76
0 83 76
0 81 76
0 79 76
0 78 76
0 76 76
0 74 76
0 73 76
0 71 76
0 69 76
0 67 76
0 64 76
0 66 76
0 67 76
0 69 76
0 71 76
0 73 76
0 71 76
0 69 76
0 76 76
0 74 76
0 73 76
0 79 76
0 78 76
0 76 76
0 82 76
0 81 76
0 79 76
0 78 76
0 76 76
0 74 76
0 73 76
0 71 76
0 69 76
0 67 76
0 64 76
0 66 76
0 67 76
0 69 76
0 71 76
0 73 76
0 71 76
0 69 76
0 76 76
0 74 76
0 73 76
0 79 76
0 78 76
0 76 72
4 76 76
0 74 76
0 73 76
0 79 76
0 78 76
0 76 76
0 83 76
0 81 76
0 79 72
4 79 76
0 78 76
0 76 72
4 83 76
0 81 76
0 79 76
0 85 76
0 83 76
0 81 76
0 85 76
0 83 76
0 81 72
4 85 76
0 83 76
0 81 72
4 85 76
0 83 76
0 81 76
0 86 460
0 57 57
57 57 57
57 57 57
57 57 57
57 57 230
0 59 115
115 60 57
57 60 57
57 60 57
57 60 57
57 60 230
0 59 115
0 64 115
0 67 76
0 66 76
0 64 76
0 70 76
0 69 76
0 67 76
0 69 115
115 78 76
0 76 76
0 74 76
0 81 76
0 79 76
0 78 76
0 76 76
0 74 76
0 73 76
0 86 460
0 57 57
57 57 57
57 57 57
57 57 57
57 57 230
0 59 115
115 57 76
0 59 76
0 60 76
0 62 76
0 64 76
0 66 76
0 58 115
0 66 115
0 59 115
0 67 115
0 64 57
57 64 57
57 64 57
57 64 57
57 67 230
0 62 115
115 62 76
0 64 76
0 66 76
0 67 76
0 69 76
0 71 76
0 63 115
0 71 115
0 64 115
0 72 115
0 67 57
57 67 57
57 67 57
57 67 57
57 70 230
0 65 115
115 65 76
0 67 76
0 69 76
0 71 76
0 72 76
0 74 76
0 75 115
0 67 115
0 74 115
0 65 115
0 64 57
57 64 57
57 64 57
57 64 57
57 64 230
0 65 115
115 65 76
0 67 76
0 69 76
0 70 76
0 72 76
0 74 76
0 79 115
0 67 115
0 77 115
0 65 115
0 64 57
57 64 57
57 64 57
57 64 57
57 64 230
0 65 115
115 65 76
0 67 76
0 69 76
0 70 76
0 72 76
0 74 76
0 75 76
0 77 76
0 79 76
0 77 76
0 75 76
0 74 76
0 73 76
0 70 76
0 67 76
0 64 76
0 61 76
0 64 76
0 65 76
0 62 76
0 65 76
0 62 76
0 58 76
0 62 76
0 65 76
0 67 76
0 69 76
0 70 76
0 72 76
0 74 76
0 75 76
0 77 76
0 79 76
0 77 76
0 75 76
0 74 76
0 73 76
0 70 76
0 67 76
0 64 76
0 61 76
0 64 76
0 67 76
0 64 76
0 67 76
0 64 76
0 61 76
0 64 76
0 68 76
0 64 76
0 68 76
0 64 76
0 61 76
0 64 76
0 69 76
0 64 76
0 69 76
0 64 76
0 61 76
0 64 76
0 69 76
0 64 76
0 69 76
0 64 76
0 60 76
0 64 76
0 74 76
0 69 76
0 74 76
0 69 76
0 62 76
0 69 76
0 80 76
0 74 76
0 80 76
0 74 76
0 68 76
0 74 76
0 81 460
0 72 86
28 72 86
28 72 86
28 72 86
28 73 230
0 85 115
0 49 115
0 50 76
0 49 76
0 47 76
0 53 76
0 52 76
0 50 76
230 73 172
0 73 57
0 71 76
0 61 38
0 61 38
0 62 76
0 64 76
0 66 76
0 68 76
0 81 460
0 72 158
14 72 43
14 72 158
14 72 43
14 73 230
0 85 115
0 49 115
0 50 76
0 49 76
0 47 76
0 53 76
0 52 76
0 50 76
230 73 172
0 73 57
0 71 76
0 61 38
0 61 38
0 62 76
0 64 76
0 66 76
0 68 76
0 69 76
0 71 76
0 73 76
0 74 76
0 76 76
0 78 76
0 79 76
0 80 76
0 81 76
0 83 76
0 85 76
0 86 76
0 88 76
0 90 76
0 88 76
0 86 76
0 85 76
0 83 76
0 81 76
0 83 76
0 81 76
0 79 76
0 78 76
0 76 76
0 74 230
0 66 57
172 76 230
0 69 57
144 69 28
0 78 230
0 74 57
144 74 28
0 83 172
0 80 57
0 83 172
0 80 57
3 81 230
3 81 54
144 69 28
0 79 230
0 76 57
144 76 28
0 78 230
0 69 57
144 69 28
0 76 172
0 73 57
0 76 172
0 73 57
0 74 76
0 69 76
0 74 76
0 66 57
172 76 76
0 73 76
0 76 76
0 69 57
172 78 76
0 76 76
0 78 76
0 74 57
172 83 76
0 80 76
0 83 76
0 86 76
0 83 76
0 80 76
0 81 76
0 78 76
0 81 76
0 69 57
172 79 76
0 78 76
0 79 76
0 76 57
172 78 76
0 74 76
0 78 76
0 69 57
172 76 172
0 73 57
0 76 172
0 73 57
0 76 76
0 67 76
0 76 76
0 60 403
0 76 57
0 60 172
0 67 57
0 76 76
0 67 76
0 76 76
0 60 403
0 76 57
0 60 403
0 67 57
0 60 403
0 67 57
0 60 172
0 76 57
0 77 76
0 69 76
0 77 76
0 81 403
0 69 57
0 77 172
0 69 57
0 77 76
0 69 76
0 77 76
0 81 403
0 69 57
0 77 403
0 69 57
0 77 403
0 69 57
0 73 403
0 69 57
0 73 172
0 69 57
0 73 172
0 69 57
0 73 172
0 69 57
0 74 57
19 69 76
0 74 76
0 78 76
0 81 76
0 86 76
0 81 76
0 74 76
0 78 76
0 81 76
0 86 76
0 90 76
0 81 76
0 83 76
0 81 76
0 79 76
0 83 76
0 79 76
0 78 76
0 81 76
0 78 76
0 76 76
0 79 76
0 76 76
0 74 76
0 69 76
0 74 76
0 78 76
0 81 76
0 86 76
0 81 76
0 74 76
0 78 76
0 81 76
0 86 76
0 90 76
0 81 76
0 83 76
0 81 76
0 79 76
0 81 76
0 79 76
0 78 76
0 79 76
0 78 76
0 76 76
0 78 76
0 76 76
0 66 76
0 69 76
0 66 76
0 69 76
0 74 76
0 69 67
9 69 76
0 73 76
0 69 76
0 73 76
0 76 76
0 73 76
0 69 76
0 74 76
0 69 76
0 74 76
0 78 76
0 74 67
9 74 76
0 77 76
0 74 76
0 77 76
0 80 76
0 77 76
0 74 76
0 78 76
0 74 76
0 78 76
0 81 76
0 78 67
9 69 76
0 76 76
0 69 76
0 76 76
0 79 76
0 76 76
0 69 76
0 74 76
0 69 76
0 74 76
0 78 76
0 74 67
9 69 76
0 73 76
0 69 76
0 73 76
0 76 76
0 73 76
0 78 76
0 81 76
0 78 76
0 81 76
0 86 76
0 81 67
9 81 76
0 85 76
0 81 76
0 85 76
0 88 76
0 85 76
0 81 76
0 86 76
0 81 76
0 86 76
0 90 76
0 86 67
9 86 76
0 89 76
0 86 76
0 89 76
0 92 76
0 89 76
0 86 76
0 89 76
0 86 76
0 89 76
0 92 76
0 89 67
9 86 76
0 89 76
0 86 76
0 89 76
0 92 76
0 89 76
0 86 76
0 89 76
0 86 76
0 89 76
0 92 76
0 89 67
9 86 76
0 89 76
0 86 76
0 89 76
0 94 76
0 89 76
0 86 76
0 89 76
0 86 76
0 89 76
0 94 76
0 89 67
9 86 76
0 89 76
0 86 76
0 89 76
0 94 76
0 89 76
0 87 76
0 91 76
0 87 76
0 91 76
0 94 76
0 91 67
9 85 76
0 88 76
0 85 76
0 88 76
0 93 76
0 88 76
0 86 76
0 90 76
0 86 76
0 90 76
0 93 76
0 90 67
9 79 76
0 86 76
0 79 72
4 86 76
0 91 76
0 86 76
0 81 76
0 86 76
0 81 76
0 86 76
0 90 76
0 86 67
9 81 76
0 88 76
0 85 72
4 81 76
0 79 76
0 76 76
0 72 76
0 74 76
0 72 76
0 69 76
0 66 76
0 62 76
0 60 76
0 62 76
0 60 76
0 62 76
0 60 76
0 62 76
0 70 76
0 74 76
0 72 76
0 70 76
0 65 76
0 62 76
0 58 76
0 62 76
0 58 76
0 62 76
0 58 76
0 62 76
0 72 76
0 74 76
0 72 76
0 69 76
0 66 76
0 62 76
0 60 76
0 62 76
0 60 76
0 62 76
0 60 76
0 62 76
0 70 76
0 74 76
0 72 76
0 70 76
0 65 76
0 62 76
0 58 76
0 62 76
0 58 76
0 62 76
0 58 76
0 62 76
230 78 172
0 78 57
0 76 76
0 69 38
0 69 38
0 71 76
0 73 76
0 74 76
0 76 76
0 78 76
0 79 76
0 81 75
1 83 76
0 85 76
0 86 76
0 88 76
0 90 76
0 91 76
0 93 76
0 95 76
0 97 76
0 98 76
0 97 76
0 95 76
0 93 76
0 91 76
0 90 76
0 88 76
0 86 76
0 85 76
0 83 76
0 81 76
0 79 76
0 78 76
0 76 76
0 74 76
0 73 76
0 71 76
0 69 76
0 67 76
0 71 76
0 69 76
0 67 76
0 66 76
0 64 76
0 72 76
0 74 76
0 72 76
0 69 76
0 66 76
0 62 76
0 60 76
0 62 76
0 60 76
0 62 76
0 60 76
0 62 76
0 70 76
0 74 76
0 72 76
0 70 76
0 65 76
0 62 76
0 58 76
0 62 76
0 58 76
0 62 76
0 58 76
0 62 76
0 70 76
0 72 76
0 70 76
0 67 76
0 64 76
0 60 76
0 58 76
0 60 76
0 58 76
0 60 76
0 58 76
0 60 76
0 68 76
0 72 76
0 70 76
0 68 76
0 63 76
0 60 76
0 56 76
0 60 76
0 56 76
0 60 76
0 56 76
0 60 76
0 68 76
0 70 76
0 68 76
0 65 76
0 62 76
0 58 76
0 66 76
0 70 76
0 66 76
0 61 76
0 58 76
0 54 76
0 67 76
0 69 76
0 67 76
0 64 76
0 61 76
0 57 76
0 65 76
0 69 76
0 65 76
0 60 76
0 57 76
0 53 76
0 58 76
0 62 76
0 58 76
0 53 76
0 50 76
0 46 76
0 50 76
0 46 76
0 50 76
0 46 76
0 50 76
0 46 76
0 50 76
0 46 76
0 50 76
0 46 76
0 50 76
0 46 76
0 50 76
0 46 76
0 50 76
0 46 76
0 50 76
0 46 76
230 69 172
0 66 57
0 55 76
0 57 38
0 57 38
0 59 76
0 61 76
0 62 76
0 64 76
0 66 76
0 67 76
0 69 75
1 71 76
0 73 76
0 74 76
0 76 76
0 78 76
0 79 76
0 81 76
0 83 76
0 85 76
0 74 76
0 76 76
0 78 76
0 79 76
0 81 76
0 83 76
0 85 76
0 86 76
0 88 76
0 90 76
0 91 76
0 93 76
0 81 76
0 83 76
0 85 76
0 86 76
0 88 76
0 90 76
0 91 76
0 93 76
0 95 76
0 97 76
0 98 76
0 100 76
0 86 76
0 88 76
0 86 76
0 90 76
0 98 76
0 90 76
0 86 76
0 88 76
0 86 76
0 86 76
0 98 76
0 86 72
4 81 76
0 90 76
0 81 76
0 90 76
0 93 76
0 90 76
0 81 76
0 90 76
0 81 76
0 90 76
0 93 76
0 90 76
0 78 76
0 86 76
0 78 76
0 86 76
0 90 76
0 86 76
0 78 76
0 86 76
0 78 76
0 86 76
0 90 76
0 86 76
0 74 76
0 78 76
0 74 76
0 78 76
0 86 76
0 78 72
4 74 76
0 78 76
0 74 76
0 78 76
0 86 76
0 78 76
0 86 460
0 66 57
57 66 57
57 66 57
57 66 57
57 66 230
0 69 115
115 69 230
0 74 115
115 74 230
0 69 115
115 69 57
57 69 57
57 69 57
57 69 57
57 69 230
0 78 115
115 78 230
0 73 115
115 73 230
0 74 115
115 74 57
57 74 57
57 74 57
57 74 57
57 74 230
0 71 115
115 69 57
172 69 57
172 69 460
0 65 57
57 65 57
57 65 57
57 65 57
57 69 230
0 74 115
115 69 57
172 69 57
172 66 230
0 65 345
0 65 57
57 65 57
57 65 57
57 69 230
0 74 115
115 69 57
172 69 57
172 66 230
0 80 345
0 80 57
57 80 57
57 80 57
57 81 230
0 86 115
115 81 57
172 81 57
172 93 76
0 90 76
0 81 76
0 86 76
0 90 76
0 95 76
0 93 76
0 90 76
0 81 76
0 88 76
0 85 76
0 81 76
0 93 76
0 90 76
0 81 76
0 86 76
0 90 76
0 95 76
0 93 76
0 90 76
0 81 76
0 88 76
0 85 76
0 81 76
0 93 76
0 81 76
0 86 76
0 90 76
0 93 76
0 98 76
0 93 76
0 90 76
0 95 76
0 93 76
0 91 76
0 88 76
0 86 57
96 52 76
0 54 76
0 52 76
0 50 76
0 55 76
0 54 76
0 52 76
0 57 76
0 55 76
0 54 76
0 59 76
0 57 76
0 55 76
0 61 76
0 59 76
0 57 76
0 62 76
0 61 76
0 59 76
0 64 76
0 62 76
0 61 76
0 58 460
460 67 460
460 54 460
0 54 230
0 54 230
0 54 115
345 74 115
345 54 460
