0 74 442
0 74 199
22 74 199
22 70 442
0 70 442
0 69 442
0 69 221
0 69 165
0 69 55
0 75 885
0 74 442
0 74 199
22 74 199
22 74 221
0 67 110
110 67 442
0 72 221
0 71 110
0 72 110
0 71 110
0 72 110
0 74 110
0 72 110
0 65 446
0 65 215
0 63 221
0 86 442
0 86 199
22 86 199
22 82 442
0 82 442
0 69 442
0 81 221
0 81 165
0 81 55
0 75 885
0 74 442
0 86 199
22 86 199
22 91 442
0 79 221
0 82 221
0 84 221
0 81 110
0 79 110
0 81 221
0 75 221
0 82 885
0 74 442
0 74 199
22 74 199
22 70 442
0 70 442
0 69 442
0 69 221
0 69 165
0 69 55
0 75 885
0 74 442
0 74 199
22 74 199
22 74 221
0 67 110
110 67 442
0 72 221
0 71 110
0 72 110
0 71 110
0 72 110
0 74 110
0 72 110
0 65 446
0 65 215
0 63 221
0 74 442
0 86 199
22 86 199
22 82 442
0 70 442
0 69 442
0 81 221
0 69 165
0 81 55
0 75 885
0 74 442
0 74 199
22 86 199
22 79 442
0 79 221
0 82 221
0 84 221
0 81 110
0 79 110
0 81 221
0 89 221
0 82 885
0 69 442
0 74 199
22 69 199
22 62 442
0 62 442
0 67 331
0 72 55
0 70 55
0 62 221
0 67 221
0 64 663
0 70 221
0 65 442
0 65 199
22 60 199
22 67 442
0 65 442
0 67 221
0 69 110
0 70 110
0 65 221
0 67 221
0 65 442
0 62 221
0 63 221
0 74 442
0 74 199
22 74 199
22 82 442
0 82 442
0 82 331
0 84 55
0 82 55
0 81 110
0 82 55
0 84 27
0 86 27
0 84 110
0 82 110
0 79 885
0 72 442
0 70 199
22 70 199
22 70 442
0 65 442
0 72 221
0 69 110
0 67 110
0 69 221
0 63 221
0 70 885
0 69 442
0 74 199
22 74 199
22 70 442
0 67 442
0 70 331
0 72 55
0 70 55
0 69 221
0 67 221
0 64 663
0 70 221
0 65 442
0 60 199
22 69 199
22 67 442
0 65 442
0 60 221
0 69 110
0 70 110
0 69 221
0 67 221
0 65 442
0 62 221
0 63 221
0 74 442
0 86 199
22 74 199
22 70 442
0 82 442
0 82 331
0 84 55
0 82 55
0 81 110
0 82 55
0 84 27
0 86 27
0 84 110
0 82 110
0 79 885
0 64 442
0 70 199
22 64 199
22 70 442
0 70 442
0 70 221
0 69 110
0 67 110
0 69 221
0 69 221
0 70 885
0 72 221
0 69 110
0 67 110
0 69 221
0 63 221
0 62 663
0 58 221
0 60 221
0 57 110
0 55 110
0 57 221
0 51 221
0 50 663
221 74 220
0 65 110
0 74 110
0 74 220
0 65 110
0 74 110
0 72 220
0 65 110
0 70 110
0 70 220
0 65 110
0 72 110
0 70 220
0 65 110
0 69 110
0 72 220
0 69 110
0 74 110
0 75 220
0 72 110
0 78 110
0 79 220
0 72 110
0 75 110
0 74 220
0 69 110
0 75 110
0 74 220
0 69 110
0 72 110
0 72 220
0 68 110
0 72 110
0 71 220
0 68 110
0 71 110
0 71 220
0 67 110
0 72 110
0 75 220
0 66 110
0 72 110
0 70 220
0 65 110
0 70 110
0 69 220
0 65 110
0 69 110
0 74 220
0 65 110
0 74 110
0 74 220
0 65 110
0 74 110
0 72 220
0 65 110
0 70 110
0 70 220
0 65 110
0 72 110
0 70 220
0 65 110
0 69 110
0 72 220
0 69 110
0 74 110
0 75 220
0 72 110
0 78 110
0 79 220
0 72 110
0 75 110
0 74 220
0 65 110
0 69 110
0 70 220
0 65 110
0 72 110
0 73 216
4 70 110
4 70 106
4 81 220
0 73 110
0 73 106
4 72 220
0 70 110
0 74 110
0 75 220
0 69 110
0 77 110
0 70 220
0 65 110
0 69 110
110 62 110
0 65 106
0 65 4
0 72 110
0 74 220
0 65 110
0 74 110
0 74 220
0 65 110
0 74 110
0 72 220
0 65 110
0 70 110
0 70 220
0 65 110
0 72 110
0 70 220
0 65 110
0 69 110
0 72 220
0 69 110
0 74 110
0 75 220
0 72 110
0 78 110
0 79 220
0 72 110
0 75 110
0 74 220
0 69 110
0 75 110
0 74 220
0 69 110
0 72 110
0 72 220
0 68 110
0 72 110
0 71 220
0 68 110
0 71 110
0 71 220
0 67 110
0 72 110
0 75 220
0 66 110
0 72 110
0 70 220
0 65 110
0 70 110
0 69 220
0 65 110
0 69 110
0 74 220
0 65 110
0 74 110
0 74 220
0 65 110
0 74 110
0 72 220
0 65 110
0 70 110
0 70 220
0 65 110
0 72 110
0 70 220
0 65 110
0 69 110
0 72 220
0 69 110
0 74 110
0 75 220
0 72 110
0 78 110
0 79 220
0 72 110
0 75 110
0 74 220
0 65 110
0 69 110
0 70 220
0 65 110
0 72 110
0 73 216
4 70 110
4 70 106
4 81 220
0 73 110
0 73 106
4 72 220
0 70 110
0 74 110
0 75 220
0 69 110
0 77 110
0 70 220
0 65 110
0 69 110
110 62 110
0 65 106
0 65 4
0 72 110
0 74 220
0 69 110
0 75 110
0 74 220
0 69 110
0 72 110
0 72 220
0 67 110
0 71 110
0 72 220
0 67 110
0 74 110
0 79 220
0 74 110
0 80 110
0 79 220
0 74 110
0 77 110
0 77 220
0 70 110
0 76 110
0 74 220
0 70 110
0 72 110
0 72 220
0 69 110
0 74 110
0 76 220
0 72 110
0 77 110
0 77 220
0 70 110
0 74 110
0 72 220
0 67 110
0 70 110
0 69 220
0 65 110
0 70 110
0 67 220
0 64 110
0 72 110
0 65 220
0 65 110
0 69 110
0 72 220
0 73 220
0 74 220
0 65 110
0 74 110
0 74 220
0 65 110
0 74 110
0 72 220
0 68 110
0 70 110
0 70 220
0 68 110
0 72 110
0 70 220
0 67 110
0 72 110
0 74 220
0 70 110
0 75 110
0 78 220
0 73 110
0 79 110
0 81 220
0 73 110
0 82 110
0 72 220
0 70 110
0 74 110
0 72 220
0 70 110
0 73 110
0 74 220
0 70 110
0 74 110
0 75 220
0 74 110
0 77 110
0 77 220
0 72 110
0 75 110
0 74 220
0 69 110
0 72 110
0 70 220
0 65 110
0 69 110
110 62 110
0 65 106
0 65 4
0 72 110
0 74 220
0 69 110
0 75 110
0 74 220
0 69 110
0 72 110
0 72 220
0 67 110
0 71 110
0 72 220
0 67 110
0 74 110
0 79 220
0 74 110
0 80 110
0 79 220
0 74 110
0 77 110
0 77 220
0 70 110
0 76 110
0 74 220
0 70 110
0 72 110
0 72 220
0 69 110
0 74 110
0 76 220
0 72 110
0 77 110
0 77 220
0 70 110
0 74 110
0 72 220
0 67 110
0 70 110
0 69 220
0 65 110
0 70 110
0 67 220
0 64 110
0 72 110
0 65 220
0 65 110
0 69 110
0 72 220
0 73 220
0 74 220
0 65 110
0 74 110
0 74 220
0 65 110
0 74 110
0 72 220
0 68 110
0 70 110
0 70 220
0 68 110
0 72 110
0 70 220
0 67 110
0 72 110
0 74 220
0 70 110
0 75 110
0 78 220
0 73 110
0 79 110
0 81 220
0 73 110
0 82 110
0 72 220
0 70 110
0 74 110
0 72 220
0 70 110
0 73 110
0 74 220
0 70 110
0 74 110
0 75 220
0 74 110
0 77 110
0 77 220
0 72 110
0 75 110
0 74 220
0 69 110
0 72 110
0 70 220
0 65 110
0 72 110
110 62 110
0 65 106
0 65 4
0 74 110
0 77 220
0 72 110
0 75 110
0 74 220
0 69 110
0 72 110
0 70 220
0 65 110
0 74 110
110 62 110
0 65 106
0 65 4
0 67 110
0 65 220
0 60 110
0 63 110
0 62 220
0 57 110
0 60 110
0 58 110
0 50 330
0 58 442
1770 74 221
0 73 110
0 74 110
0 73 110
0 74 110
0 70 110
0 67 99
11 67 442
0 65 221
165 70 55
0 69 110
0 70 36
0 69 36
0 67 36
0 69 110
0 70 110
0 71 110
0 72 110
0 73 110
0 74 110
0 77 442
0 75 221
221 74 221
0 76 110
0 77 110
0 81 110
0 82 110
0 77 110
0 74 110
0 72 221
0 78 110
0 79 110
0 81 110
0 82 110
0 79 110
0 72 110
0 72 110
0 84 110
0 83 110
0 82 110
0 81 110
0 72 110
0 70 110
0 79 110
0 69 110
0 77 110
0 72 110
0 75 110
0 70 110
0 74 110
0 69 110
0 72 110
0 70 55
55 86 110
0 85 110
0 86 110
0 85 110
0 86 110
0 82 110
0 79 99
11 79 442
0 77 221
165 82 55
0 81 110
0 82 36
0 81 36
0 79 36
0 81 110
0 82 110
0 83 110
0 84 110
0 85 110
0 86 110
0 89 331
0 88 110
0 87 221
221 86 221
0 88 110
0 89 110
0 93 110
0 94 110
0 89 110
0 86 110
0 85 221
0 91 110
0 94 110
0 96 110
0 97 110
0 94 110
0 85 110
0 84 110
0 86 110
0 87 110
0 88 110
0 89 110
0 91 110
0 87 110
0 84 110
0 82 110
0 77 110
0 74 110
0 70 110
0 69 110
0 70 110
0 72 110
0 73 110
0 74 221
0 73 110
0 74 110
0 73 110
0 74 110
0 70 110
0 67 99
11 67 442
0 65 221
165 70 55
0 69 110
0 70 36
0 69 36
0 67 36
0 69 110
0 70 110
0 71 110
0 72 110
0 73 110
0 74 110
0 77 442
0 75 221
221 74 221
0 76 110
0 77 110
0 81 110
0 82 110
0 77 110
0 74 110
0 72 221
0 78 110
0 79 110
0 81 110
0 82 110
0 79 110
0 72 110
0 72 110
0 84 110
0 83 110
0 82 110
0 81 110
0 72 110
0 70 110
0 79 110
0 69 110
0 77 110
0 72 110
0 75 110
0 70 110
0 74 110
0 69 110
0 72 110
0 70 55
55 86 110
0 85 110
0 86 110
0 85 110
0 86 110
0 82 110
0 79 99
11 79 442
0 77 221
165 82 55
0 81 110
0 82 36
0 81 36
0 79 36
0 81 110
0 82 110
0 83 110
0 84 110
0 85 110
0 86 110
0 89 331
0 88 110
0 87 221
221 86 221
0 88 110
0 89 110
0 93 110
0 94 110
0 89 110
0 86 110
0 85 221
0 91 110
0 94 110
0 96 110
0 97 110
0 94 110
0 85 110
0 84 110
0 86 110
0 87 110
0 88 110
0 89 110
0 91 110
0 87 110
0 84 110
0 82 110
0 77 110
0 74 110
0 70 110
0 69 110
0 70 110
0 72 110
0 73 110
0 74 110
110 66 442
0 66 221
221 74 442
0 74 221
221 66 221
0 67 221
0 77 221
0 72 663
0 70 221
221 72 442
0 72 221
0 74 221
0 79 110
0 82 110
0 85 110
0 86 110
0 91 110
0 94 110
0 88 110
0 96 110
0 94 110
0 91 110
0 88 110
0 84 110
0 82 110
0 79 110
0 77 221
0 75 663
0 86 221
0 85 110
0 86 110
0 85 110
0 86 110
0 89 110
0 86 110
0 84 442
0 82 221
165 82 55
0 81 110
0 82 110
0 84 110
0 86 110
0 87 110
0 88 110
0 89 110
0 90 110
0 91 55
0 93 55
0 91 55
0 93 55
0 91 55
0 90 55
0 91 55
0 93 55
0 94 110
276 72 27
0 74 27
0 72 221
0 71 110
0 72 110
0 76 110
0 82 110
0 79 110
0 76 55
0 77 27
0 79 27
0 77 221
0 76 110
0 77 110
0 82 110
0 89 110
0 86 110
0 82 110
0 81 82
27 82 82
27 84 82
27 86 82
27 87 82
27 89 82
27 91 82
27 93 55
0 96 55
0 94 82
27 89 82
27 86 82
27 82 82
27 77 82
27 74 82
27 70 82
27 72 82
27 74 110
110 69 442
0 69 221
221 70 442
0 67 221
221 66 221
0 67 221
0 74 221
0 67 663
0 70 221
221 72 442
0 69 221
0 74 221
0 79 110
0 82 110
0 85 110
0 86 110
0 91 110
0 94 110
0 88 110
0 96 110
0 94 110
0 91 110
0 88 110
0 84 110
0 82 110
0 79 110
0 77 221
0 75 663
0 86 221
0 85 110
0 86 110
0 85 110
0 86 110
0 89 110
0 86 110
0 84 442
0 82 221
165 82 55
0 81 110
0 82 110
0 84 110
0 86 110
0 87 110
0 88 110
0 89 110
0 90 110
0 91 55
0 93 55
0 91 55
0 93 55
0 91 55
0 90 55
0 91 55
0 93 55
0 94 110
276 72 27
0 74 27
0 72 221
0 71 110
0 72 110
0 76 110
0 82 110
0 79 110
0 76 55
0 77 27
0 79 27
0 77 221
0 76 110
0 77 110
0 82 110
0 89 110
0 86 110
0 82 110
0 81 82
27 82 82
27 84 82
27 86 82
27 87 82
27 89 82
27 91 82
27 93 55
0 96 55
0 94 82
27 93 82
27 91 82
27 89 82
27 87 82
27 86 82
27 84 82
27 83 55
0 86 55
0 84 82
27 82 82
27 81 82
27 79 82
27 77 82
27 75 82
27 74 82
27 73 55
0 84 55
0 74 82
27 81 82
27 79 82
27 77 82
27 75 82
27 74 82
27 72 82
27 71 55
0 74 55
0 72 82
27 70 82
27 69 82
27 67 82
27 65 82
27 63 82
27 62 82
27 60 82
691 65 221
0 61 663
0 65 221
0 60 442
0 70 221
0 65 221
0 58 331
0 57 110
0 60 147
0 63 147
0 66 147
0 75 663
0 75 221
0 63 331
0 61 110
0 58 110
36 72 110
36 61 110
36 65 331
0 63 99
11 63 110
36 73 110
36 72 110
36 70 331
0 69 110
0 70 147
0 73 147
0 60 132
14 60 663
0 65 221
0 61 663
0 73 221
0 72 442
0 58 221
0 65 221
0 65 331
0 69 110
0 72 147
0 63 147
0 72 147
0 65 663
0 63 221
0 63 331
0 61 110
0 58 110
36 72 110
36 61 110
36 60 331
0 58 110
0 61 110
36 60 110
36 58 110
36 54 331
0 53 110
0 53 110
36 54 110
36 53 110
36 58 663
0 77 221
0 85 663
0 77 221
0 72 442
0 70 221
0 82 221
0 77 331
0 69 110
0 72 147
0 87 147
0 87 147
0 84 663
0 75 221
0 75 331
0 73 110
0 70 110
36 72 110
36 73 69
23 85 55
0 77 331
0 75 110
0 87 110
36 73 110
36 72 110
36 70 331
0 69 110
0 82 147
0 85 147
0 84 147
0 84 663
0 77 221
0 77 663
0 73 221
0 77 442
0 70 221
0 82 221
0 82 331
0 69 110
0 84 147
0 75 147
0 78 147
0 84 663
0 75 221
0 75 331
0 73 110
0 82 110
36 84 110
36 85 110
36 84 331
0 82 110
0 85 110
36 72 110
36 70 110
36 66 331
0 77 110
0 65 110
36 66 110
36 65 110
36 58 663
0 61 221
0 61 442
0 61 147
0 63 147
0 61 147
0 61 442
0 58 110
0 58 221
0 70 110
0 70 331
0 83 258
0 84 147
0 85 92
0 85 55
0 77 331
0 73 110
0 84 221
221 60 221
0 77 221
0 81 221
0 84 221
0 84 442
0 70 147
0 69 147
0 67 147
0 67 147
0 81 132
14 65 132
14 65 147
0 67 132
14 76 132
14 77 442
0 75 147
0 73 147
0 72 147
0 60 442
0 70 221
0 58 221
0 60 442
0 58 221
0 70 221
0 59 147
0 58 147
0 62 147
0 77 147
0 68 147
0 77 147
0 70 442
0 75 221
0 75 221
0 61 331
0 60 110
0 60 147
0 61 147
0 75 92
0 75 55
0 66 331
0 65 110
0 77 147
0 70 147
0 73 147
0 73 331
0 84 110
0 72 147
0 75 147
0 69 147
0 70 663
0 73 199
22 73 442
0 73 147
0 63 147
0 61 147
0 61 442
0 70 110
0 70 221
0 82 110
0 82 331
0 71 258
0 72 147
0 85 92
0 85 55
0 77 331
0 73 110
0 84 221
221 60 146
221 60 74
0 65 221
0 69 221
0 72 221
0 84 442
0 70 147
0 69 147
0 67 147
0 79 147
0 69 132
14 65 132
14 65 147
0 67 132
14 64 132
14 77 442
0 75 147
0 73 147
0 72 147
0 72 442
0 58 199
22 70 199
22 60 442
0 70 199
22 70 199
22 59 147
0 58 147
0 62 147
0 65 147
0 80 147
0 77 147
0 80 442
0 78 221
0 63 221
0 61 331
0 72 99
11 60 147
0 61 147
0 75 92
0 75 55
0 78 331
0 65 99
11 65 147
0 82 147
0 85 147
0 85 331
0 84 110
0 84 147
0 75 147
0 81 147
0 82 442
221 73 199
22 73 331
0 72 99
11 72 147
0 75 147
0 65 132
14 70 442
14 70 147
0 73 147
0 77 147
0 73 331
0 72 99
11 75 132
14 78 132
14 69 132
14 70 663
0 73 221
0 61 110
0 73 110
0 66 110
0 73 110
0 61 110
0 73 110
0 70 110
0 73 110
0 61 110
0 73 110
0 70 110
0 73 110
0 61 110
0 73 110
0 66 110
0 73 110
0 61 110
0 73 110
0 68 110
0 73 110
0 61 110
0 73 110
0 68 110
0 73 110
0 61 110
0 73 110
0 71 110
0 73 110
0 61 110
0 73 110
0 71 110
0 73 110
0 61 110
0 73 110
0 66 110
0 73 110
0 61 110
0 73 110
0 66 110
0 73 110
0 63 110
0 75 110
0 68 110
0 75 110
0 63 110
0 75 110
0 71 110
0 75 110
0 68 110
0 80 110
0 75 110
0 80 110
0 72 110
0 80 110
0 75 110
0 80 110
0 73 110
0 80 110
0 83 110
0 85 110
0 82 110
0 85 110
0 77 110
0 85 110
0 78 165
0 85 55
0 82 387
0 90 55
0 82 442
0 78 221
0 85 221
0 82 221
165 85 55
0 83 387
0 92 55
0 83 442
0 92 221
0 89 221
0 71 221
165 73 55
0 70 387
0 78 55
0 82 442
0 81 221
0 68 221
0 78 221
0 77 221
0 85 221
0 71 221
0 80 221
0 78 885
0 61 110
0 73 110
0 70 110
0 73 110
0 61 110
0 73 110
0 66 110
0 73 110
0 61 110
0 73 110
0 66 110
0 73 110
0 61 110
0 73 110
0 70 110
0 73 110
0 61 110
0 73 110
0 71 110
0 73 110
0 61 110
0 73 110
0 68 110
0 73 110
0 61 110
0 73 110
0 68 110
0 73 110
0 61 110
0 73 110
0 71 110
0 73 110
0 61 110
0 73 110
0 66 110
0 73 110
0 61 110
0 73 110
0 70 110
0 73 110
0 63 110
0 75 110
0 71 110
0 75 110
0 63 110
0 75 110
0 71 110
0 75 110
0 68 110
0 80 110
0 75 110
0 80 110
0 72 110
0 80 110
0 75 110
0 80 110
0 73 110
0 80 110
0 83 110
0 85 110
0 78 110
0 85 110
0 80 110
0 85 110
0 78 165
0 85 55
0 82 387
0 90 55
0 82 442
0 78 221
0 85 221
0 70 221
165 85 55
0 95 387
0 92 55
0 95 442
0 80 221
0 77 221
0 83 221
165 73 55
0 82 387
0 78 55
0 70 442
0 81 221
0 80 221
0 78 221
0 77 221
0 73 221
0 71 221
0 68 221
0 78 885
0 62 110
0 74 110
0 65 110
0 74 110
0 62 110
0 74 110
0 65 110
0 74 110
0 63 110
0 75 110
0 66 110
0 75 110
0 70 110
0 82 110
0 78 110
0 82 110
0 63 110
0 75 110
0 66 110
0 75 110
0 63 110
0 75 110
0 73 110
0 75 110
0 63 110
0 75 110
0 72 110
0 75 110
0 72 110
0 84 110
0 80 110
0 84 110
165 73 442
0 73 497
0 70 221
0 66 221
0 82 221
0 73 221
0 80 221
0 78 221
0 75 221
0 73 221
0 68 221
0 66 221
0 65 221
0 61 110
0 73 110
0 70 110
0 73 110
0 61 110
0 73 110
0 70 110
0 73 110
0 64 110
0 76 110
0 73 110
0 76 110
0 64 110
0 76 110
0 73 110
0 76 110
0 63 110
0 75 110
0 66 110
0 75 110
0 63 110
0 75 110
0 66 110
0 75 110
0 69 110
0 81 110
0 75 110
0 81 110
0 69 110
0 81 110
0 75 110
0 81 110
165 84 442
0 84 276
0 87 221
0 85 221
0 94 221
0 78 221
0 77 221
0 97 221
0 95 221
0 80 221
0 90 885
0 62 110
0 74 110
0 70 110
0 74 110
0 62 110
0 74 110
0 65 110
0 74 110
0 63 110
0 75 110
0 70 110
0 75 110
0 70 110
0 82 110
0 75 110
0 82 110
0 63 110
0 75 110
0 66 110
0 75 110
0 63 110
0 75 110
0 73 110
0 75 110
0 63 110
0 75 110
0 72 110
0 75 110
0 72 110
0 84 110
0 80 110
0 84 110
165 73 442
0 73 497
0 82 221
0 78 221
0 82 221
0 73 221
0 80 221
0 78 221
0 75 221
0 73 221
0 68 221
0 70 221
0 65 221
0 61 110
0 73 110
0 66 110
0 73 110
0 61 110
0 73 110
0 70 110
0 73 110
0 64 110
0 76 110
0 73 110
0 76 110
0 64 110
0 76 110
0 73 110
0 76 110
0 63 110
0 75 110
0 71 110
0 75 110
0 63 110
0 75 110
0 66 110
0 75 110
0 69 110
0 81 110
0 78 110
0 81 110
0 69 110
0 81 110
0 78 110
0 81 110
165 84 442
0 84 276
0 87 221
0 97 221
0 82 221
0 78 221
0 89 221
0 97 221
0 83 221
0 92 221
0 90 663
0 78 221
0 77 221
0 73 221
0 71 221
0 80 221
0 66 663
0 66 221
0 65 221
0 73 221
0 71 221
0 68 221
0 66 885
0 66 442
0 66 663
0 66 221
0 65 221
0 64 221
0 65 1327
0 70 442
0 69 442
0 77 442
0 75 442
0 72 331
0 89 110
0 88 73
0 91 73
0 89 73
0 87 73
0 86 73
0 84 73
0 82 73
0 81 73
0 79 73
0 77 73
0 75 73
0 74 73
0 72 442
0 70 221
110 70 110
0 69 73
0 70 73
0 72 73
0 74 73
0 75 73
0 77 73
0 79 73
0 81 73
0 82 73
0 83 73
0 84 73
0 86 73
0 89 442
0 87 221
110 87 110
0 86 73
0 98 73
0 96 73
0 94 73
0 93 73
0 91 73
0 89 73
0 87 73
0 86 73
0 84 73
0 82 73
0 81 73
0 79 73
0 91 73
0 89 73
0 87 73
0 86 73
0 84 73
0 82 73
0 81 73
0 79 73
0 77 73
0 75 73
0 74 73
0 72 73
0 76 73
0 79 73
0 82 73
0 79 73
0 82 73
0 84 73
0 88 73
0 91 73
0 94 73
0 91 73
0 88 73
0 89 221
0 89 73
0 91 73
0 89 73
0 88 73
0 91 73
0 89 73
0 88 73
0 91 73
0 89 73
0 88 73
0 91 73
0 89 73
0 87 73
0 86 73
0 84 73
0 82 73
0 81 73
0 79 73
0 77 73
0 75 73
0 74 73
0 72 442
0 70 221
110 70 110
0 69 73
0 70 73
0 72 73
0 74 73
0 75 73
0 77 73
0 79 73
0 81 73
0 82 73
0 83 73
0 84 73
0 86 73
0 89 331
0 88 110
0 87 221
110 87 110
0 86 73
0 98 73
0 96 73
0 94 73
0 93 73
0 91 73
0 89 73
0 87 73
0 86 73
0 84 73
0 82 73
0 81 73
0 79 73
0 94 73
0 91 73
0 88 73
0 85 73
0 82 73
0 79 73
0 76 73
0 73 73
0 70 73
0 67 73
0 64 73
0 65 73
0 64 73
0 65 73
0 67 73
0 69 73
0 70 73
0 72 73
0 74 73
0 75 73
0 77 73
0 79 73
0 81 73
0 82 73
0 86 73
0 89 73
0 94 73
0 98 73
0 96 73
0 94 73
0 89 73
0 86 73
0 82 73
0 86 73
0 89 73
0 88 73
0 91 73
0 89 73
0 87 73
0 86 73
0 84 73
0 82 73
0 81 73
0 79 73
0 77 73
0 75 73
0 74 73
0 72 442
0 70 221
110 70 110
0 69 73
0 70 73
0 72 73
0 74 73
0 75 73
0 77 73
0 79 73
0 81 73
0 82 73
0 83 73
0 84 73
0 86 73
0 89 442
0 87 221
110 87 110
0 86 73
0 98 73
0 96 73
0 94 73
0 93 73
0 91 73
0 89 73
0 87 73
0 86 73
0 84 73
0 82 73
0 81 73
0 79 73
0 91 73
0 89 73
0 87 73
0 86 73
0 84 73
0 82 73
0 81 73
0 79 73
0 77 73
0 75 73
0 74 73
0 72 73
0 76 73
0 79 73
0 82 73
0 79 73
0 82 73
0 84 73
0 88 73
0 91 73
0 94 73
0 91 73
0 88 73
0 89 221
0 89 73
0 91 73
0 89 73
0 88 73
0 91 73
0 89 73
0 88 73
0 91 73
0 89 73
0 88 73
0 91 73
0 89 73
0 87 73
0 86 73
0 84 73
0 82 73
0 81 73
0 79 73
0 77 73
0 75 73
0 74 73
0 72 442
0 70 221
110 70 110
0 69 73
0 70 73
0 72 73
0 74 73
0 75 73
0 77 73
0 79 73
0 81 73
0 82 73
0 83 73
0 84 73
0 86 73
0 89 331
0 88 110
0 87 221
110 87 110
0 86 73
0 98 73
0 96 73
0 94 73
0 93 73
0 91 73
0 89 73
0 87 73
0 86 73
0 84 73
0 82 73
0 81 73
0 79 73
0 94 73
0 91 73
0 88 73
0 85 73
0 82 73
0 79 73
0 76 73
0 73 73
0 70 73
0 67 73
0 64 73
0 65 73
0 64 73
0 65 73
0 67 73
0 69 73
0 70 73
0 72 73
0 74 73
0 75 73
0 77 73
0 79 73
0 81 73
0 82 73
0 86 73
0 89 73
0 94 73
0 98 73
0 96 73
0 94 73
0 89 73
0 86 73
0 82 73
0 84 73
0 85 73
0 86 110
110 74 442
0 74 221
221 86 442
0 91 221
221 82 442
0 79 221
0 76 885
221 77 221
221 77 73
0 84 73
0 81 73
0 77 73
0 72 73
0 69 73
0 67 110
110 77 221
110 77 73
0 86 73
0 82 73
0 77 73
0 74 73
0 70 73
0 69 73
0 84 73
0 82 73
0 81 73
0 79 73
0 77 73
0 76 73
0 74 73
0 72 73
0 70 73
0 69 73
0 67 73
0 65 221
0 77 73
0 79 73
0 77 73
0 76 73
0 79 73
0 77 73
0 76 73
0 91 73
0 89 73
0 88 73
0 91 73
0 89 73
0 87 73
0 86 73
0 84 73
0 82 73
0 81 73
0 79 73
0 77 73
0 75 73
0 74 73
0 72 442
0 70 221
110 69 110
0 70 73
0 72 73
0 74 73
0 75 73
0 77 73
0 79 73
0 81 73
0 82 73
0 84 73
0 86 73
0 87 73
0 89 73
0 91 36
0 93 36
0 91 36
0 93 36
0 91 36
0 93 36
0 91 36
0 90 36
0 91 36
0 94 110
0 97 221
110 72 110
0 71 73
0 72 73
0 74 73
0 76 73
0 77 73
0 79 73
0 81 73
0 82 73
0 84 73
0 86 73
0 87 73
0 88 73
0 89 73
0 101 73
0 100 73
0 99 73
0 98 73
0 96 73
0 94 73
0 93 73
0 91 73
0 89 73
0 87 73
0 86 73
0 84 73
0 93 73
0 91 73
0 87 73
0 84 73
0 82 73
0 81 73
0 79 73
0 77 73
0 75 73
0 74 73
0 72 73
0 70 73
0 74 73
0 77 73
0 82 73
0 86 73
0 84 73
0 82 73
0 81 73
0 82 73
0 83 73
0 84 73
0 85 73
0 86 110
110 74 442
0 74 221
221 86 442
0 91 221
221 82 442
0 79 221
0 76 885
221 77 221
221 77 73
0 84 73
0 81 73
0 77 73
0 72 73
0 69 73
0 67 110
110 77 221
110 77 73
0 86 73
0 82 73
0 77 73
0 74 73
0 70 73
0 69 73
0 84 73
0 82 73
0 81 73
0 79 73
0 77 73
0 76 73
0 74 73
0 72 73
0 70 73
0 69 73
0 67 73
0 65 221
0 77 73
0 79 73
0 77 73
0 76 73
0 79 73
0 77 73
0 76 73
0 91 73
0 89 73
0 88 73
0 91 73
0 89 73
0 87 73
0 86 73
0 84 73
0 82 73
0 81 73
0 79 73
0 77 73
0 75 73
0 74 73
0 72 442
0 70 221
110 69 110
0 70 73
0 72 73
0 74 73
0 75 73
0 77 73
0 79 73
0 81 73
0 82 73
0 84 73
0 86 73
0 87 73
0 89 73
0 91 36
0 93 36
0 91 36
0 93 36
0 91 36
0 93 36
0 91 36
0 90 36
0 91 36
0 94 110
0 97 221
110 72 110
0 71 73
0 72 73
0 74 73
0 76 73
0 77 73
0 79 73
0 81 73
0 82 73
0 84 73
0 86 73
0 87 73
0 88 73
0 89 73
0 101 73
0 100 73
0 99 73
0 98 73
0 96 73
0 94 73
0 93 73
0 91 73
0 89 73
0 87 73
0 86 73
0 84 73
0 93 73
0 91 73
0 87 73
0 84 73
0 82 73
0 81 73
0 79 73
0 77 73
0 75 73
0 74 73
0 72 73
0 70 73
0 74 73
0 77 73
0 82 73
0 86 73
0 84 73
0 82 73
0 81 73
0 79 73
0 77 73
0 75 73
0 74 73
0 72 73
0 81 73
0 79 73
0 75 73
0 72 73
0 70 73
0 69 73
0 67 73
0 65 73
0 63 73
0 62 73
0 60 73
0 58 73
0 62 73
0 65 73
0 70 73
0 74 73
0 72 73
0 70 73
0 69 73
0 67 73
0 65 73
0 63 73
0 62 73
0 60 73
0 69 73
0 67 73
0 63 73
0 60 73
0 58 73
0 57 36
36 55 36
36 53 36
36 51 36
36 50 36
36 48 36
700 53 221
0 50 398
44 50 199
22 50 199
22 50 398
44 50 398
44 53 398
44 51 199
22 51 199
22 63 885
0 58 398
44 55 199
22 55 199
22 62 442
0 55 442
0 51 221
0 59 110
0 60 110
0 59 110
0 60 110
0 62 165
0 60 55
0 50 885
0 62 398
44 67 199
22 67 199
22 74 442
0 67 442
0 63 221
0 71 110
0 72 110
0 71 110
0 72 110
0 74 165
0 72 55
0 62 885
0 75 1106
0 83 110
0 84 110
0 83 110
0 84 110
0 87 165
0 81 55
0 74 442
442 62 442
442 62 1770
