6650 55 277
0 55 51
86 55 51
86 55 277
0 55 51
86 55 51
86 56 51
225 57 415
0 59 51
86 60 51
86 59 51
86 57 277
0 57 51
86 57 51
86 57 277
0 57 51
86 57 51
86 58 51
225 59 415
0 61 51
86 62 51
86 64 51
86 65 277
0 65 51
86 65 51
86 56 415
0 56 51
86 64 277
0 64 51
86 64 51
86 55 415
0 55 51
86 54 51
86 57 51
86 62 51
86 60 51
86 59 51
86 55 51
86 54 51
86 52 51
86 60 277
0 59 277
0 57 554
0 59 51
86 55 51
86 60 554
0 59 277
0 60 277
0 60 51
86 60 51
86 60 277
0 60 51
86 60 51
86 61 51
225 62 415
0 64 51
86 65 51
86 64 51
86 62 277
0 62 51
86 62 51
86 62 277
0 62 51
86 62 51
86 63 51
225 64 415
0 66 51
86 67 51
86 69 51
86 70 277
0 70 51
86 70 51
86 61 415
0 61 51
86 69 277
0 69 51
86 69 51
86 60 415
0 60 51
86 59 51
86 62 51
86 67 51
86 65 51
86 64 51
86 60 51
86 59 51
86 57 51
86 65 277
0 64 277
0 62 554
0 76 692
0 67 51
86 69 51
86 70 51
86 69 51
86 67 51
86 65 51
86 64 51
86 62 415
0 73 51
86 74 692
0 69 51
86 79 51
86 72 51
86 71 51
86 69 51
86 67 51
86 66 51
86 64 415
0 62 51
86 61 51
86 64 51
86 61 51
86 64 51
86 70 51
86 70 415
0 60 51
86 63 51
86 60 51
86 63 51
86 69 51
86 69 415
0 67 277
0 62 277
0 64 51
86 65 51
86 67 51
86 69 51
86 71 277
0 72 277
0 83 277
0 83 277
69 67 69
0 70 69
0 73 69
0 76 80
57 82 11
57 85 11
57 91 11
57 91 57
0 88 69
0 85 69
0 82 69
0 79 69
0 76 69
0 73 69
0 70 69
69 67 69
0 71 69
0 77 69
0 79 80
57 89 11
57 83 11
57 91 11
57 91 57
0 86 69
0 83 69
0 79 69
0 74 69
0 71 69
0 67 69
0 71 69
69 67 69
0 70 69
0 73 69
0 76 80
57 82 11
57 85 11
57 91 11
57 91 57
0 88 69
0 85 69
0 82 69
0 79 69
0 76 69
0 73 69
0 70 69
69 67 69
0 71 69
0 77 69
0 79 80
57 89 11
57 83 11
57 91 11
57 91 57
0 86 69
0 83 69
0 79 69
0 74 69
0 71 69
0 67 69
0 71 69
0 73 80
57 82 11
57 85 11
57 74 11
57 79 11
57 83 11
57 86 11
57 76 11
57 79 11
57 82 11
57 88 11
57 78 11
57 81 11
57 84 11
57 90 11
57 90 69
57 67 69
0 71 69
0 76 69
0 79 69
0 83 69
0 88 69
0 91 69
0 95 69
0 91 69
0 88 69
0 83 69
0 79 69
0 76 69
0 71 69
0 67 69
69 67 69
0 71 69
0 75 69
0 79 69
0 83 69
0 87 69
0 91 69
0 95 69
0 91 69
0 87 69
0 83 69
0 79 69
0 75 69
0 71 69
0 67 69
69 67 69
0 71 69
0 76 69
0 79 69
0 83 69
0 88 69
0 91 69
0 95 69
0 91 69
0 88 69
0 83 69
0 79 69
0 76 69
0 71 69
0 67 69
69 67 69
0 71 69
0 74 69
0 77 69
0 83 69
0 86 69
0 89 69
0 95 69
0 89 69
0 86 69
0 83 69
0 77 69
0 74 69
0 71 69
0 65 69
0 77 69
0 83 69
0 86 69
0 89 69
0 78 69
0 83 69
0 86 69
0 90 69
0 80 69
0 83 69
0 86 69
0 92 69
0 82 69
0 85 69
0 88 69
0 94 69
0 74 277
0 74 138
0 74 138
0 78 554
0 73 277
0 73 138
0 73 138
0 76 554
0 71 277
0 71 138
0 71 138
0 74 277
0 71 277
0 69 277
0 69 277
0 71 554
0 71 277
0 71 138
0 71 138
0 74 554
0 69 277
0 69 138
0 69 138
0 72 554
0 67 277
0 67 138
0 67 138
0 71 277
0 67 277
0 66 277
0 66 277
0 67 554
0 68 51
225 69 415
0 71 51
86 72 51
86 71 51
86 70 51
225 71 415
0 73 51
86 74 51
86 76 51
86 77 277
0 77 51
86 77 51
86 68 51
86 71 51
86 68 51
86 71 51
86 76 277
0 76 51
86 76 51
86 67 51
86 70 51
86 67 51
86 70 51
86 75 277
0 66 51
86 69 51
86 74 277
0 65 51
86 68 51
86 73 277
0 64 51
86 67 51
86 72 277
0 63 51
86 66 51
86 60 69
0 72 69
0 60 69
0 72 69
0 60 69
0 72 69
0 60 69
0 72 69
0 60 69
0 72 69
0 60 69
0 72 69
0 60 69
0 72 69
0 60 69
0 72 69
0 72 69
0 84 69
0 72 69
0 84 69
0 72 69
0 84 69
0 72 69
0 84 69
0 72 69
0 84 69
0 72 69
0 84 69
0 84 69
69 84 69
69 72 69
69 74 138
0 74 138
0 74 138
0 74 138
0 74 138
0 74 69
69 74 69
69 76 131
6 77 131
6 77 131
6 77 131
6 77 131
6 77 131
6 77 131
6 77 131
6 84 69
0 96 69
0 91 69
0 88 69
0 84 69
0 79 69
0 76 69
0 79 69
0 72 138
0 88 69
0 79 69
0 89 69
0 81 69
0 91 69
0 82 69
0 89 69
0 81 69
0 88 69
0 79 69
0 86 69
0 77 69
0 81 69
0 76 69
0 77 69
0 74 69
0 81 69
0 73 69
0 81 69
0 74 69
0 88 69
0 85 69
0 86 69
0 98 69
0 93 69
0 89 69
0 86 69
0 81 69
0 77 69
0 81 69
0 74 138
0 89 69
0 81 69
0 91 69
0 83 69
0 93 69
0 84 69
0 91 69
0 83 69
0 90 69
0 81 69
0 88 69
0 79 69
0 83 69
0 78 69
0 79 69
0 76 69
0 83 69
0 75 69
0 83 69
0 76 69
0 77 69
0 74 69
0 73 69
0 85 69
0 76 69
0 88 69
0 73 69
0 85 69
0 76 69
0 88 69
0 82 69
0 94 69
0 91 69
0 88 69
0 82 69
0 79 69
0 76 69
0 70 69
0 72 69
0 84 69
0 75 69
0 87 69
0 72 69
0 84 69
0 75 69
0 87 69
0 81 69
0 93 69
0 90 69
0 87 69
0 81 69
0 78 69
0 75 69
0 69 69
0 67 69
0 79 69
0 74 69
0 71 69
0 74 69
0 86 69
0 83 69
0 79 69
0 84 69
0 76 69
0 86 69
0 77 69
0 88 69
0 79 69
0 89 69
0 81 69
0 86 69
0 83 69
0 86 69
0 83 69
0 96 69
0 84 69
0 96 69
0 84 69
0 101 69
0 89 69
0 101 69
0 89 69
0 95 69
0 89 69
0 95 69
0 89 69
0 88 190
17 52 51
17 64 554
0 62 277
0 58 69
0 52 69
0 58 69
0 52 69
0 61 69
0 52 69
0 58 69
0 52 69
0 61 69
0 58 69
0 61 69
0 58 69
0 61 69
0 58 69
0 61 69
0 58 69
0 64 69
0 61 69
0 64 69
0 61 69
0 70 69
0 64 69
0 70 69
0 64 69
0 73 69
0 70 69
0 76 69
0 73 69
0 82 69
0 76 69
0 88 69
0 82 69
0 89 277
0 93 277
0 88 277
0 86 277
0 76 190
17 52 51
17 64 554
0 62 277
0 58 69
0 52 69
0 58 69
0 52 69
0 61 69
0 52 69
0 58 69
0 52 69
0 61 69
0 58 69
0 61 69
0 58 69
0 61 69
0 58 69
0 61 69
0 58 69
0 64 69
0 61 69
0 64 69
0 61 69
0 70 69
0 64 69
0 70 69
0 64 69
0 73 69
0 70 69
0 76 69
0 73 69
0 82 69
0 76 69
0 88 69
0 82 69
0 82 207
0 70 51
17 65 277
0 82 207
0 70 51
17 64 277
0 78 207
0 66 51
17 63 277
0 77 207
0 65 51
17 62 277
0 66 207
0 78 51
17 74 277
0 67 207
0 79 51
17 74 277
0 67 207
0 79 51
17 76 277
0 71 207
0 83 51
17 79 277
0 55 80
57 62 11
57 59 11
57 62 11
57 74 11
57 71 11
57 67 11
57 72 11
57 64 11
57 74 11
57 65 11
57 76 11
57 67 11
57 77 11
57 69 11
57 74 11
57 74 57
0 71 69
0 74 69
0 71 69
0 79 69
0 72 69
0 84 69
0 72 69
0 89 69
0 77 69
0 89 69
0 77 69
0 89 69
0 77 69
0 89 69
0 77 69
0 57 80
57 64 11
57 61 11
57 64 11
57 76 11
57 73 11
57 69 11
57 74 11
57 65 11
57 76 11
57 67 11
57 77 11
57 69 11
57 79 11
57 70 11
57 76 11
57 76 57
0 73 69
0 76 69
0 73 69
0 81 69
0 74 69
0 86 69
0 74 69
0 91 69
0 79 69
0 91 69
0 79 69
0 91 69
0 79 69
0 91 69
0 79 69
0 62 69
0 74 69
0 69 69
0 66 69
0 69 69
0 81 69
0 78 69
0 74 69
0 79 69
0 71 69
0 81 69
0 72 69
0 83 69
0 74 69
0 84 69
0 76 69
0 81 69
0 78 69
0 81 69
0 78 69
0 86 69
0 79 69
0 91 69
0 79 69
0 96 69
0 84 69
0 96 69
0 84 69
0 96 69
0 84 69
0 96 69
0 84 69
0 67 69
0 79 69
0 74 69
0 71 69
0 74 69
0 86 69
0 83 69
0 79 69
0 84 69
0 76 69
0 86 69
0 77 69
0 88 69
0 79 69
0 89 69
0 81 69
0 86 69
0 83 69
0 86 69
0 83 69
0 91 69
0 84 69
0 96 69
0 84 69
0 101 69
0 89 69
0 101 69
0 89 69
0 101 69
0 89 69
0 101 69
0 89 69
0 100 69
0 88 69
0 100 69
0 88 69
0 100 69
0 88 69
0 100 69
0 88 69
0 98 69
0 86 69
0 98 69
0 86 69
0 98 69
0 86 69
0 98 69
0 86 69
0 96 69
0 84 69
0 96 69
0 84 69
0 89 69
0 86 69
0 98 69
0 86 69
0 96 69
0 84 69
0 96 69
0 84 69
0 95 69
0 83 69
0 95 69
0 83 69
0 84 69
0 79 69
0 91 69
0 79 69
0 81 69
0 77 69
0 89 69
0 77 69
0 79 69
0 76 69
0 79 69
0 76 69
0 79 69
0 74 69
0 79 69
0 74 69
0 88 69
0 96 69
0 91 69
0 88 69
0 84 80
57 76 11
57 72 11
57 86 11
57 86 57
0 95 69
0 91 69
0 89 69
0 83 80
57 77 11
57 71 11
57 86 11
57 86 57
0 98 69
0 93 69
0 89 69
0 86 80
57 77 11
57 74 11
57 85 11
57 85 57
0 97 69
0 93 69
0 91 69
0 85 80
57 79 11
57 73 11
57 89 11
57 89 57
0 101 69
0 96 69
0 93 69
0 89 80
57 81 11
57 77 11
57 88 11
57 88 57
0 100 69
0 96 69
0 91 69
0 88 80
57 79 11
57 76 11
57 85 11
57 85 265
0 73 138
0 73 138
0 86 277
0 74 138
0 74 138
0 85 277
0 73 138
0 73 138
0 86 277
0 74 138
0 74 138
0 91 69
0 84 69
0 96 69
0 84 69
0 84 69
0 81 69
0 93 69
0 81 69
0 84 69
0 79 69
0 84 69
0 79 69
0 83 69
0 79 69
0 83 69
0 79 69
0 88 69
0 96 69
0 91 69
0 88 69
0 84 80
57 76 11
57 72 11
57 86 11
57 86 57
0 95 69
0 91 69
0 89 69
0 83 80
57 77 11
57 71 11
57 86 11
57 86 57
0 98 69
0 93 69
0 89 69
0 86 80
57 77 11
57 74 11
57 85 11
57 85 57
0 97 69
0 93 69
0 91 69
0 85 80
57 79 11
57 73 11
57 89 11
57 89 57
0 101 69
0 96 69
0 93 69
0 89 80
57 81 11
57 77 11
57 88 11
57 88 57
0 100 69
0 96 69
0 91 69
0 88 80
57 79 11
57 76 11
57 85 11
57 85 265
0 73 138
0 73 138
0 86 277
0 74 138
0 74 138
0 87 277
0 75 138
0 75 138
0 88 277
0 76 138
0 76 138
0 77 277
0 78 138
0 75 138
0 79 277
0 80 138
0 80 138
0 75 138
0 75 138
0 76 138
0 76 138
0 77 138
0 77 138
0 77 138
0 77 138
0 77 277
277 76 277
277 74 277
277 74 277
277 52 69
0 64 69
0 60 69
0 64 69
0 54 69
0 66 69
0 60 69
0 66 69
0 55 69
0 67 69
0 60 69
0 67 69
0 55 69
0 67 69
0 59 69
0 67 69
0 60 69
0 72 69
0 67 69
0 72 69
0 60 69
0 72 69
0 63 69
0 72 69
0 60 69
0 72 69
0 64 69
0 72 69
0 59 69
0 71 69
0 62 69
0 71 69
0 64 69
0 76 69
0 72 69
0 76 69
0 66 69
0 78 69
0 72 69
0 78 69
0 67 69
0 79 69
0 72 69
0 79 69
0 67 69
0 79 69
0 71 69
0 79 69
0 72 69
0 84 69
0 79 69
0 84 69
0 72 69
0 84 69
0 75 69
0 84 69
0 72 69
0 84 69
0 76 69
0 84 69
0 71 69
0 83 69
0 74 69
0 83 69
0 76 69
0 88 69
0 84 69
0 88 69
0 78 69
0 90 69
0 84 69
0 90 69
0 79 69
0 91 69
0 84 69
0 91 69
0 79 69
0 91 69
0 83 69
0 91 69
0 79 69
0 91 69
0 88 69
0 91 69
0 79 69
0 91 69
0 83 69
0 91 69
0 79 69
0 91 69
0 84 69
0 91 69
0 79 69
0 91 69
0 83 69
0 91 69
0 88 69
0 91 69
0 86 69
0 91 69
0 88 69
0 91 69
0 86 69
0 91 69
0 88 69
0 91 69
0 86 69
0 91 69
0 88 69
0 91 69
0 86 69
0 91 69
0 72 69
69 84 69
0 79 69
0 76 69
0 72 69
0 67 69
0 64 69
0 60 69
0 55 69
0 60 69
0 64 69
0 67 69
0 72 69
0 76 69
0 79 69
0 72 69
69 88 69
0 84 69
0 79 69
0 76 69
0 72 69
0 67 69
0 64 69
0 60 69
0 64 69
0 67 69
0 72 69
0 76 69
0 79 69
0 84 69
0 76 69
69 91 69
0 88 69
0 84 69
0 79 69
0 76 69
0 72 69
0 67 69
0 64 69
0 67 69
0 72 69
0 76 69
0 79 69
0 84 69
0 88 69
0 79 69
69 96 69
0 91 69
0 88 69
0 84 69
0 79 69
0 76 69
0 72 69
0 67 69
0 72 69
0 76 69
0 79 69
0 84 69
0 88 69
0 91 69
0 84 69
69 100 69
0 96 69
0 91 69
0 88 69
0 84 69
0 79 69
0 76 69
0 72 69
0 76 69
0 79 69
0 84 69
0 88 69
0 91 69
0 96 69
0 88 277
277 79 277
277 76 277
277 79 277
277 72 69
0 84 69
0 78 69
0 84 69
0 72 69
0 84 69
0 78 69
0 84 69
0 72 69
0 84 69
0 78 69
0 84 69
0 72 69
0 84 69
0 78 69
0 84 69
0 72 277
277 84 277
277 52 554
