0 82 155
0 81 155
0 82 155
0 79 155
0 81 77
0 82 77
0 84 77
0 86 77
0 82 155
0 84 77
0 82 77
0 81 77
0 79 77
0 77 38
116 77 38
116 77 38
116 78 155
0 90 155
0 90 38
116 91 155
0 79 155
0 79 38
116 81 38
96 94 19
0 93 77
0 91 77
0 93 155
0 94 38
96 84 19
0 82 77
0 81 77
0 82 77
77 70 77
0 77 77
0 70 77
0 77 77
0 74 77
0 77 77
0 70 77
0 79 77
0 70 77
0 79 77
0 70 77
0 79 77
0 70 77
0 77 77
0 70 77
0 77 77
0 74 77
0 77 77
0 75 77
0 77 77
0 75 77
0 77 77
0 75 77
0 77 77
0 69 77
0 81 77
0 69 77
0 81 77
0 69 77
0 81 77
0 75 77
0 82 77
0 70 77
0 81 77
0 70 77
0 79 77
0 68 77
0 77 77
0 68 77
0 77 77
0 74 77
0 77 77
0 75 77
0 79 77
0 75 77
0 79 77
0 75 77
77 82 38
77 80 38
0 79 77
0 77 77
0 79 155
0 82 38
77 79 38
0 77 77
0 76 77
0 77 155
0 84 155
0 82 77
0 80 77
0 79 77
0 77 77
0 84 155
0 72 155
0 72 155
0 68 77
0 75 77
0 68 77
0 75 77
0 68 77
0 75 77
0 68 77
0 80 77
0 68 77
0 80 77
0 68 77
0 80 77
0 68 77
0 75 77
0 68 77
0 75 77
0 68 77
0 75 77
0 67 77
0 75 77
0 67 77
0 75 77
0 67 77
0 75 77
0 68 38
77 73 38
0 72 77
0 70 77
0 72 155
0 75 38
77 72 38
0 70 77
0 69 77
0 70 155
0 77 155
0 75 77
0 73 77
0 72 77
0 70 77
0 77 155
0 65 155
0 65 155
0 73 77
0 80 77
0 73 77
0 80 77
0 73 77
0 80 77
0 73 77
0 85 77
0 73 77
0 85 77
0 73 77
0 85 77
0 73 77
0 80 77
0 73 77
0 80 77
0 73 77
0 80 77
0 72 77
0 80 77
0 72 77
0 80 77
0 72 77
0 80 77
0 73 155
737 73 115
77 78 77
0 77 77
0 75 77
0 73 76
0 75 77
77 73 77
0 72 77
0 70 77
0 68 76
0 80 77
77 78 77
0 77 77
0 75 77
0 73 77
0 85 38
116 78 38
116 78 38
1047 65 154
0 66 155
0 65 155
0 63 155
0 65 77
0 66 77
0 68 77
0 70 77
0 72 155
0 70 77
0 72 77
0 73 77
0 75 77
0 77 38
116 77 38
116 77 38
1008 73 115
77 78 77
0 77 77
0 75 77
0 73 76
0 75 77
77 73 77
0 72 77
0 70 77
0 68 76
0 80 77
77 78 77
0 77 77
0 75 77
0 73 77
0 85 38
116 78 38
116 78 38
1047 73 154
0 74 155
0 73 155
0 71 155
0 73 77
0 74 77
0 76 77
0 78 77
0 80 155
0 78 77
0 80 77
0 81 77
0 83 77
0 85 38
116 85 38
116 85 38
581 73 9
145 73 9
145 73 9
145 73 155
0 76 77
0 74 77
0 73 77
0 76 77
0 74 38
116 74 38
116 74 38
116 86 38
116 86 38
116 86 38
581 74 38
116 74 38
116 74 38
116 74 155
0 77 77
0 76 77
0 74 77
0 77 77
0 74 38
116 74 38
116 74 38
116 86 38
116 86 38
116 86 38
116 74 155
0 73 155
0 74 155
0 86 155
0 85 155
0 86 155
0 82 155
0 81 155
0 82 155
0 79 155
0 81 77
0 82 77
0 84 77
0 86 77
0 82 155
0 84 77
0 82 77
0 81 77
0 79 77
0 77 38
116 77 38
116 77 38
116 78 155
0 90 155
0 90 38
116 91 155
0 79 155
0 79 38
116 81 38
96 94 19
0 93 77
0 91 77
0 93 155
0 94 38
96 84 19
0 82 77
0 81 77
0 82 77
77 75 77
0 82 77
0 75 77
0 82 77
0 75 77
0 82 77
0 75 77
0 84 77
0 75 77
0 84 77
0 75 77
0 84 77
0 75 77
0 82 77
0 79 77
0 82 77
0 75 77
0 82 77
0 74 77
0 82 77
0 74 77
0 82 77
0 74 77
0 82 77
0 74 77
0 86 77
0 74 77
0 86 77
0 74 77
0 86 77
0 75 77
0 87 77
0 75 77
0 87 77
0 75 77
0 86 77
0 75 77
0 84 77
0 75 77
0 84 77
0 75 77
0 84 77
0 74 77
0 86 77
0 74 77
0 86 77
0 74 77
0 86 77
0 75 77
0 84 77
0 75 77
0 84 77
0 75 77
0 84 77
0 74 77
0 86 77
0 82 77
0 86 77
0 74 77
0 86 77
0 75 77
0 84 77
0 75 77
0 84 77
0 75 77
0 84 77
0 74 77
0 86 77
0 82 77
0 86 77
0 74 77
0 86 77
0 75 77
0 84 77
0 75 77
0 84 77
0 75 77
0 84 77
0 74 77
0 86 77
0 82 77
0 86 77
0 74 155
0 82 38
77 80 38
0 79 77
0 77 77
0 79 155
0 82 38
77 79 38
0 77 77
0 76 77
0 77 155
0 84 155
0 82 77
0 80 77
0 79 77
0 77 77
0 84 155
0 72 155
0 72 155
0 68 77
0 75 77
0 68 77
0 75 77
0 68 77
0 75 77
0 68 77
0 80 77
0 68 77
0 80 77
0 68 77
0 80 77
0 68 77
0 75 77
0 68 77
0 75 77
0 68 77
0 75 77
0 67 77
0 75 77
0 67 77
0 75 77
0 67 77
0 75 77
0 68 38
77 73 38
0 72 77
0 70 77
0 72 155
0 75 38
77 72 38
0 70 77
0 69 77
0 70 155
0 77 155
0 75 77
0 73 77
0 72 77
0 70 77
0 77 155
0 65 155
0 65 155
0 73 77
0 80 77
0 73 77
0 80 77
0 73 77
0 80 77
0 73 77
0 85 77
0 73 77
0 85 77
0 73 77
0 85 77
0 73 77
0 80 77
0 73 77
0 80 77
0 73 77
0 80 77
0 72 77
0 80 77
0 72 77
0 80 77
0 72 77
0 80 77
0 73 155
737 73 115
77 78 77
0 77 77
0 75 77
0 73 76
0 75 77
77 73 77
0 72 77
0 70 77
0 68 76
0 80 77
77 78 77
0 77 77
0 75 77
0 73 77
0 85 38
116 78 38
116 78 38
1047 65 154
0 66 155
0 65 155
0 63 155
0 65 77
0 66 77
0 68 77
0 70 77
0 72 155
0 70 77
0 72 77
0 73 77
0 75 77
0 77 38
116 77 38
116 77 38
1008 73 115
77 78 77
0 77 77
0 75 77
0 73 76
0 75 77
77 73 77
0 72 77
0 70 77
0 68 76
0 80 77
77 78 77
0 77 77
0 75 77
0 73 77
0 85 38
116 78 38
116 78 38
1047 73 154
0 74 155
0 73 155
0 71 155
0 73 77
0 74 77
0 76 77
0 78 77
0 80 155
0 78 77
0 80 77
0 81 77
0 83 77
0 85 38
116 85 38
116 85 38
581 73 38
116 73 38
116 73 38
116 73 155
0 76 77
0 74 77
0 73 77
0 76 77
0 74 38
116 74 38
116 74 38
116 86 38
116 86 38
116 86 38
581 74 38
116 74 38
116 74 38
116 74 155
0 77 77
0 76 77
0 74 77
0 77 77
0 74 38
116 74 38
116 74 38
116 86 38
116 86 38
116 86 38
116 74 155
0 73 155
0 74 155
0 86 155
0 85 155
0 86 155
0 82 155
0 81 155
0 82 155
0 79 155
0 81 77
0 82 77
0 84 77
0 86 77
0 82 155
0 84 77
0 82 77
0 81 77
0 79 77
0 77 38
116 77 38
116 77 38
116 78 155
0 90 155
0 90 38
116 91 155
0 79 155
0 79 38
116 81 38
96 94 19
0 93 77
0 91 77
0 93 155
0 94 38
96 84 19
0 82 77
0 81 77
0 82 77
77 75 77
0 82 77
0 75 77
0 82 77
0 75 77
0 82 77
0 75 77
0 84 77
0 75 77
0 84 77
0 75 77
0 84 77
0 75 77
0 82 77
0 79 77
0 82 77
0 75 77
0 82 77
0 74 77
0 82 77
0 74 77
0 82 77
0 74 77
0 82 77
0 74 77
0 86 77
0 74 77
0 86 77
0 74 77
0 86 77
0 75 77
0 87 77
0 75 77
0 87 77
0 75 77
0 86 77
0 75 77
0 84 77
0 75 77
0 84 77
0 75 77
0 84 77
0 74 77
0 86 77
0 74 77
0 86 77
0 74 77
0 86 77
0 75 77
0 84 77
0 75 77
0 84 77
0 75 77
0 84 77
0 74 77
0 86 77
0 82 77
0 86 77
0 74 77
0 86 77
0 75 77
0 84 77
0 75 77
0 84 77
0 75 77
0 84 77
0 74 77
0 86 77
0 82 77
0 86 77
0 74 77
0 86 77
0 75 77
0 84 77
0 75 77
0 84 77
0 75 77
0 84 77
0 86 155
310 61 310
0 61 232
77 60 58
96 58 58
96 57 310
0 57 232
77 58 58
96 60 58
96 61 310
0 61 310
0 60 58
96 58 58
96 56 310
0 56 232
77 56 58
96 56 58
96 56 310
0 56 310
310 61 310
0 61 232
77 60 58
96 58 58
96 57 310
0 57 232
77 58 58
96 60 58
96 61 310
0 61 310
0 60 58
96 58 58
96 56 310
0 56 232
77 56 58
96 56 58
96 56 310
0 56 310
310 58 310
0 58 310
0 58 58
96 58 58
96 56 310
0 56 310
0 55 58
96 55 58
96 63 310
0 56 155
0 58 155
0 55 58
96 55 58
96 68 310
0 60 155
0 69 155
0 60 58
96 60 58
96 65 310
0 65 310
0 63 58
96 61 58
96 65 310
0 65 310
0 61 58
96 63 58
96 61 310
0 61 310
0 60 58
96 58 58
96 56 310
0 56 310
0 54 58
96 54 58
96 53 310
0 53 310
310 58 310
0 58 310
0 58 58
96 58 58
96 56 310
0 56 310
0 55 58
96 55 58
96 63 310
0 56 155
0 58 155
0 55 58
96 55 58
96 68 310
0 60 155
0 69 155
0 60 58
96 60 58
96 65 310
0 65 310
0 63 58
96 61 58
96 65 310
0 65 310
0 61 58
96 63 58
96 61 310
0 61 310
0 60 58
96 58 58
96 56 310
0 56 310
0 54 58
96 54 58
96 53 310
0 53 310
310 82 155
0 81 155
0 82 155
0 79 155
0 81 77
0 82 77
0 84 77
0 86 77
0 82 155
0 84 77
0 82 77
0 81 77
0 79 77
0 77 38
116 77 38
116 77 38
116 78 155
0 90 155
0 90 38
116 91 155
0 79 155
0 79 38
116 81 38
96 94 19
0 93 77
0 91 77
0 93 155
0 94 38
96 84 19
0 82 77
0 81 77
0 82 77
77 70 77
0 77 77
0 70 77
0 77 77
0 70 77
0 77 77
0 70 77
0 79 77
0 70 77
0 79 77
0 70 77
0 79 77
0 70 77
0 77 77
0 74 77
0 77 77
0 70 77
0 77 77
0 69 77
0 77 77
0 69 77
0 77 77
0 69 77
0 77 77
0 69 77
0 81 77
0 69 77
0 81 77
0 69 77
0 81 77
0 70 77
0 82 77
0 70 77
0 81 77
0 70 77
0 79 77
0 68 77
0 77 77
0 68 77
0 77 77
0 68 77
0 77 77
0 67 77
0 79 77
0 67 77
0 79 77
0 67 77
77 82 38
77 80 38
0 79 77
0 77 77
0 79 155
0 82 38
77 79 38
0 77 77
0 76 77
0 77 155
0 84 155
0 82 77
0 80 77
0 79 77
0 77 77
0 84 155
0 72 155
0 72 155
0 68 77
0 75 77
0 68 77
0 75 77
0 68 77
0 75 77
0 68 77
0 80 77
0 68 77
0 80 77
0 68 77
0 80 77
0 68 77
0 75 77
0 68 77
0 75 77
0 68 77
0 75 77
0 67 77
0 75 77
0 67 77
0 75 77
0 67 77
0 75 77
0 68 38
77 73 38
0 72 77
0 70 77
0 72 155
0 75 38
77 72 38
0 70 77
0 69 77
0 70 155
0 77 155
0 75 77
0 73 77
0 72 77
0 70 77
0 77 155
0 65 155
0 65 155
0 73 77
0 80 77
0 73 77
0 80 77
0 73 77
0 80 77
0 73 77
0 85 77
0 73 77
0 85 77
0 73 77
0 85 77
0 73 77
0 80 77
0 73 77
0 80 77
0 73 77
0 80 77
0 72 77
0 80 77
0 72 77
0 80 77
0 72 77
0 80 77
0 73 155
737 73 115
77 78 77
0 77 77
0 75 77
0 73 76
0 75 77
77 73 77
0 72 77
0 70 77
0 68 76
0 80 77
77 78 77
0 77 77
0 75 77
0 73 77
0 85 38
116 78 38
116 78 38
1047 65 154
0 66 155
0 65 155
0 63 155
0 65 77
0 66 77
0 68 77
0 70 77
0 72 155
0 70 77
0 72 77
0 73 77
0 75 77
0 77 38
116 77 38
116 77 38
1008 73 115
77 78 77
0 77 77
0 75 77
0 73 76
0 75 77
77 73 77
0 72 77
0 70 77
0 68 76
0 80 77
77 78 77
0 77 77
0 75 77
0 73 77
0 85 38
116 78 38
116 78 38
1047 73 154
0 74 155
0 73 155
0 71 155
0 73 77
0 74 77
0 76 77
0 78 77
0 80 155
0 78 77
0 80 77
0 81 77
0 83 77
0 85 38
116 85 38
116 85 38
581 73 38
116 73 38
116 73 38
116 73 155
0 76 77
0 74 77
0 73 77
0 76 77
0 74 38
116 74 38
116 74 38
116 86 38
116 86 38
116 86 38
581 74 38
116 74 38
116 74 38
116 74 155
0 77 77
0 76 77
0 74 77
0 77 77
0 74 38
116 74 38
116 74 38
116 86 38
116 86 38
116 86 38
116 74 155
0 73 155
0 74 155
0 86 155
0 85 155
0 86 155
0 82 155
0 81 155
0 82 155
0 79 155
0 81 77
0 82 77
0 84 77
0 86 77
0 82 155
0 84 77
0 82 77
0 81 77
0 79 77
0 77 38
116 77 38
116 77 38
116 78 155
0 90 155
0 90 38
116 91 155
0 79 155
0 79 38
116 81 38
96 94 19
0 93 77
0 91 77
0 93 155
0 94 38
96 84 19
0 82 77
0 81 77
0 82 77
77 75 77
0 82 77
0 75 77
0 82 77
0 75 77
0 82 77
0 75 77
0 84 77
0 75 77
0 84 77
0 75 77
0 84 77
0 75 77
0 82 77
0 79 77
0 82 77
0 75 77
0 82 77
0 74 77
0 82 77
0 74 77
0 82 77
0 74 77
0 82 77
0 74 77
0 86 77
0 74 77
0 86 77
0 74 77
0 86 77
0 75 77
0 87 77
0 75 77
0 87 77
0 75 77
0 86 77
0 75 77
0 84 77
0 75 77
0 84 77
0 75 77
0 84 77
0 74 77
0 86 77
0 74 77
0 86 77
0 74 77
0 86 77
0 75 77
0 84 77
0 75 77
0 84 77
0 75 77
0 84 77
0 74 77
0 86 77
0 82 77
0 86 77
0 74 77
0 86 77
0 75 77
0 84 77
0 75 77
0 84 77
0 75 77
0 84 77
0 74 77
0 86 77
0 82 77
0 86 77
0 74 77
0 86 77
0 75 77
0 84 77
0 75 77
0 84 77
0 75 77
0 84 77
0 86 155
310 74 155
310 74 155
310 74 620
