0 56 1416
0 56 700
7 56 700
7 63 1062
0 57 354
0 68 1416
0 64 1416
0 54 1416
177 56 2626
177 56 29
0 56 1416
0 56 700
7 56 700
7 65 1416
0 61 708
0 54 708
0 64 1416
0 54 1416
0 52 1700
0 63 283
0 64 141
0 64 141
0 66 283
0 69 283
0 56 1416
0 56 700
7 56 700
7 63 1062
0 57 354
0 68 1416
0 64 1416
0 54 1416
177 56 2626
177 56 29
0 56 1416
0 59 700
7 59 700
7 61 1416
0 69 708
0 57 708
0 71 1416
0 57 1416
0 56 1700
0 66 283
0 68 141
0 68 141
0 69 283
0 73 283
0 71 383
324 64 29
324 66 29
324 66 324
0 68 29
324 66 29
324 66 324
0 71 29
324 64 29
324 64 324
0 63 383
324 63 29
324 63 324
0 64 29
0 64 324
0 71 29
324 65 29
324 66 29
324 63 29
324 63 324
0 64 383
324 64 29
324 66 29
324 66 324
0 73 29
324 64 29
324 59 29
324 64 29
324 64 324
0 66 383
0 66 324
0 63 383
324 59 29
324 58 29
324 58 324
0 67 29
324 63 29
324 63 324
0 64 383
324 61 29
324 63 29
324 63 324
0 64 29
324 63 29
324 63 324
0 68 29
324 61 29
324 61 324
0 63 383
324 60 29
324 60 324
0 69 29
0 69 324
0 63 29
324 61 29
324 63 29
324 60 29
324 60 324
0 73 383
324 64 29
324 66 29
324 67 29
324 72 29
324 75 29
324 73 29
324 73 324
0 72 29
0 72 1387
0 67 383
324 75 29
324 73 29
324 73 324
0 72 29
0 72 1387
0 67 383
324 75 29
206 73 29
206 72 29
206 72 200
206 72 5
0 68 2125
0 69 354
0 63 354
0 71 383
324 64 29
324 66 29
324 66 324
0 71 29
324 66 29
324 66 324
0 71 29
324 64 29
324 64 324
0 63 383
324 63 29
324 63 324
0 64 29
0 64 324
0 66 29
324 65 29
324 66 29
324 63 29
324 63 324
0 71 383
324 64 29
324 66 29
324 66 324
0 73 29
324 64 29
324 68 29
324 64 29
324 64 324
0 63 383
324 63 29
324 61 29
324 63 29
324 59 29
324 59 324
0 67 29
324 63 29
324 63 324
0 68 383
324 62 29
324 63 29
324 63 324
0 69 383
0 69 324
0 60 29
324 61 29
324 61 324
0 68 383
324 62 29
324 63 29
324 63 324
0 64 29
324 61 29
324 61 324
0 60 29
324 61 29
324 61 324
0 68 354
0 75 354
0 64 354
0 75 354
0 63 354
0 73 354
0 61 354
0 71 354
0 68 354
0 69 354
0 66 354
0 68 354
0 56 354
0 66 354
0 54 354
0 64 354
0 52 1416
0 52 700
7 52 700
7 52 2833
0 52 1416
0 52 700
7 52 700
7 52 2833
0 54 1416
0 54 700
7 54 700
7 57 2833
0 60 1416
0 61 1416
0 64 1416
0 67 1416
0 68 354
0 60 177
177 60 177
885 61 354
0 61 354
708 63 354
0 63 354
708 68 354
0 68 354
708 72 168
8 72 168
8 72 354
708 73 168
8 73 168
8 73 354
708 75 168
8 75 168
8 75 354
708 80 168
8 80 168
8 80 354
708 93 168
8 81 168
363 90 168
8 78 168
363 87 168
8 75 168
363 84 168
8 72 168
363 72 168
8 84 168
363 85 168
8 73 168
363 87 168
8 75 168
8 92 354
708 81 168
8 69 168
363 78 168
8 66 168
363 75 168
8 63 168
363 72 168
8 60 168
363 60 168
8 72 168
363 73 168
8 61 168
363 75 168
8 63 168
8 80 354
708 66 88
88 60 88
442 66 88
88 57 88
442 66 88
88 60 88
442 66 88
88 57 88
442 60 88
88 68 88
442 56 88
88 56 88
442 60 88
88 68 88
442 56 88
88 56 88
88 68 1416
0 68 700
7 68 700
7 68 1062
0 70 354
0 80 1416
0 65 1416
0 68 354
0 67 354
0 65 354
0 67 354
0 68 2125
0 70 531
0 68 168
8 68 1416
0 68 700
7 68 700
7 71 1416
0 82 708
0 68 354
0 66 354
0 65 1416
0 63 354
0 65 354
0 66 354
0 68 354
0 61 2833
0 68 1416
0 68 708
0 68 708
0 68 1062
0 69 354
0 80 1416
0 64 1416
0 68 354
0 66 354
0 64 354
0 66 354
0 68 2125
0 69 531
0 68 168
8 68 1416
0 68 708
0 68 708
0 73 1416
0 81 708
0 68 354
0 66 354
0 71 1416
0 63 354
0 64 354
0 66 354
0 68 354
0 64 1416
0 63 1416
0 68 354
0 65 177
0 56 177
0 61 177
0 56 177
0 61 177
0 56 177
0 68 354
0 65 177
0 56 177
0 68 177
0 56 177
0 65 177
0 56 177
0 68 354
0 66 177
0 56 177
0 60 177
0 56 177
0 60 177
0 56 177
0 68 354
0 60 177
0 56 177
0 60 177
0 56 177
0 60 177
0 56 177
0 65 354
0 61 177
0 53 177
0 61 177
0 53 177
0 61 177
0 53 177
0 68 354
0 61 177
0 58 177
0 61 177
0 58 177
0 61 177
0 58 177
0 68 354
0 60 177
0 56 177
0 63 177
0 56 177
0 63 177
0 56 177
177 56 177
0 60 177
0 56 177
0 70 177
0 56 177
0 60 177
0 68 177
0 68 354
0 61 177
0 56 177
0 65 177
0 56 177
0 65 177
0 56 177
0 68 354
0 61 177
0 56 177
0 65 177
0 56 177
0 61 177
0 56 177
0 71 354
0 62 177
0 59 177
0 62 177
0 59 177
0 62 177
0 59 177
0 70 354
0 66 177
0 58 177
0 68 177
0 58 177
0 66 177
0 58 177
0 65 354
0 56 177
0 53 177
0 56 177
0 53 177
0 56 177
0 53 177
0 60 177
0 54 177
0 60 177
0 54 177
0 60 177
0 54 177
0 60 177
0 54 177
0 61 354
0 56 177
0 49 177
0 53 177
0 49 177
0 53 177
0 49 177
0 54 177
0 49 177
0 54 177
0 49 177
0 54 177
0 51 177
0 54 177
0 51 177
354 92 88
0 90 88
0 88 88
0 87 88
0 85 88
0 83 88
0 81 88
0 80 88
0 78 88
0 76 88
0 75 88
0 73 88
0 72 88
0 73 88
0 75 88
0 73 88
0 76 88
0 75 88
0 78 88
0 76 88
0 80 88
0 78 88
0 81 88
0 80 88
0 85 88
0 84 88
0 87 88
0 85 88
354 93 88
0 92 88
0 90 88
0 88 88
0 87 88
0 85 88
0 84 88
0 81 88
0 80 88
0 78 88
0 76 88
0 75 88
0 73 88
0 72 88
0 75 88
0 73 88
0 76 88
0 75 88
0 78 88
0 76 88
0 80 88
0 78 88
0 81 88
0 80 88
0 85 88
0 84 88
0 88 88
0 87 88
354 100 88
0 99 88
0 97 88
0 95 88
0 93 88
0 92 88
0 90 88
0 88 88
0 87 88
0 85 88
0 84 88
0 85 88
354 97 88
0 93 88
0 92 88
0 90 88
0 88 88
0 85 88
0 83 88
0 81 88
0 78 88
0 76 88
0 75 88
0 73 88
354 92 88
0 91 88
0 92 88
0 87 88
0 84 88
0 87 88
0 84 88
0 80 88
0 75 88
0 80 88
0 75 88
0 72 88
0 68 88
0 70 88
0 72 88
0 73 88
0 75 88
0 76 88
0 78 88
0 80 88
0 81 88
0 84 88
0 85 88
0 87 88
0 88 88
0 90 88
0 92 88
0 93 88
354 92 88
0 90 88
0 88 88
0 87 88
0 85 88
0 83 88
0 81 88
0 80 88
0 78 88
0 76 88
0 75 88
0 73 88
0 72 88
0 73 88
0 75 88
0 73 88
0 76 88
0 75 88
0 78 88
0 76 88
0 80 88
0 78 88
0 81 88
0 80 88
0 85 88
0 84 88
0 87 88
0 85 88
354 98 88
0 97 88
0 95 88
0 93 88
0 92 88
0 90 88
0 89 88
0 86 88
0 85 88
0 83 88
0 81 88
0 80 88
0 78 88
0 77 88
0 80 88
0 78 88
0 81 88
0 80 88
0 83 88
0 81 88
0 85 88
0 83 88
0 86 88
0 85 88
0 90 88
0 89 88
0 92 88
0 90 88
354 95 88
0 100 88
0 99 88
0 97 88
0 95 88
0 93 88
0 92 88
0 90 88
0 88 88
0 87 88
0 85 88
0 83 88
354 83 88
0 93 88
0 92 88
0 90 88
0 88 88
0 87 88
0 85 88
0 83 88
0 82 88
0 83 88
0 81 88
0 78 88
0 76 88
0 75 88
0 73 88
0 71 88
0 70 88
0 71 88
0 73 88
0 75 88
0 76 88
0 75 88
0 76 88
0 78 88
0 80 88
0 79 88
0 80 88
0 82 88
0 83 88
0 82 88
0 83 88
0 87 88
0 88 88
0 87 88
0 88 88
0 90 88
0 92 88
0 91 88
0 92 88
0 93 88
0 92 88
0 91 88
0 92 88
0 93 88
0 90 176
0 88 176
0 87 176
0 85 176
0 84 176
0 81 176
0 80 176
0 79 176
0 78 176
0 76 176
0 75 176
0 73 176
0 72 176
0 69 176
0 68 176
0 67 176
0 66 88
0 69 88
0 64 88
0 69 88
0 63 88
0 69 88
0 61 88
0 69 88
0 60 88
0 63 88
0 57 88
0 63 88
0 56 88
0 63 88
0 55 88
0 63 88
0 54 88
0 57 88
0 51 88
0 57 88
0 49 88
0 57 88
0 48 88
0 57 88
0 54 88
0 57 88
0 51 88
0 57 88
0 49 88
0 57 88
0 48 88
0 57 88
0 54 88
0 57 88
0 50 88
0 57 88
0 49 88
0 57 88
0 48 88
0 57 88
0 54 88
0 57 88
0 50 88
0 57 88
0 49 88
0 57 88
0 48 88
0 57 88
0 49 88
0 57 88
0 52 88
0 57 88
0 54 88
0 57 88
0 55 88
0 57 88
0 54 88
0 57 88
0 52 88
0 57 88
0 50 88
0 57 88
0 48 88
0 58 88
0 47 88
0 59 88
0 51 88
0 59 88
0 54 88
0 59 88
0 57 88
0 59 88
0 56 88
0 59 88
0 54 88
0 59 88
0 52 88
0 59 88
0 50 88
0 60 88
0 49 88
0 61 88
0 53 88
0 61 88
0 56 88
0 61 88
0 59 88
0 61 88
0 58 88
0 61 88
0 56 88
0 61 88
0 54 88
0 61 88
0 52 88
0 62 88
0 51 88
0 63 88
0 55 88
0 63 88
0 58 88
0 63 88
0 61 88
0 63 88
0 60 88
0 63 88
0 58 88
0 63 88
0 56 88
0 63 88
0 54 88
0 64 88
0 53 88
0 65 88
0 57 88
0 65 88
0 60 88
0 65 88
0 63 88
0 65 88
0 62 88
0 65 88
0 60 88
0 66 88
0 59 88
0 67 88
0 65 88
0 67 88
0 64 88
0 67 88
0 62 88
0 68 88
0 61 88
0 69 88
0 67 88
0 69 88
0 66 88
0 69 88
0 64 88
0 70 88
0 63 88
0 71 88
0 69 88
0 71 88
0 68 88
0 71 88
0 66 88
0 72 88
0 65 88
0 73 88
0 71 88
0 73 88
0 71 88
0 73 88
0 71 88
0 73 88
0 71 88
0 73 88
0 71 88
0 73 88
0 71 88
0 73 88
0 68 88
0 73 88
0 66 88
0 73 88
0 65 88
0 73 88
0 71 88
0 74 88
0 68 88
0 74 88
0 66 88
0 74 88
0 65 88
0 74 88
0 77 265
0 83 84
4 74 265
0 71 84
4 71 265
0 68 84
4 68 88
88 65 88
88 71 88
0 73 88
0 68 88
0 73 88
0 66 88
0 73 88
0 65 88
0 73 88
0 71 88
0 74 88
0 68 88
0 74 88
0 66 88
0 74 88
0 65 88
0 74 88
0 77 265
0 83 84
4 74 265
0 71 84
4 71 265
0 68 84
4 68 88
88 65 88
88 78 265
0 87 84
4 75 265
0 69 84
4 69 265
0 66 84
4 66 88
88 63 88
88 78 265
0 87 84
4 75 265
0 69 84
4 69 265
0 66 84
4 66 88
88 61 88
88 78 265
0 87 84
4 75 265
0 69 84
4 69 265
0 66 84
4 66 88
88 63 88
88 80 265
0 90 84
4 78 265
0 75 84
4 75 265
0 68 84
4 68 88
88 66 88
88 65 177
2656 59 44
0 62 44
0 59 44
0 62 44
0 59 44
0 62 44
0 59 44
0 62 44
0 59 44
0 62 44
0 59 44
0 62 44
0 59 44
0 62 44
0 59 44
0 62 44
0 59 44
0 62 44
0 59 44
0 62 44
0 59 44
0 62 44
0 59 44
0 62 44
0 59 44
0 62 44
0 59 44
0 62 44
0 59 44
0 62 44
0 59 44
0 62 44
0 59 44
0 62 44
0 59 44
0 62 44
0 59 44
0 62 44
0 59 44
0 62 44
0 59 44
0 62 44
0 59 44
0 62 44
0 59 44
0 62 44
0 59 44
0 62 44
0 59 44
0 62 44
0 59 44
0 62 44
0 59 44
0 62 44
0 59 44
0 62 44
0 59 44
0 62 44
0 59 44
0 62 44
0 59 44
0 62 44
0 59 44
0 62 44
0 68 1416
0 68 700
7 68 708
0 68 1239
0 69 177
0 80 1416
0 65 1416
0 68 354
0 66 354
0 65 354
0 66 354
0 68 1416
0 85 354
0 72 354
0 75 354
0 89 354
0 85 1416
1416 59 44
0 62 44
0 59 44
0 62 44
0 59 44
0 62 44
0 59 44
0 62 44
0 59 44
0 62 44
0 59 44
0 62 44
0 59 44
0 62 44
0 59 44
0 62 44
0 59 44
0 62 44
0 59 44
0 62 44
0 59 44
0 62 44
0 59 44
0 62 44
0 59 44
0 62 44
0 59 44
0 62 44
0 59 44
0 62 44
0 59 44
0 62 44
0 59 44
0 62 44
0 59 44
0 62 44
0 59 44
0 62 44
0 59 44
0 62 44
0 59 44
0 62 44
0 59 44
0 62 44
0 59 44
0 62 44
0 59 44
0 62 44
0 59 44
0 62 44
0 59 44
0 62 44
0 59 44
0 62 44
0 59 44
0 62 44
0 59 44
0 62 44
0 59 44
0 62 44
0 59 44
0 62 44
0 59 44
0 62 44
0 71 1416
0 71 700
7 71 700
7 71 1239
0 72 177
0 83 1416
0 68 1416
0 71 354
0 69 354
0 68 354
0 69 354
0 71 1416
0 88 354
0 75 354
0 78 354
0 92 354
0 88 1416
1416 69 1416
0 69 354
0 75 354
0 76 354
0 78 354
0 71 1416
1416 57 1416
0 57 354
0 63 354
0 64 354
0 66 354
0 59 1416
