0 67 69
0 68 69
0 63 69
0 60 69
0 56 69
69 67 69
0 68 69
0 63 69
0 60 69
0 56 69
69 63 207
0 63 65
3 63 69
69 63 207
0 63 65
3 63 69
69 63 69
0 72 69
0 68 69
0 63 69
0 60 69
69 63 69
0 68 69
0 72 69
0 75 69
0 80 69
69 81 34
103 70 277
0 62 69
0 63 69
0 58 69
0 55 69
0 51 69
69 63 207
0 63 65
3 63 69
69 63 207
0 63 65
3 63 69
69 63 69
0 73 69
0 70 69
0 67 69
0 63 69
69 67 69
0 70 69
0 73 69
0 75 69
0 79 69
69 83 34
103 72 277
0 67 69
0 68 69
0 63 69
0 60 69
0 56 69
69 66 207
0 66 65
3 66 69
69 76 69
0 77 69
0 73 69
0 68 69
0 65 69
69 63 207
0 63 65
3 63 69
69 72 69
0 73 69
0 70 69
0 65 69
0 61 69
69 84 69
0 85 69
0 82 69
0 79 69
0 73 69
69 83 69
0 84 69
0 80 69
0 75 69
0 72 69
69 75 69
0 76 69
0 73 69
0 70 69
0 64 69
69 74 69
0 75 69
0 71 69
0 68 69
0 63 69
69 68 69
0 80 69
0 68 69
0 80 69
0 68 69
0 80 69
0 68 69
0 80 69
0 68 69
0 80 69
0 68 69
0 80 69
0 68 69
0 80 69
0 68 69
0 80 69
0 68 69
0 80 69
0 68 69
0 80 69
0 68 69
0 80 69
0 68 69
0 80 69
0 68 138
0 70 69
69 70 69
69 70 69
69 70 69
69 70 69
69 70 138
0 87 69
207 63 69
69 63 69
207 63 207
0 63 65
3 63 69
69 63 207
0 63 65
3 63 69
69 63 69
0 72 69
0 68 69
0 63 69
0 60 69
69 63 69
0 68 69
0 72 69
0 75 69
0 80 69
69 81 34
103 70 277
0 62 69
0 63 69
0 58 69
0 55 69
0 51 69
69 63 207
0 63 65
3 63 69
69 63 207
0 63 65
3 63 69
69 63 69
0 73 69
0 70 69
0 67 69
0 63 69
69 67 69
0 70 69
0 73 69
0 75 69
0 79 69
69 83 34
103 72 277
0 67 69
0 68 69
0 63 69
0 60 69
0 56 69
69 68 69
0 69 69
0 70 69
0 71 69
0 72 69
69 72 69
0 73 51
17 80 277
0 65 69
0 66 69
0 67 69
0 68 69
0 69 69
69 69 69
0 70 51
17 77 277
0 74 69
0 75 51
17 73 277
0 71 69
0 72 51
17 72 277
0 74 69
0 75 51
17 73 277
0 71 69
0 72 51
17 72 277
0 75 207
0 68 65
3 75 69
69 75 69
69 68 69
69 75 69
69 68 69
0 80 69
0 68 69
0 80 69
0 68 69
0 80 69
0 68 69
0 80 69
0 68 69
0 80 69
0 68 69
0 80 69
0 68 138
0 70 69
69 70 69
69 70 69
69 70 69
69 70 69
69 70 69
69 87 69
207 63 69
69 63 69
1039 79 46
0 76 46
0 73 46
0 70 46
0 67 46
0 64 46
0 61 46
0 58 46
0 55 46
0 52 46
0 55 46
0 58 46
0 61 46
0 64 46
0 67 46
0 70 46
0 73 46
0 76 46
0 79 46
0 76 46
0 73 46
0 70 46
0 67 46
0 64 46
0 61 46
0 58 46
0 55 46
0 52 46
0 55 46
0 58 46
0 61 46
0 64 46
0 67 46
0 70 46
0 73 46
0 76 46
0 67 207
0 79 65
3 67 69
69 68 207
0 80 65
3 68 69
69 67 207
0 79 65
3 67 69
69 68 207
0 80 65
3 68 69
69 78 207
0 78 65
3 78 69
69 71 207
0 83 65
3 71 69
69 75 207
0 75 65
3 75 69
69 82 207
0 82 65
3 82 69
69 75 138
692 77 46
0 74 46
0 71 46
0 68 46
0 65 46
0 62 46
0 59 46
0 56 46
0 53 46
0 50 46
0 53 46
0 56 46
0 59 46
0 62 46
0 65 46
0 68 46
0 71 46
0 74 46
0 77 46
0 74 46
0 71 46
0 68 46
0 65 46
0 62 46
0 59 46
0 56 46
0 53 46
0 50 46
0 53 46
0 56 46
0 59 46
0 62 46
0 65 46
0 68 34
0 71 34
0 74 34
0 77 34
0 66 207
0 78 65
3 66 138
0 71 207
0 83 65
3 71 138
0 70 207
0 82 65
3 70 138
0 76 415
0 75 207
0 87 65
3 71 138
0 68 207
0 80 65
3 73 138
0 70 207
0 82 65
3 73 138
0 66 207
0 87 69
0 88 69
0 89 69
0 78 207
0 90 69
0 78 138
0 83 207
0 95 69
0 83 138
0 82 207
0 94 69
0 82 138
0 88 415
0 87 207
0 99 69
0 83 138
0 80 207
0 92 69
0 85 138
0 82 207
0 94 69
0 85 138
0 83 415
69 66 69
0 78 69
0 71 69
0 75 69
0 66 69
69 71 69
0 83 69
0 77 69
0 80 69
0 71 69
69 70 69
0 82 69
0 70 69
0 78 69
0 70 69
69 65 69
0 77 69
0 65 69
0 70 69
0 65 69
69 68 69
0 80 69
0 73 69
0 77 69
0 68 69
69 73 69
0 85 69
0 79 69
0 82 69
0 73 69
69 72 69
0 84 69
0 72 69
0 80 69
0 72 69
69 67 69
0 79 69
0 67 69
0 72 69
0 67 69
69 70 69
0 82 69
0 75 69
0 79 69
0 70 69
69 76 69
0 88 69
0 82 69
0 85 69
0 76 69
69 75 69
0 87 69
0 75 69
0 83 69
0 75 69
69 70 69
0 82 69
0 70 69
0 75 69
0 70 69
0 76 207
0 76 65
3 76 138
0 76 207
0 76 65
3 76 138
0 76 46
0 85 46
0 82 46
0 79 46
0 76 46
0 73 46
0 70 46
0 67 46
0 64 46
0 61 46
0 64 46
0 67 46
0 70 46
0 73 46
0 76 46
0 79 46
0 82 46
0 85 46
0 77 207
0 77 65
3 77 138
0 77 207
0 77 65
3 77 138
0 77 46
0 83 46
0 80 46
0 77 46
0 71 46
0 68 46
0 65 46
0 59 46
0 56 46
0 53 46
0 56 46
0 59 46
0 65 46
0 68 46
0 71 46
0 77 46
0 80 46
0 83 46
0 80 207
0 80 65
3 80 138
0 80 207
0 80 65
3 80 138
0 80 46
0 86 46
0 83 46
0 80 46
0 74 46
0 71 46
0 68 46
0 62 46
0 59 46
0 56 46
0 59 46
0 62 46
0 68 46
0 71 46
0 74 46
0 80 46
0 83 46
0 92 46
0 75 207
0 75 65
3 75 69
69 75 207
0 75 65
3 75 69
69 75 207
0 75 65
3 75 69
69 75 207
0 75 65
3 75 69
69 63 207
0 63 65
3 63 69
69 63 207
0 63 65
3 63 69
69 63 207
0 63 65
3 63 69
69 63 207
0 63 65
3 63 69
69 51 207
0 51 65
3 51 69
69 51 207
0 51 65
3 51 69
69 51 207
0 51 65
3 51 69
69 51 207
0 51 65
3 51 69
69 63 207
0 63 65
3 63 69
69 63 207
0 63 65
3 63 69
69 63 69
0 72 69
0 68 69
0 63 69
0 60 69
69 63 69
0 68 69
0 72 69
0 75 69
0 80 69
69 81 34
103 70 277
0 62 69
0 63 69
0 58 69
0 55 69
0 51 69
69 63 207
0 63 65
3 63 69
69 63 207
0 63 65
3 63 69
69 63 69
0 73 69
0 70 69
0 67 69
0 63 69
69 67 69
0 70 69
0 73 69
0 75 69
0 79 69
69 83 34
103 72 277
0 67 69
0 68 69
0 63 69
0 60 69
0 56 69
69 66 207
0 66 65
3 66 69
69 76 69
0 77 69
0 73 69
0 68 69
0 65 69
69 63 207
0 63 65
3 63 69
69 72 69
0 73 69
0 70 69
0 65 69
0 61 69
69 84 69
0 85 69
0 82 69
0 79 69
0 73 69
69 83 69
0 84 69
0 80 69
0 75 69
0 72 69
69 75 69
0 76 69
0 73 69
0 70 69
0 64 69
69 74 69
0 75 69
0 71 69
0 68 69
0 63 69
69 75 207
0 68 65
3 75 138
0 75 131
6 68 131
6 75 131
6 68 69
0 80 69
0 68 69
0 80 69
0 68 69
0 80 69
0 68 69
0 80 69
0 68 69
0 80 69
0 68 69
0 80 69
0 68 138
0 70 69
69 70 69
69 70 69
69 70 69
69 70 69
69 72 69
69 87 69
207 75 69
69 87 69
207 63 51
86 75 51
225 63 51
86 75 51
225 63 207
0 75 65
3 63 138
0 68 207
0 80 65
3 68 138
0 67 207
0 79 65
3 67 138
0 73 415
0 72 207
0 84 69
0 68 138
0 65 207
0 77 69
0 70 138
0 67 207
0 79 69
0 70 138
0 63 207
0 84 69
0 85 69
0 86 69
0 75 207
0 87 65
3 75 138
0 80 207
0 92 65
3 80 138
0 79 207
0 91 65
3 79 138
0 85 415
0 84 207
0 96 69
0 80 138
0 77 207
0 89 69
0 82 138
0 79 207
0 91 69
0 82 138
0 80 415
0 67 138
277 68 138
277 68 415
0 68 415
0 67 138
0 70 138
0 68 277
0 68 127
11 68 127
11 67 138
0 70 138
0 68 277
0 68 127
11 68 127
11 67 138
0 70 138
0 68 138
0 67 138
0 70 138
0 68 138
0 67 138
0 70 138
0 68 138
0 73 415
0 67 138
0 70 138
0 68 138
0 73 415
0 74 138
0 77 138
0 75 138
0 68 415
0 74 138
0 77 138
0 75 138
0 68 415
0 68 138
0 78 138
0 77 138
0 75 138
0 73 138
0 65 138
0 61 138
0 70 138
0 75 138
0 60 207
0 68 69
0 70 69
0 68 69
0 67 138
0 70 138
0 68 138
0 73 415
0 67 138
0 70 138
0 68 138
0 73 415
0 74 138
0 77 138
0 75 138
0 68 415
0 74 138
0 77 138
0 75 138
0 68 415
0 68 138
0 78 138
0 77 138
0 75 138
0 73 138
0 66 138
0 70 138
0 75 138
0 73 138
0 72 138
0 70 138
0 68 138
0 64 138
0 67 138
0 72 138
0 68 138
0 67 138
0 73 138
0 68 138
0 67 138
0 72 138
0 65 138
1316 60 69
0 68 69
0 66 69
0 65 138
0 72 69
1247 61 69
0 68 69
0 67 69
0 60 138
0 75 69
1247 60 69
0 70 69
0 69 69
0 61 415
207 60 69
0 70 69
0 69 69
0 61 415
207 60 69
0 70 68
0 70 53
0 70 15
0 61 277
0 62 138
0 63 138
0 71 138
0 61 138
0 60 138
0 68 138
0 61 138
0 58 277
0 61 138
0 64 138
0 67 138
0 66 138
0 64 138
0 71 138
0 70 138
0 60 138
0 68 138
0 70 138
0 58 277
0 70 138
0 59 277
0 70 138
0 58 277
0 70 138
0 59 277
0 70 138
0 58 415
0 65 415
0 64 415
0 63 277
0 68 138
0 67 138
0 70 138
0 68 138
0 73 415
0 67 138
0 70 138
0 68 138
0 73 415
0 74 138
0 77 138
0 75 138
0 68 415
0 74 138
0 77 138
0 75 138
0 68 415
0 68 138
0 78 138
0 77 138
0 73 138
0 82 138
0 80 138
0 66 138
0 70 138
0 68 138
0 73 207
0 80 69
0 82 69
0 80 69
0 67 138
0 70 138
0 68 138
0 73 415
0 67 138
0 70 138
0 68 138
0 73 415
0 74 138
0 77 138
0 75 138
0 68 415
0 74 138
0 77 138
0 75 138
0 68 415
0 68 69
69 78 138
0 77 138
0 73 69
69 82 138
0 80 138
0 75 69
69 78 138
0 77 138
0 73 277
138 73 207
0 73 65
3 73 138
0 73 207
0 73 65
3 73 138
0 73 207
0 73 65
3 73 138
0 73 207
0 73 65
3 73 138
0 73 207
0 73 65
3 73 138
0 73 207
0 73 65
3 73 138
0 73 207
0 73 65
3 73 138
0 73 207
0 73 65
3 73 138
0 63 207
0 63 65
3 72 69
69 72 207
0 75 65
3 75 69
69 63 69
0 72 69
0 68 69
0 63 69
0 60 69
69 63 69
0 68 69
0 72 69
0 75 69
0 80 69
69 81 34
103 70 277
0 62 69
0 63 69
0 58 69
0 55 69
0 51 69
69 75 207
0 63 65
3 63 69
69 63 207
0 63 65
3 63 69
69 63 69
0 73 69
0 70 69
0 67 69
0 63 69
69 67 69
0 70 69
0 73 69
0 75 69
0 79 69
69 83 34
103 72 277
0 67 69
0 68 69
0 63 69
0 60 69
0 56 69
69 75 207
0 63 65
3 63 69
69 71 207
0 71 65
3 71 69
69 64 69
0 72 69
0 69 69
0 64 69
0 60 69
69 69 69
0 72 69
0 76 69
0 81 69
0 84 69
69 76 207
0 64 65
3 64 69
69 72 207
0 72 65
3 72 69
69 65 69
0 73 69
0 70 69
0 65 69
0 61 69
69 70 69
0 73 69
0 77 69
0 82 69
0 85 69
69 76 207
0 76 65
3 76 69
69 66 69
0 74 69
0 71 69
0 66 69
0 62 69
69 77 207
0 77 65
3 77 69
69 67 69
0 75 69
0 72 69
0 67 69
0 63 69
69 72 69
0 84 69
0 72 69
0 84 69
0 72 69
0 84 69
0 72 69
0 84 69
0 72 69
0 84 69
0 72 69
0 84 69
0 72 69
0 84 69
0 72 69
0 84 69
0 72 69
0 84 69
0 78 69
0 84 69
0 72 69
0 84 69
0 78 69
0 84 69
0 78 138
0 74 69
69 78 69
69 74 69
69 78 69
69 74 69
69 74 138
0 91 69
207 67 138
0 79 69
207 71 138
0 83 69
207 72 138
0 84 69
207 81 138
0 84 69
207 73 138
0 85 69
207 74 138
0 83 69
207 74 138
0 86 69
207 75 138
0 75 69
207 73 138
0 88 69
207 76 138
0 85 69
207 76 138
0 88 69
207 81 138
0 89 69
207 84 46
0 87 46
0 84 46
0 81 46
0 78 46
0 75 46
0 72 46
0 69 46
0 66 46
0 63 46
0 66 46
0 69 46
0 72 46
0 75 46
0 78 46
0 81 46
0 84 46
0 87 46
0 90 46
0 87 46
0 84 46
0 81 46
0 78 46
0 75 46
0 72 46
0 69 46
0 66 46
0 63 46
0 66 46
0 69 46
0 72 46
0 75 46
0 78 46
0 81 46
0 84 46
0 87 46
0 90 46
0 87 46
0 82 46
0 78 46
0 75 46
0 70 46
0 66 46
0 63 46
0 58 46
0 54 46
0 58 46
0 63 46
0 66 46
0 70 46
0 75 46
0 78 46
0 82 46
0 87 46
0 90 46
0 87 46
0 82 46
0 78 46
0 75 46
0 70 46
0 66 46
0 63 46
0 58 46
0 54 46
0 58 46
0 63 46
0 66 46
0 70 46
0 75 46
0 78 46
0 82 46
0 87 46
0 90 46
0 87 46
0 81 46
0 78 46
0 75 46
0 69 46
0 66 46
0 63 46
0 57 46
0 54 46
0 57 46
0 63 46
0 66 46
0 69 46
0 75 46
0 78 46
0 81 46
0 87 46
0 90 46
0 86 46
0 81 46
0 78 46
0 74 46
0 69 46
0 66 46
0 62 46
0 57 46
0 54 46
0 57 46
0 62 46
0 66 46
0 69 46
0 74 46
0 78 46
0 81 46
0 86 46
0 93 46
0 90 46
0 85 46
0 81 46
0 78 46
0 73 46
0 69 46
0 66 46
0 61 46
0 57 46
0 61 46
0 66 46
0 69 46
0 73 46
0 78 46
0 81 46
0 85 46
0 90 46
0 93 46
0 91 46
0 88 46
0 81 46
0 79 46
0 76 46
0 69 46
0 67 46
0 64 46
0 57 46
0 64 46
0 67 46
0 69 46
0 76 46
0 79 46
0 81 46
0 85 46
0 88 46
0 93 46
0 89 46
0 86 46
0 81 46
0 77 46
0 74 46
0 69 46
0 65 46
0 62 46
0 91 46
0 89 46
0 86 46
0 79 46
0 77 46
0 74 46
0 67 46
0 65 46
0 62 46
0 91 46
0 88 46
0 84 46
0 79 46
0 76 46
0 72 46
0 67 46
0 64 46
0 60 46
0 96 46
0 93 46
0 88 46
0 84 46
0 81 46
0 76 46
0 72 46
0 69 46
0 64 46
0 93 46
0 86 46
0 84 46
0 81 46
0 74 46
0 72 46
0 69 46
0 62 46
0 60 46
0 91 46
0 86 46
0 83 46
0 79 46
0 74 46
0 71 46
0 67 46
0 62 46
0 59 46
0 75 207
0 75 65
3 75 138
0 75 207
0 75 65
3 75 138
0 75 207
0 75 65
3 75 138
0 75 207
0 75 65
3 75 138
0 75 131
6 78 131
6 75 131
6 75 131
6 75 131
6 75 131
6 87 131
6 78 131
6 87 131
6 87 131
6 87 131
6 87 131
6 79 138
692 91 138
