1091 74 77
77 72 155
0 71 77
77 71 77
77 71 77
77 71 155
0 72 77
233 75 77
77 72 155
0 71 77
77 71 77
77 71 77
77 71 155
0 72 77
233 75 155
0 72 155
0 70 77
77 70 77
77 70 77
77 72 155
0 70 77
77 70 77
77 70 77
77 72 77
0 70 77
0 69 77
0 70 77
0 72 77
77 74 77
77 70 155
935 86 77
77 84 155
0 83 77
77 83 77
77 83 77
77 83 155
0 84 77
233 87 77
77 84 155
0 83 77
77 83 77
77 83 77
77 83 155
0 84 77
233 87 155
0 84 155
0 82 77
77 82 77
77 82 77
77 84 155
0 82 77
77 82 77
77 82 77
77 84 77
0 82 77
0 81 77
0 82 77
0 84 77
77 86 77
77 82 311
155 74 77
77 79 311
0 75 311
0 72 311
0 74 77
77 75 77
77 77 77
0 79 77
0 77 77
0 75 77
0 74 77
0 75 77
0 74 77
0 72 77
0 70 467
0 70 77
77 75 311
0 72 311
0 69 311
0 74 77
77 60 77
77 60 155
0 58 77
77 69 77
77 55 77
77 70 155
0 69 77
77 55 77
77 66 77
77 55 155
155 74 467
0 63 77
77 74 77
77 72 77
77 60 155
0 70 77
77 57 77
77 55 77
77 68 311
0 54 311
0 55 155
935 74 77
77 72 155
0 71 77
77 71 77
77 71 77
77 71 77
0 72 77
0 79 155
0 77 77
0 75 77
0 74 77
0 72 77
0 72 155
0 71 77
77 71 77
77 71 77
77 71 155
0 72 77
233 75 155
0 72 155
0 70 77
77 70 77
77 70 77
77 72 155
0 70 77
77 70 77
77 70 77
77 72 77
0 70 77
0 69 77
0 70 77
0 72 77
77 74 77
77 70 311
155 74 77
77 79 311
0 75 311
0 72 311
0 74 77
77 75 77
77 77 77
0 79 77
0 77 77
0 75 77
0 74 77
0 75 77
0 74 77
0 72 77
0 70 467
0 70 77
77 75 311
0 72 311
0 68 311
0 70 155
0 72 155
0 75 311
0 73 155
0 72 155
0 70 311
0 72 77
77 73 77
77 75 77
0 77 77
0 75 77
0 73 77
0 72 77
0 73 77
0 72 77
0 70 77
0 68 311
0 70 77
77 72 77
77 75 155
0 73 77
77 73 77
0 75 77
0 73 77
0 72 77
0 70 155
0 75 77
77 77 77
77 79 77
77 80 623
0 84 467
0 80 155
0 80 311
0 67 623
0 67 311
0 67 311
0 77 311
0 70 467
0 81 155
0 69 155
0 79 155
0 75 311
0 86 311
0 72 311
0 82 155
155 74 77
25 74 77
25 74 77
25 74 77
25 74 77
25 74 77
25 74 77
0 72 77
0 74 77
0 75 77
0 74 155
935 86 77
77 84 155
0 83 77
77 83 77
77 83 77
77 83 77
0 84 77
0 91 155
0 89 77
0 87 77
0 86 77
0 84 77
0 84 155
0 83 77
77 83 77
77 83 77
77 83 155
0 84 77
233 87 155
0 84 155
0 82 77
77 82 77
77 82 77
77 84 155
0 82 77
77 82 77
77 82 77
77 79 77
0 77 77
0 76 77
0 77 77
0 75 77
77 72 77
77 70 77
77 74 77
77 77 77
77 82 77
77 86 155
0 84 77
77 84 77
77 84 77
77 79 77
0 77 77
0 76 77
0 77 77
0 72 77
77 69 77
77 86 155
0 84 77
77 84 77
77 84 77
77 79 77
0 77 77
0 76 77
0 77 77
0 72 77
77 69 77
77 81 155
0 79 77
77 79 77
77 79 77
77 86 77
0 84 77
0 83 77
0 84 77
0 79 77
77 76 77
77 81 155
0 79 77
77 79 77
77 79 77
77 86 77
0 84 77
0 83 77
0 84 77
0 79 77
77 76 77
77 74 77
0 72 77
0 71 77
0 72 77
0 67 77
77 64 77
1481 67 77
77 64 77
77 64 77
77 72 154
0 65 77
0 69 77
0 77 154
0 65 77
0 69 77
0 72 77
0 69 77
0 64 77
0 69 77
0 70 77
0 65 77
0 62 77
0 65 77
0 69 77
0 65 77
0 62 77
0 65 77
0 69 77
0 65 77
0 60 77
0 65 77
0 69 77
0 64 77
0 60 77
0 64 77
0 67 77
0 64 77
0 58 77
0 64 77
0 67 77
0 62 77
0 58 77
0 62 77
0 65 77
0 62 77
0 57 77
0 62 77
0 64 77
0 61 77
0 57 77
0 61 77
0 67 154
0 57 77
0 64 77
0 67 154
0 57 77
0 64 77
0 65 154
0 57 77
0 62 77
0 64 311
0 62 311
779 64 77
77 64 77
77 64 77
77 72 154
0 65 77
0 69 77
0 77 154
0 65 77
0 69 77
0 72 77
0 69 77
0 64 77
0 69 77
0 70 77
0 65 77
0 62 77
0 65 77
0 69 77
0 65 77
0 62 77
0 65 77
0 69 77
0 65 77
0 60 77
0 65 77
0 69 77
0 64 77
0 60 77
0 64 77
0 67 77
0 64 77
0 58 77
0 64 77
0 67 77
0 62 77
0 58 77
0 62 77
0 65 77
0 62 77
0 57 77
0 62 77
0 64 77
0 61 77
0 57 77
0 61 77
0 67 154
0 57 77
0 64 77
0 67 154
0 57 77
0 64 77
0 66 154
0 57 77
0 62 77
0 64 154
0 59 77
0 62 77
0 66 154
0 57 77
0 61 77
0 62 154
0 54 77
0 57 77
0 64 154
0 55 77
0 59 77
0 66 154
0 57 77
0 60 77
0 66 154
0 57 77
0 60 77
0 66 154
0 57 77
0 60 77
0 67 154
0 59 77
0 62 77
0 66 154
0 57 77
0 62 77
0 64 154
0 57 77
0 61 77
0 66 154
0 60 77
0 62 77
0 67 154
0 60 77
0 64 77
0 69 154
0 60 77
0 66 77
0 69 154
0 60 77
0 66 77
0 69 154
0 60 77
0 66 77
0 71 154
0 59 77
0 67 77
0 69 154
0 62 77
0 66 77
0 69 154
0 61 77
0 64 77
0 69 154
0 62 77
0 66 77
0 74 154
0 62 77
0 69 77
0 73 154
0 64 77
0 69 77
0 76 154
0 64 77
0 69 77
0 69 154
0 62 77
0 66 77
0 71 154
0 62 77
0 67 77
0 69 154
0 64 77
0 67 77
0 69 154
0 61 77
0 67 77
0 69 154
0 62 77
0 66 77
0 74 154
0 62 77
0 69 77
0 73 154
0 64 77
0 69 77
0 76 154
0 64 77
0 69 77
0 69 154
0 62 77
0 66 77
0 70 154
0 62 77
0 67 77
0 69 154
0 64 77
0 67 77
0 69 154
0 61 77
0 67 77
0 69 154
0 62 77
0 66 77
0 70 154
0 62 77
0 67 77
0 69 154
0 64 77
0 67 77
0 69 154
0 61 77
0 67 77
0 69 154
0 62 77
0 65 77
0 69 154
0 60 77
0 65 77
0 69 154
0 60 77
0 64 77
0 67 154
0 60 77
0 64 77
0 67 154
0 60 77
0 63 77
0 67 154
0 58 77
0 63 77
0 67 154
0 58 77
0 62 77
0 65 154
0 58 77
0 62 77
0 65 154
0 58 77
0 62 77
0 65 154
0 57 77
0 62 77
0 65 154
0 57 77
0 60 77
0 64 154
0 57 77
0 60 77
0 64 154
0 57 77
0 60 77
0 72 154
0 64 77
0 67 77
0 72 154
0 65 77
0 69 77
0 72 154
0 64 77
0 70 77
0 72 154
0 65 77
0 69 77
0 77 154
0 65 77
0 69 77
0 72 77
0 69 77
0 64 77
0 69 77
0 70 77
0 65 77
0 62 77
0 65 77
0 69 77
0 65 77
0 62 77
0 65 77
0 69 77
0 65 77
0 60 77
0 65 77
0 69 77
0 64 77
0 60 77
0 64 77
0 67 77
0 64 77
0 58 77
0 64 77
0 67 77
0 62 77
0 58 77
0 62 77
0 65 77
0 62 77
0 57 77
0 62 77
0 64 77
0 61 77
0 57 77
0 61 77
0 67 154
0 57 77
0 64 77
0 67 154
0 57 77
0 64 77
0 65 154
0 57 77
0 62 77
0 67 154
0 62 77
0 65 77
0 69 154
0 60 77
0 64 77
0 65 154
0 57 77
0 60 77
0 67 154
0 58 77
0 62 77
0 69 154
0 60 77
0 63 77
0 69 154
0 60 77
0 63 77
0 69 154
0 60 77
0 63 77
0 70 154
0 62 77
0 65 77
0 69 154
0 60 77
0 65 77
0 67 154
0 60 77
0 64 77
0 69 154
0 63 77
0 65 77
0 70 154
0 63 77
0 67 77
0 72 154
0 63 77
0 69 77
0 72 154
0 63 77
0 69 77
0 72 154
0 63 77
0 69 77
0 74 154
0 62 77
0 70 77
0 72 154
0 65 77
0 69 77
0 72 154
0 64 77
0 67 77
0 72 154
0 65 77
0 69 77
0 77 154
0 65 77
0 72 77
0 76 154
0 67 77
0 72 77
0 79 154
0 67 77
0 72 77
0 72 154
0 65 77
0 69 77
0 74 154
0 65 77
0 70 77
0 72 154
0 67 77
0 70 77
0 72 154
0 64 77
0 70 77
0 72 154
0 65 77
0 69 77
0 77 154
0 65 77
0 72 77
0 76 154
0 67 77
0 72 77
0 79 154
0 67 77
0 72 77
0 72 154
0 65 77
0 69 77
0 73 154
0 65 77
0 70 77
0 72 154
0 67 77
0 70 77
0 72 154
0 64 77
0 70 77
1247 68 545
0 68 74
3 68 233
0 68 74
3 68 233
0 68 74
3 65 233
0 65 74
3 60 233
0 60 74
3 56 233
0 56 74
3 56 233
0 56 77
0 58 77
77 78 89
64 85 12
64 83 12
64 82 12
64 80 12
64 78 12
64 77 12
64 75 12
64 73 12
64 71 12
64 70 12
64 68 12
64 66 12
64 68 12
64 65 12
64 66 12
64 70 12
64 73 12
64 71 12
64 70 12
64 68 12
64 66 12
64 65 12
64 63 12
64 61 12
64 59 12
64 58 12
64 56 12
64 54 12
64 54 64
0 49 155
0 58 311
0 61 311
0 66 77
77 70 77
77 73 77
77 58 155
0 64 311
0 67 311
0 70 77
77 76 77
77 79 77
77 77 545
0 77 77
0 80 233
0 80 77
0 77 233
0 77 77
0 73 233
0 73 77
0 68 233
0 68 77
0 69 233
0 69 77
0 65 233
0 65 77
0 70 545
0 82 77
0 85 233
0 85 77
0 82 233
0 82 77
0 78 233
0 78 77
0 77 233
0 77 77
0 76 233
0 76 77
0 84 233
0 84 77
0 77 545
0 77 77
0 80 233
0 80 77
0 77 233
0 77 77
0 73 233
0 73 77
0 68 233
0 68 77
0 72 233
0 72 77
0 68 233
0 68 77
0 73 545
0 73 77
0 77 233
0 77 77
0 73 233
0 73 77
0 72 233
0 72 77
0 70 233
0 70 77
0 72 233
0 72 77
0 72 233
0 72 77
0 72 233
0 72 77
0 72 233
0 72 77
0 77 311
233 77 77
0 81 233
0 81 77
0 77 233
0 77 77
0 72 233
0 72 77
0 69 233
0 69 77
0 70 233
0 70 77
0 67 233
0 67 77
0 72 233
0 77 77
0 72 155
77 77 77
0 81 233
0 81 77
0 84 233
0 84 77
0 89 233
0 89 77
0 91 233
0 91 77
0 93 233
0 93 77
0 96 233
0 96 77
0 93 155
389 77 77
0 81 233
0 81 77
0 77 233
0 77 77
0 72 233
0 72 77
0 69 233
0 69 77
0 72 233
0 72 77
0 70 233
0 70 77
0 69 233
0 77 77
0 72 155
77 77 77
0 81 233
0 81 77
0 84 233
0 84 77
0 89 233
0 89 77
0 91 233
0 91 77
0 93 233
0 93 77
0 96 233
0 96 77
0 101 155
389 88 77
0 89 233
0 89 77
0 87 233
0 87 77
0 84 233
0 84 77
0 81 233
0 81 77
0 84 233
0 84 77
0 85 233
0 85 77
0 86 233
0 86 77
0 86 233
0 86 77
0 86 233
0 86 77
0 86 233
0 86 77
0 86 155
389 74 58
19 75 155
0 74 155
0 74 77
77 74 77
77 74 155
389 93 77
0 94 233
0 94 77
0 92 233
0 92 77
0 89 233
0 89 77
0 86 233
0 86 77
0 89 233
0 89 77
0 90 233
0 90 77
0 91 233
0 91 77
0 91 233
0 91 77
0 91 233
0 91 77
0 91 233
0 91 77
0 91 155
389 79 58
19 80 155
0 79 77
77 79 77
77 79 77
77 79 155
389 94 58
19 92 155
0 91 77
77 91 77
77 91 77
77 91 155
389 67 58
19 68 155
0 67 77
77 67 77
77 67 77
77 67 155
389 82 58
19 80 155
0 79 77
77 79 77
77 79 77
77 80 155
0 79 77
77 79 77
77 79 77
77 79 155
1013 74 58
19 72 155
0 71 77
77 71 77
77 71 77
77 71 155
0 72 77
311 75 58
19 72 155
0 71 77
77 71 77
77 71 77
77 71 155
0 72 77
311 75 58
19 72 155
0 70 77
77 70 77
77 70 77
77 72 155
0 70 77
77 70 77
77 70 77
77 72 77
0 70 77
0 69 77
0 70 77
0 72 77
77 74 77
77 70 155
1013 86 58
19 84 155
0 83 77
77 83 77
77 83 77
77 83 155
0 84 77
311 87 58
19 84 155
0 83 77
77 83 77
77 83 77
77 83 155
0 84 77
311 87 58
19 84 155
0 82 77
77 82 77
77 82 77
77 84 155
0 82 77
77 82 77
77 82 77
77 84 77
0 82 77
0 81 77
0 82 77
0 84 77
77 86 77
77 82 155
311 74 77
77 79 311
0 75 311
0 72 311
0 74 77
77 75 77
77 77 77
0 79 77
0 77 77
0 75 77
0 74 77
0 75 77
0 74 77
0 72 77
0 70 467
0 70 77
77 75 311
0 72 311
0 69 311
0 62 77
77 60 77
77 60 155
0 58 77
77 57 77
77 55 77
77 58 155
0 69 77
77 55 77
77 54 77
77 55 155
155 62 467
0 63 77
77 62 77
77 60 77
77 60 155
0 58 77
77 57 77
77 55 77
77 56 311
0 54 311
0 55 155
311 70 77
77 69 155
0 67 77
77 67 77
77 67 77
77 67 155
0 66 77
233 67 77
77 65 155
0 64 77
77 63 77
77 63 77
77 63 155
0 62 77
77 74 311
0 75 311
0 73 311
0 74 311
0 83 103
0 71 103
0 83 103
0 84 103
0 72 103
0 84 103
0 81 103
0 69 103
0 81 103
0 82 103
0 70 103
0 82 103
0 79 103
0 69 103
0 79 103
0 79 103
0 69 103
0 79 103
0 79 103
0 69 103
0 79 103
0 78 311
155 74 155
0 75 311
0 73 311
0 74 311
155 74 155
0 72 155
0 71 77
77 71 77
77 71 77
77 71 155
0 72 77
233 72 155
0 73 311
0 71 311
0 72 311
155 72 155
0 70 155
0 69 77
77 69 77
77 69 77
77 69 155
0 70 77
233 74 155
0 77 103
0 75 103
0 65 103
0 77 103
0 72 103
0 65 103
0 77 103
0 74 103
0 65 103
0 82 103
0 77 103
0 70 103
0 84 103
0 77 103
0 72 103
0 81 103
0 77 103
0 69 103
0 82 103
0 77 103
0 70 103
0 77 103
0 74 103
0 65 103
0 77 103
0 75 103
0 65 103
0 77 103
0 72 103
0 65 103
0 77 103
0 74 103
0 65 103
0 82 103
0 77 103
0 70 103
0 84 103
0 77 103
0 72 103
0 81 103
0 77 103
0 69 103
0 82 103
0 77 103
0 70 103
0 77 103
0 74 103
0 65 103
0 65 155
0 73 77
0 73 77
0 65 77
77 65 77
77 66 155
0 78 155
0 82 103
0 85 103
0 90 103
0 85 103
0 80 103
0 85 103
0 85 103
0 77 103
0 85 103
0 85 103
0 78 103
0 85 103
155 78 77
77 65 155
0 73 77
0 73 77
0 65 77
77 65 77
77 66 155
0 78 155
0 82 103
0 85 103
0 90 103
0 85 103
0 80 103
0 85 103
0 85 103
0 77 103
0 85 103
0 85 103
0 78 103
0 85 103
0 78 103
0 73 103
0 85 103
0 82 103
0 77 103
0 82 103
0 82 103
0 74 103
0 82 103
0 82 103
0 75 103
0 82 103
0 75 103
0 70 103
0 75 103
77 63 77
0 66 77
0 71 77
0 75 77
0 78 77
0 83 77
0 87 77
0 88 311
0 85 311
77 63 77
0 66 77
0 71 77
0 75 77
0 78 77
0 83 77
0 87 77
0 76 311
0 73 311
77 63 77
0 66 77
0 71 77
0 75 77
0 78 77
0 83 77
0 87 77
0 89 155
0 87 77
77 78 77
77 78 77
155 62 77
0 65 77
0 70 77
0 74 77
0 77 77
0 82 77
0 86 77
0 75 311
0 72 311
77 62 77
0 65 77
0 70 77
0 74 77
0 77 77
0 82 77
0 86 77
0 75 311
0 72 311
77 62 77
0 65 77
0 70 77
0 74 77
0 77 77
0 82 77
0 86 77
0 75 311
0 72 311
77 62 77
0 65 77
0 70 77
0 74 77
0 77 77
0 82 77
0 86 77
0 88 155
0 86 77
77 77 77
77 77 77
155 61 77
0 64 77
0 69 77
0 73 77
0 76 77
0 81 77
0 85 77
0 86 155
0 84 77
77 75 77
77 75 77
155 59 77
0 62 77
0 67 77
0 71 77
0 74 77
0 79 77
0 83 77
0 74 311
0 72 311
77 59 77
0 62 77
0 67 77
0 71 77
0 74 77
0 79 77
0 83 77
0 74 311
0 72 311
0 71 155
935 74 77
77 72 155
0 71 77
77 71 77
77 71 77
77 71 77
0 72 77
0 79 155
0 77 77
0 75 77
0 74 77
0 72 77
0 72 155
0 71 77
77 71 77
77 71 77
77 71 155
0 72 77
233 75 155
0 72 155
0 70 77
77 70 77
77 70 77
77 72 155
0 70 77
77 70 77
77 70 77
77 72 77
0 70 77
0 69 77
0 70 77
0 72 77
77 74 77
77 70 155
311 74 77
77 79 311
0 75 311
0 72 311
0 74 77
77 75 77
77 77 77
0 79 77
0 77 77
0 75 77
0 74 77
0 75 77
0 74 77
0 72 77
0 70 467
0 70 77
77 75 311
0 72 311
0 68 311
0 70 77
77 72 77
77 75 311
0 73 155
0 72 155
0 70 311
0 72 77
77 73 77
77 75 77
0 77 77
0 75 77
0 73 77
0 72 77
0 73 77
0 72 77
0 70 77
0 68 311
0 70 77
77 72 77
77 75 155
0 73 77
77 73 77
0 75 77
0 73 77
0 72 77
0 70 155
0 75 77
77 77 77
77 79 77
77 80 623
0 72 467
0 80 155
0 68 311
0 67 623
0 67 311
0 67 155
0 65 155
0 70 623
0 69 311
0 69 155
0 79 155
0 87 311
0 86 311
0 84 311
0 70 155
155 74 77
25 74 77
25 74 77
25 74 77
25 74 77
25 74 77
25 74 77
0 72 77
0 74 77
0 75 77
0 74 155
935 86 77
77 84 155
0 83 77
77 83 77
77 83 77
77 83 77
0 84 77
0 91 155
0 89 77
0 87 77
0 86 77
0 84 77
0 84 155
0 83 77
77 83 77
77 83 77
77 83 155
0 84 77
233 87 155
0 84 155
0 82 77
77 82 77
77 82 77
77 84 155
0 82 77
77 82 77
77 82 77
77 79 77
0 77 77
0 76 77
0 77 77
0 75 77
77 72 77
77 70 77
77 74 77
77 77 77
77 82 77
77 86 155
0 84 77
77 84 77
77 84 77
77 79 77
0 77 77
0 76 77
0 77 77
0 72 77
77 69 77
77 86 155
0 84 77
77 84 77
77 84 77
77 79 77
0 77 77
0 76 77
0 77 77
0 72 77
77 69 77
77 65 77
701 69 77
77 69 77
77 69 77
77 77 154
0 70 77
0 74 77
0 82 154
0 70 77
0 74 77
0 77 77
0 74 77
0 69 77
0 74 77
0 75 77
0 70 77
0 67 77
0 70 77
0 74 77
0 70 77
0 67 77
0 70 77
0 74 77
0 70 77
0 65 77
0 70 77
0 74 77
0 69 77
0 65 77
0 69 77
0 72 77
0 69 77
0 63 77
0 69 77
0 70 77
0 67 77
0 63 77
0 67 77
0 70 77
0 67 77
0 62 77
0 67 77
0 69 77
0 66 77
0 62 77
0 66 77
0 72 154
0 62 77
0 69 77
0 72 154
0 62 77
0 67 77
0 70 154
0 62 77
0 67 77
0 69 311
0 67 311
779 69 77
77 69 77
77 69 77
77 77 154
0 70 77
0 74 77
0 82 154
0 70 77
0 74 77
0 77 77
0 74 77
0 69 77
0 74 77
0 75 77
0 70 77
0 67 77
0 70 77
0 74 77
0 70 77
0 67 77
0 70 77
0 74 77
0 70 77
0 65 77
0 70 77
0 74 77
0 69 77
0 65 77
0 69 77
0 72 77
0 69 77
0 63 77
0 69 77
0 70 77
0 67 77
0 63 77
0 67 77
0 70 77
0 67 77
0 62 77
0 67 77
0 69 77
0 66 77
0 62 77
0 66 77
0 72 154
0 62 77
0 69 77
0 72 154
0 62 77
0 69 77
0 71 154
0 62 77
0 67 77
0 69 154
0 64 77
0 67 77
0 71 154
0 62 77
0 66 77
0 67 154
0 59 77
0 62 77
0 69 154
0 60 77
0 64 77
0 71 154
0 62 77
0 65 77
0 71 154
0 62 77
0 65 77
0 71 154
0 62 77
0 65 77
0 72 154
0 64 77
0 67 77
0 71 154
0 62 77
0 67 77
0 69 154
0 62 77
0 66 77
0 71 154
0 65 77
0 67 77
0 72 154
0 65 77
0 69 77
0 74 154
0 65 77
0 71 77
0 74 154
0 65 77
0 71 77
0 74 154
0 65 77
0 71 77
0 76 154
0 64 77
0 72 77
0 74 154
0 67 77
0 71 77
0 74 154
0 66 77
0 69 77
0 74 154
0 67 77
0 71 77
0 79 154
0 67 77
0 74 77
0 78 154
0 69 77
0 74 77
0 81 154
0 69 77
0 74 77
0 74 154
0 67 77
0 71 77
0 76 154
0 67 77
0 72 77
0 74 154
0 69 77
0 72 77
0 74 154
0 66 77
0 72 77
0 74 154
0 67 77
0 71 77
0 79 154
0 67 77
0 74 77
0 78 154
0 69 77
0 74 77
0 81 154
0 69 77
0 74 77
0 74 154
0 67 77
0 71 77
0 75 154
0 67 77
0 72 77
0 74 154
0 69 77
0 72 77
0 74 154
0 66 77
0 72 77
0 74 154
0 67 77
0 71 77
0 75 154
0 67 77
0 72 77
0 74 154
0 69 77
0 72 77
0 74 154
0 66 77
0 72 77
0 74 154
0 67 77
0 70 77
0 74 154
0 65 77
0 70 77
0 74 154
0 65 77
0 69 77
0 72 154
0 65 77
0 69 77
0 72 154
0 65 77
0 68 77
0 72 154
0 63 77
0 68 77
0 72 154
0 63 77
0 67 77
0 70 154
0 63 77
0 67 77
0 70 154
0 63 77
0 67 77
0 70 154
0 62 77
0 67 77
0 70 154
0 62 77
0 65 77
0 69 154
0 62 77
0 65 77
0 69 154
0 60 77
0 65 77
0 77 154
0 69 77
0 72 77
0 77 154
0 70 77
0 74 77
0 77 154
0 69 77
0 75 77
0 77 154
0 70 77
0 74 77
0 82 154
0 70 77
0 74 77
0 77 77
0 74 77
0 69 77
0 74 77
0 75 77
0 70 77
0 67 77
0 70 77
0 74 77
0 70 77
0 67 77
0 70 77
0 74 77
0 70 77
0 65 77
0 70 77
0 74 77
0 69 77
0 65 77
0 69 77
0 72 77
0 69 77
0 63 77
0 69 77
0 70 77
0 67 77
0 63 77
0 67 77
0 70 77
0 67 77
0 62 77
0 67 77
0 69 77
0 66 77
0 62 77
0 66 77
0 72 154
0 62 77
0 69 77
0 72 154
0 62 77
0 67 77
0 70 154
0 62 77
0 67 77
0 72 154
0 67 77
0 70 77
0 74 154
0 65 77
0 69 77
0 70 154
0 62 77
0 65 77
0 72 154
0 63 77
0 67 77
0 74 154
0 65 77
0 68 77
0 74 154
0 65 77
0 68 77
0 74 154
0 65 77
0 68 77
0 75 154
0 67 77
0 70 77
0 74 154
0 65 77
0 70 77
0 72 154
0 65 77
0 69 77
0 74 154
0 68 77
0 70 77
0 75 154
0 68 77
0 72 77
0 77 154
0 68 77
0 74 77
0 77 154
0 68 77
0 74 77
0 77 154
0 68 77
0 74 77
0 79 154
0 67 77
0 75 77
0 77 154
0 70 77
0 74 77
0 77 154
0 69 77
0 72 77
0 77 154
0 70 77
0 74 77
0 82 154
0 70 77
0 77 77
0 81 154
0 72 77
0 77 77
0 84 154
0 72 77
0 77 77
0 77 154
0 70 77
0 74 77
0 79 154
0 70 77
0 75 77
0 77 154
0 72 77
0 75 77
0 77 154
0 69 77
0 75 77
0 77 154
0 70 77
0 74 77
0 82 154
0 70 77
0 77 77
0 81 154
0 72 77
0 77 77
0 84 154
0 72 77
0 77 77
0 77 154
0 70 77
0 74 77
0 78 154
0 70 77
0 75 77
0 77 154
0 72 77
0 75 77
0 77 154
0 69 77
0 75 77
1247 73 545
0 73 74
3 73 233
0 73 74
3 73 233
0 73 74
3 70 233
0 70 74
3 65 233
0 65 74
3 61 233
0 61 74
3 61 233
0 61 77
0 63 77
77 83 89
64 90 12
64 88 12
64 87 12
64 85 12
64 83 12
64 82 12
64 80 12
64 78 12
64 76 12
64 75 12
64 73 12
64 71 12
64 73 12
64 70 12
64 71 12
64 75 12
64 78 12
64 76 12
64 75 12
64 73 12
64 71 12
64 70 12
64 68 12
64 66 12
64 64 12
64 63 12
64 61 12
64 59 12
64 59 64
0 54 155
0 54 311
0 59 311
0 63 77
77 66 77
77 71 77
77 63 155
0 69 311
0 72 311
0 75 77
77 81 77
77 84 77
77 82 545
0 82 77
0 85 233
0 85 77
0 82 233
0 82 77
0 78 233
0 78 77
0 73 233
0 73 77
0 74 233
0 74 77
0 70 233
0 70 77
0 75 545
0 75 77
0 78 233
0 78 77
0 75 233
0 75 77
0 71 233
0 71 77
0 70 233
0 70 77
0 69 233
0 69 77
0 77 233
0 77 77
0 70 545
0 82 77
0 85 233
0 85 77
0 82 233
0 82 77
0 78 233
0 78 77
0 73 233
0 73 77
0 77 233
0 77 77
0 73 233
0 73 77
0 78 545
0 78 77
0 82 233
0 82 77
0 78 233
0 78 77
0 77 233
0 77 77
0 75 233
0 75 77
0 77 233
0 77 77
0 77 233
0 77 77
0 77 233
0 77 77
0 77 233
0 77 77
0 82 311
233 82 77
0 86 233
0 86 77
0 82 233
0 82 77
0 77 233
0 77 77
0 74 233
0 74 77
0 75 233
0 75 77
0 72 233
0 72 77
0 77 233
0 82 77
0 77 155
77 82 77
0 86 233
0 86 77
0 89 233
0 89 77
0 94 233
0 94 77
0 96 233
0 96 77
0 98 233
0 98 77
0 101 233
0 101 77
0 98 155
389 82 77
0 86 233
0 86 77
0 82 233
0 82 77
0 77 233
0 77 77
0 74 233
0 74 77
0 77 233
0 77 77
0 75 233
0 75 77
0 74 233
0 82 77
0 77 155
77 82 77
0 86 233
0 86 77
0 89 233
0 89 77
0 94 233
0 94 77
0 96 233
0 96 77
0 98 233
0 98 77
0 101 233
0 101 77
0 94 155
389 93 77
0 94 233
0 94 74
3 92 233
0 92 74
3 89 233
0 89 74
3 86 233
0 86 77
0 89 233
0 89 77
0 90 233
0 90 77
0 91 233
0 91 74
3 91 233
0 91 74
3 91 233
0 91 74
3 91 233
0 91 74
3 91 155
389 79 58
19 80 155
0 79 77
77 79 77
77 79 77
77 79 155
389 94 58
19 92 155
0 91 77
73 91 73
73 91 73
73 91 147
368 67 55
18 68 147
0 67 73
73 67 73
73 67 73
73 67 147
368 82 55
18 80 147
0 79 73
73 79 73
73 79 73
73 80 147
0 79 73
73 79 73
73 79 73
73 79 147
884 74 147
0 72 147
0 71 73
73 71 73
73 71 73
73 71 147
0 72 73
221 75 147
0 72 147
0 71 73
73 71 73
73 71 73
73 71 147
0 72 73
1400 75 147
0 72 147
0 71 73
73 71 73
73 71 73
73 71 147
0 72 73
221 75 147
0 72 147
0 71 73
73 71 73
73 71 73
73 71 147
0 72 73
1400 75 147
0 72 147
0 71 73
73 71 73
73 71 73
73 71 147
0 72 73
221 75 147
0 72 147
0 71 73
73 71 73
73 71 73
73 71 147
0 72 73
73 72 147
0 79 147
0 79 147
0 77 147
0 77 147
0 74 147
0 71 147
0 72 73
73 72 147
0 79 147
0 79 147
0 77 147
0 77 147
0 74 147
0 71 147
0 72 147
0 75 147
0 69 147
442 86 147
0 84 147
0 82 73
73 82 73
73 70 73
73 67 147
0 65 73
73 65 73
73 65 73
73 65 147
0 62 73
73 62 73
73 62 73
73 60 147
0 58 73
73 58 73
73 58 73
73 57 147
0 55 73
73 55 73
73 55 73
73 69 147
0 67 73
73 67 73
73 67 73
73 81 147
0 79 73
73 79 73
73 79 73
73 78 147
0 79 73
73 79 73
73 79 73
73 79 294
884 81 294
884 82 294
147 86 147
0 84 147
0 82 73
0 82 73
0 82 73
73 74 73
73 75 147
0 77 73
73 69 73
73 69 73
73 70 147
0 74 73
0 74 73
0 64 73
73 64 73
73 65 147
0 70 73
0 70 73
0 62 73
73 62 73
73 63 147
0 65 73
0 65 73
0 57 73
73 57 73
73 63 147
0 65 73
0 65 73
0 57 73
73 57 73
73 63 147
0 65 73
0 65 73
0 57 73
73 65 73
73 57 147
0 65 73
0 65 73
0 70 147
0 69 73
0 69 73
0 74 147
0 72 73
0 72 73
0 69 147
0 77 73
0 77 73
0 77 147
0 81 73
0 81 73
0 75 147
0 84 73
0 84 73
0 81 147
0 89 73
0 89 73
0 87 147
0 93 73
0 93 73
0 94 294
294 98 294
294 58 294
