802 63 397
4 68 397
4 68 601
0 70 200
0 61 397
4 61 601
0 70 198
0 70 1
0 70 397
4 63 397
4 63 397
4 63 802
0 63 397
4 72 397
4 63 601
0 61 200
0 63 397
4 58 601
0 72 200
0 58 397
4 63 397
4 75 300
0 73 100
0 68 802
0 75 397
4 75 397
4 75 601
0 82 200
0 73 397
4 79 601
0 82 200
0 82 397
4 80 397
4 73 397
4 75 802
0 75 397
4 84 397
4 75 601
0 85 200
0 72 397
4 76 601
0 84 200
0 72 397
4 80 133
0 82 66
0 80 66
0 79 66
0 80 62
0 80 4
0 73 300
0 82 100
0 80 802
0 63 397
4 60 397
4 68 601
0 70 200
0 61 397
4 67 601
0 70 198
0 70 1
0 70 397
4 63 397
4 63 397
4 72 802
0 63 397
4 60 397
4 63 601
0 63 200
0 60 397
4 70 601
0 72 200
0 58 397
4 56 397
4 70 300
0 73 100
0 63 802
0 75 397
4 80 397
4 72 601
0 82 200
0 73 397
4 73 601
0 82 198
0 82 1
0 82 397
4 75 397
4 75 397
4 75 802
0 75 397
4 72 397
4 75 601
0 85 200
0 84 397
4 82 601
0 84 200
0 77 401
0 80 133
0 82 66
0 80 66
0 79 66
0 80 66
0 73 300
0 82 100
0 72 802
200 63 198
1 63 397
4 68 595
5 63 198
1 63 397
4 60 595
5 65 200
0 65 300
100 61 300
100 63 300
100 72 1002
0 77 198
1 65 397
4 68 595
5 73 198
1 65 397
4 65 595
5 65 198
1 68 300
100 66 300
100 66 300
100 77 802
100 77 200
0 78 198
1 78 1203
0 76 401
0 75 401
0 73 200
0 61 100
100 68 1002
0 70 50
0 68 50
0 67 50
0 68 50
0 68 400
0 70 401
0 68 401
0 60 397
4 63 802
0 55 397
4 63 397
4 63 4
0 63 397
4 68 397
4 68 601
0 70 200
0 63 397
4 61 601
0 70 198
0 70 1
0 70 397
4 63 397
4 63 397
4 63 802
0 63 397
4 63 397
4 72 601
0 61 198
1 70 397
4 60 601
0 61 198
1 61 401
0 68 401
0 67 361
40 60 802
0 75 397
4 80 397
4 80 601
0 82 198
0 82 1
0 80 397
4 75 601
0 82 198
0 82 1
0 82 397
4 80 397
4 82 397
4 75 802
0 75 397
4 75 397
4 72 601
0 82 198
1 70 397
4 81 595
5 82 198
1 70 397
4 80 397
4 79 361
40 68 802
200 75 198
1 63 397
4 63 595
5 60 198
1 60 397
4 72 595
5 68 198
1 60 300
100 63 300
100 61 300
100 72 1002
0 68 198
1 68 397
4 65 595
5 65 198
1 65 397
4 73 595
5 65 198
1 68 300
100 73 300
100 78 300
100 65 1002
0 73 198
1 78 1203
0 76 401
0 75 401
0 73 200
0 61 100
100 61 1002
0 70 50
0 68 50
0 67 50
0 68 50
0 68 400
0 70 401
0 68 401
0 56 397
4 63 802
0 61 397
4 63 397
4 63 4
0 63 397
4 60 397
4 60 601
0 70 200
0 63 397
4 67 601
0 70 200
0 70 397
4 63 397
4 61 397
4 63 802
0 63 397
4 72 397
4 60 601
0 70 198
1 58 397
4 69 601
0 61 198
1 61 397
4 60 397
4 58 361
40 56 802
0 75 397
4 75 397
4 72 601
0 82 200
0 75 397
4 73 601
0 82 198
0 82 1
0 82 397
4 75 397
4 75 397
4 84 802
0 75 397
4 72 397
4 84 601
0 70 198
1 82 397
4 72 601
0 73 198
1 82 401
0 80 401
0 70 361
40 72 802
0 56 401
0 53 133
0 56 133
0 61 133
0 65 133
0 61 133
0 56 133
0 53 133
0 56 133
0 61 133
0 56 133
0 61 133
0 65 133
0 68 133
0 65 133
0 61 133
0 56 133
0 61 133
0 65 133
0 62 133
0 65 133
0 68 133
0 63 133
0 66 133
0 68 133
0 63 133
0 66 133
0 69 133
0 60 133
0 66 133
0 70 133
0 60 133
0 65 133
0 68 133
0 60 133
0 63 133
0 66 133
0 65 133
0 68 133
0 73 133
0 77 133
0 73 133
0 68 133
0 65 133
0 68 133
0 73 133
0 68 133
0 73 133
0 77 133
0 80 133
0 77 133
0 73 133
0 68 133
0 73 133
0 77 133
0 74 133
0 77 133
0 80 133
0 75 133
0 78 133
0 80 133
0 75 133
0 78 133
0 81 133
0 72 133
0 78 133
0 82 133
0 72 133
0 77 133
0 80 133
0 72 133
0 75 133
0 78 133
0 72 133
0 75 133
0 77 133
0 70 133
0 73 133
0 77 133
0 68 133
0 72 133
0 77 133
0 68 133
0 70 133
0 77 133
0 66 133
0 70 133
0 75 133
0 65 133
0 70 133
0 73 133
0 63 133
0 68 133
0 72 133
0 65 133
0 68 133
0 73 133
0 66 133
0 68 133
0 75 133
0 65 133
0 68 133
0 73 133
0 68 133
0 65 133
0 61 133
0 65 133
0 61 133
0 56 133
0 53 133
0 56 133
0 61 133
0 65 133
0 61 133
0 56 133
0 53 133
0 56 133
0 61 133
0 56 133
0 61 133
0 65 133
0 68 133
0 65 133
0 61 133
0 56 133
0 61 133
0 65 133
0 62 133
0 65 133
0 68 133
0 63 133
0 66 133
0 68 133
0 63 133
0 66 133
0 69 133
0 60 133
0 66 133
0 70 133
0 60 133
0 65 133
0 68 133
0 60 133
0 63 133
0 66 133
0 65 133
0 68 133
0 73 133
0 77 133
0 73 133
0 68 133
0 65 133
0 68 133
0 73 133
0 68 133
0 73 133
0 77 133
0 80 133
0 77 133
0 73 133
0 68 133
0 73 133
0 77 133
0 74 133
0 77 133
0 80 133
0 75 133
0 78 133
0 80 133
0 75 133
0 78 133
0 81 133
0 72 133
0 78 133
0 82 133
0 72 133
0 77 133
0 80 133
0 72 133
0 75 133
0 78 133
0 72 133
0 75 133
0 77 133
0 70 133
0 73 133
0 77 133
0 68 133
0 72 133
0 77 133
0 68 133
0 70 133
0 77 133
0 66 133
0 70 133
0 75 133
0 65 133
0 70 133
0 73 133
0 63 133
0 68 133
0 72 133
0 65 133
0 68 133
0 73 133
0 66 133
0 68 133
0 75 133
0 65 133
0 68 133
0 73 133
0 68 133
0 65 133
0 61 133
0 65 133
0 61 133
0 56 133
0 52 133
0 56 133
0 61 133
0 64 133
0 61 133
0 56 133
0 52 133
0 56 133
0 61 133
0 56 133
0 61 133
0 64 133
0 68 133
0 64 133
0 61 133
0 56 133
0 61 133
0 64 133
0 62 133
0 65 133
0 68 133
0 63 133
0 66 133
0 68 133
0 62 133
0 65 133
0 68 133
0 63 133
0 66 133
0 69 133
0 60 133
0 64 133
0 68 133
0 60 133
0 63 133
0 66 133
0 64 133
0 68 133
0 73 133
0 76 133
0 73 133
0 68 133
0 64 133
0 68 133
0 73 133
0 68 133
0 73 133
0 76 133
0 80 133
0 76 133
0 73 133
0 68 133
0 73 133
0 76 133
0 75 133
0 78 133
0 80 133
0 75 133
0 78 133
0 82 133
0 75 133
0 78 133
0 84 133
0 73 133
0 76 133
0 85 133
0 75 133
0 78 133
0 87 133
0 76 133
0 80 133
0 88 133
0 78 133
0 81 133
0 90 133
0 80 133
0 83 133
0 92 133
0 81 133
0 85 133
0 93 133
0 80 133
0 88 133
0 92 133
0 81 133
0 90 133
0 93 133
0 83 133
0 92 133
0 95 133
0 85 133
0 88 133
0 93 133
0 97 133
0 93 133
0 88 133
0 93 133
0 88 133
0 85 133
0 81 133
0 85 133
0 88 133
0 93 133
0 88 133
0 85 133
0 88 133
0 85 133
0 81 133
0 73 133
0 76 133
0 81 133
0 85 133
0 81 133
0 76 133
0 81 133
0 76 133
0 73 133
0 69 133
0 73 133
0 76 133
0 81 133
0 76 133
0 73 133
0 76 133
0 73 133
0 69 133
0 76 133
0 73 133
0 69 133
0 73 133
0 69 133
0 64 133
0 69 133
0 64 133
0 61 133
0 69 133
0 64 133
0 61 133
0 64 133
0 61 133
0 57 133
0 61 133
0 57 133
0 52 133
0 49 133
0 52 133
0 57 133
0 61 133
0 57 133
0 52 133
0 49 133
0 52 133
0 57 133
0 49 133
0 54 133
0 57 133
0 61 133
0 57 133
0 54 133
0 49 133
0 54 133
0 57 133
0 49 133
0 53 133
0 56 133
0 61 133
0 56 133
0 53 133
0 49 133
0 53 133
0 56 133
0 51 133
0 54 133
0 56 133
0 60 133
0 56 133
0 54 133
0 51 133
0 54 133
0 56 133
0 53 133
0 56 133
0 61 133
0 65 133
0 61 133
0 56 133
0 53 133
0 56 133
0 61 133
0 56 133
0 61 133
0 65 133
0 68 133
0 65 133
0 61 133
0 56 133
0 61 133
0 65 133
0 62 133
0 65 133
0 68 133
0 63 133
0 66 133
0 68 133
0 63 133
0 66 133
0 69 133
0 60 133
0 66 133
0 70 133
0 60 133
0 65 133
0 68 133
0 60 133
0 63 133
0 66 133
0 65 133
0 68 133
0 73 133
0 77 133
0 73 133
0 68 133
0 65 133
0 68 133
0 73 133
0 68 133
0 73 133
0 77 133
0 80 133
0 77 133
0 73 133
0 68 133
0 73 133
0 77 133
0 74 133
0 77 133
0 80 133
0 75 133
0 78 133
0 80 133
0 75 133
0 78 133
0 81 133
0 72 133
0 78 133
0 82 133
0 72 133
0 77 133
0 80 133
0 72 133
0 75 133
0 78 133
0 72 133
0 75 133
0 77 133
0 70 133
0 73 133
0 77 133
0 68 133
0 72 133
0 77 133
0 68 133
0 70 133
0 77 133
0 66 133
0 70 133
0 75 133
0 65 133
0 70 133
0 73 133
0 63 133
0 68 133
0 72 133
0 65 133
0 68 133
0 73 133
0 66 133
0 68 133
0 75 133
0 65 133
0 68 133
0 73 133
0 68 133
0 65 133
0 61 133
0 65 133
0 61 133
0 56 133
0 52 133
0 56 133
0 61 133
0 64 133
0 61 133
0 56 133
0 52 133
0 56 133
0 61 133
0 56 133
0 61 133
0 64 133
0 68 133
0 64 133
0 61 133
0 56 133
0 61 133
0 64 133
0 62 133
0 65 133
0 68 133
0 63 133
0 66 133
0 68 133
0 62 133
0 65 133
0 68 133
0 63 133
0 66 133
0 69 133
0 60 133
0 64 133
0 68 133
0 60 133
0 63 133
0 66 133
0 64 133
0 68 133
0 73 133
0 76 133
0 73 133
0 68 133
0 64 133
0 68 133
0 73 133
0 68 133
0 73 133
0 76 133
0 80 133
0 76 133
0 73 133
0 68 133
0 73 133
0 76 133
0 75 133
0 78 133
0 80 133
0 75 133
0 78 133
0 82 133
0 75 133
0 78 133
0 84 133
0 73 133
0 76 133
0 85 133
0 75 133
0 78 133
0 87 133
0 76 133
0 80 133
0 88 133
0 78 133
0 81 133
0 90 133
0 80 133
0 83 133
0 92 133
0 81 133
0 85 133
0 93 133
0 80 133
0 88 133
0 92 133
0 81 133
0 90 133
0 93 133
0 83 133
0 92 133
0 95 133
0 85 133
0 88 133
0 93 133
0 97 133
0 93 133
0 88 133
0 93 133
0 88 133
0 85 133
0 81 133
0 85 133
0 88 133
0 93 133
0 88 133
0 85 133
0 88 133
0 85 133
0 81 133
0 73 133
0 76 133
0 81 133
0 85 133
0 81 133
0 76 133
0 81 133
0 76 133
0 73 133
0 69 133
0 73 133
0 76 133
0 81 133
0 76 133
0 73 133
0 76 133
0 73 133
0 69 133
0 76 133
0 73 133
0 69 133
0 73 133
0 69 133
0 64 133
0 69 133
0 64 133
0 61 133
0 69 133
0 64 133
0 61 133
0 64 133
0 61 133
0 57 133
0 61 133
0 57 133
0 52 133
0 49 133
0 52 133
0 57 133
0 61 133
0 57 133
0 52 133
0 49 133
0 52 133
0 57 133
0 49 133
0 54 133
0 57 133
0 61 133
0 57 133
0 54 133
0 49 133
0 54 133
0 57 133
0 49 133
0 53 133
0 56 133
0 61 133
0 56 133
0 53 133
0 49 133
0 53 133
0 56 133
0 51 133
0 54 133
0 56 133
0 60 133
0 56 133
0 54 133
0 51 133
0 54 133
0 56 133
0 53 133
0 56 133
0 61 133
0 65 133
0 61 133
0 56 133
0 53 133
0 56 133
0 61 133
0 56 133
0 61 133
0 65 133
0 68 133
0 65 133
0 61 133
0 56 133
0 61 133
0 65 133
0 62 133
0 65 133
0 68 133
0 63 133
0 66 133
0 68 133
0 63 133
0 66 133
0 69 133
0 60 133
0 66 133
0 70 133
0 60 133
0 65 133
0 68 133
0 60 133
0 63 133
0 66 133
0 65 133
0 68 133
0 73 133
0 77 133
0 73 133
0 68 133
0 65 133
0 68 133
0 73 133
0 68 133
0 73 133
0 77 133
0 80 133
0 77 133
0 73 133
0 68 133
0 73 133
0 77 133
0 74 133
0 77 133
0 80 133
0 75 133
0 78 133
0 80 133
0 75 133
0 78 133
0 81 133
0 72 133
0 78 133
0 82 133
0 72 133
0 77 133
0 80 133
0 72 133
0 75 133
0 78 133
0 72 133
0 75 133
0 77 133
0 70 133
0 73 133
0 77 133
0 68 133
0 72 133
0 77 133
0 68 133
0 70 133
0 77 133
0 66 133
0 70 133
0 75 133
0 65 133
0 70 133
0 73 133
0 63 133
0 68 133
0 72 133
0 65 133
0 68 133
0 73 133
0 66 133
0 68 133
0 75 133
0 65 133
0 68 133
0 73 133
0 68 133
0 65 133
0 61 133
0 65 133
0 61 133
0 56 133
0 53 133
0 56 133
0 61 133
0 65 133
0 61 133
0 56 133
0 53 133
0 56 133
0 61 133
0 53 133
0 56 133
0 61 133
0 65 133
0 61 133
0 56 133
0 53 133
0 56 133
0 61 133
0 52 133
0 56 133
0 61 133
0 64 133
0 61 133
0 56 133
0 52 133
0 56 133
0 61 133
0 52 133
0 58 133
0 61 133
0 64 133
0 61 133
0 58 133
0 52 133
0 58 133
0 61 133
0 51 133
0 58 133
0 61 133
0 63 133
0 61 133
0 58 133
0 51 133
0 58 133
0 61 133
0 51 133
0 58 133
0 61 133
0 63 133
0 61 133
0 58 133
0 51 133
0 58 133
0 61 133
0 63 397
4 63 397
4 63 397
4 63 397
4 63 397
4 63 397
4 68 397
4 63 601
0 70 200
0 61 397
4 63 601
0 70 198
0 70 1
0 70 397
4 63 397
4 61 397
4 72 802
0 63 397
4 72 397
4 63 601
0 61 198
1 72 397
4 70 601
0 60 198
1 70 397
4 68 397
4 70 300
0 73 100
0 63 802
0 75 397
4 75 397
4 75 601
0 82 200
0 73 397
4 79 601
0 82 200
0 82 397
4 75 397
4 73 397
4 75 802
0 75 397
4 84 397
4 72 601
0 85 200
0 72 397
4 76 601
0 84 200
0 72 397
4 72 133
0 82 66
0 80 66
0 79 66
0 80 62
0 80 4
0 73 300
0 82 100
0 72 802
200 75 198
1 75 397
4 68 595
5 60 198
1 72 397
4 63 595
5 65 198
1 65 300
100 61 300
100 61 300
100 60 1002
0 77 198
1 65 397
4 68 595
5 68 198
1 68 397
4 68 595
5 68 198
1 65 300
100 69 300
100 69 300
100 68 1002
0 66 198
1 73 1203
0 76 401
0 75 401
0 73 200
0 61 100
100 61 1002
0 70 50
0 68 50
0 67 50
0 68 50
0 68 400
0 70 401
0 68 401
0 60 397
4 63 802
0 55 397
4 63 397
4 63 4
0 63 397
4 60 397
4 68 601
0 70 200
0 61 397
4 67 601
0 70 200
0 70 397
4 68 397
4 63 397
4 60 802
0 63 397
4 63 397
4 72 601
0 61 198
1 58 397
4 60 601
0 58 198
1 70 401
0 56 401
0 55 361
40 56 802
0 75 397
4 75 397
4 75 601
0 82 200
0 80 397
4 73 601
0 82 198
0 82 1
0 82 397
4 80 397
4 82 397
4 75 802
0 75 397
4 84 397
4 72 601
0 73 198
1 82 397
4 72 601
0 70 198
1 82 397
4 68 397
4 79 361
40 68 802
200 70 198
1 61 401
0 68 401
0 55 361
40 68 1002
0 61 198
1 61 401
0 68 401
0 58 361
40 56 802
