2150 81 268
0 83 89
0 81 268
0 78 89
0 74 179
179 74 179
134 74 44
0 73 268
0 71 89
0 73 268
0 76 89
0 69 358
0 74 179
179 76 268
0 79 37
7 79 44
0 83 268
0 81 82
6 81 179
179 81 179
134 85 44
0 83 268
0 82 89
0 83 268
0 86 89
0 81 716
0 81 268
0 83 89
0 81 268
0 78 89
0 74 179
179 74 179
179 73 268
0 71 89
0 73 268
0 78 82
7 78 716
0 79 119
0 83 119
0 88 119
0 86 236
0 79 119
0 78 179
179 78 179
179 76 119
0 79 119
0 83 119
0 81 119
0 79 119
0 73 119
0 74 716
0 62 119
0 66 119
0 71 119
0 69 119
0 66 119
0 62 119
0 64 179
179 64 179
179 64 119
0 67 119
0 73 119
0 71 119
0 67 119
0 64 119
0 57 716
0 74 119
0 78 119
0 83 119
0 81 119
0 78 119
0 74 119
0 73 119
0 69 119
0 78 119
0 76 119
0 73 119
0 69 119
0 68 119
0 64 119
0 68 119
0 76 119
0 74 119
0 71 119
0 69 358
0 73 179
179 73 179
179 73 179
179 74 179
179 74 179
179 68 179
179 74 179
179 78 179
179 69 179
179 73 179
179 73 179
179 74 179
179 71 179
179 73 179
179 80 179
179 73 356
179 73 359
1433 81 268
0 83 89
0 81 268
0 78 89
0 74 179
179 74 179
134 74 44
0 73 268
0 71 89
0 73 268
0 76 89
0 69 358
0 74 179
179 76 268
0 79 37
7 79 44
0 83 268
0 81 82
7 81 179
179 81 179
134 85 44
0 83 268
0 82 89
0 83 268
0 86 89
0 81 716
0 81 268
0 82 89
0 81 268
0 77 89
0 74 179
179 74 179
134 74 44
0 77 268
89 77 268
89 77 358
0 82 179
179 86 119
0 88 119
0 85 119
0 86 236
0 89 119
0 81 179
179 81 358
0 76 119
0 79 119
0 83 119
0 81 119
0 79 119
0 73 119
0 81 716
0 79 119
0 83 119
0 88 119
0 86 236
0 79 119
0 78 89
0 81 179
89 81 358
0 76 119
0 79 119
0 83 119
0 81 119
0 79 119
0 73 119
0 74 716
0 62 119
0 66 119
0 71 119
0 69 119
0 66 119
0 62 119
0 64 179
179 64 179
179 64 119
0 67 119
0 73 119
0 71 119
0 67 119
0 64 119
0 66 716
0 74 119
0 78 119
0 83 119
0 81 119
0 78 119
0 74 119
0 73 119
0 69 119
0 78 119
0 76 119
0 73 119
0 69 119
0 68 119
0 64 119
0 68 119
0 76 119
0 74 119
0 71 119
0 69 358
0 73 179
179 69 179
179 73 179
179 78 179
179 71 179
179 71 179
179 71 179
179 78 179
179 73 179
179 81 179
179 73 179
179 74 179
179 74 179
179 76 179
179 74 179
179 81 356
179 81 359
1433 81 268
0 83 89
0 81 268
0 78 89
0 74 179
179 74 179
134 74 44
0 73 268
0 71 89
0 73 268
0 76 89
0 69 358
0 74 179
179 76 268
0 79 37
7 79 44
0 83 267
1 81 82
7 81 179
179 81 179
134 85 44
0 83 268
0 82 89
0 83 268
0 86 89
0 81 716
0 81 268
0 82 89
0 81 268
0 77 89
0 74 179
179 74 179
134 74 44
0 77 268
89 69 268
89 77 358
0 82 179
179 86 119
0 88 119
0 85 119
0 86 236
0 89 119
0 81 179
179 81 358
0 76 119
0 79 119
0 83 119
0 81 119
0 79 119
0 73 119
0 81 716
0 79 119
0 83 119
0 88 119
0 86 236
0 79 119
0 78 89
0 81 179
89 81 358
0 76 119
0 79 119
0 83 119
0 81 119
0 79 119
0 73 119
0 74 715
1 62 89
0 64 89
0 66 89
0 67 89
0 68 89
0 69 89
0 68 89
0 69 89
0 71 358
0 69 179
179 74 119
0 73 119
0 71 119
0 69 119
0 67 119
0 66 119
0 69 268
0 67 89
0 64 179
179 69 89
0 71 89
0 73 89
0 74 89
0 75 89
0 76 89
0 75 89
0 76 89
0 74 89
0 76 89
0 78 89
0 79 89
0 80 89
0 81 89
0 80 89
0 81 89
0 83 89
0 81 89
0 79 89
0 78 89
0 81 89
0 79 89
0 78 89
0 76 89
0 74 716
0 67 89
0 69 89
0 71 89
0 72 89
0 73 89
0 74 89
0 73 89
0 74 89
0 78 89
0 76 89
0 74 89
0 73 89
0 76 89
0 74 89
0 73 89
0 71 89
0 69 89
0 68 89
0 66 89
0 64 89
0 63 89
0 64 89
0 66 89
0 68 89
0 73 89
0 57 89
0 59 89
0 57 89
0 59 89
0 57 89
0 59 89
0 61 89
0 62 89
0 64 89
0 66 89
0 67 89
0 68 89
0 69 89
0 68 89
0 69 89
0 71 358
0 66 179
179 74 119
0 73 119
0 71 119
0 69 119
0 67 119
0 66 119
0 69 268
0 67 89
0 64 179
179 69 89
0 71 89
0 73 89
0 74 89
0 75 89
0 76 89
0 75 89
0 76 89
0 74 89
0 76 89
0 78 89
0 79 89
0 80 89
0 81 89
0 80 89
0 81 89
0 90 89
0 88 89
0 86 89
0 85 89
0 88 89
0 86 89
0 85 89
0 83 89
0 81 716
0 62 89
0 64 89
0 66 89
0 67 89
0 68 89
0 69 89
0 68 89
0 69 89
0 73 89
0 71 89
0 69 89
0 68 89
0 71 89
0 69 89
0 68 89
0 66 89
0 64 89
0 66 89
0 64 89
0 66 89
0 64 89
0 62 89
0 61 89
0 59 89
0 57 89
0 61 89
0 64 89
0 68 89
0 69 89
0 71 89
0 73 89
0 74 82
7 76 89
0 78 89
0 80 89
0 81 89
0 82 89
0 83 89
0 82 89
0 83 89
0 81 89
0 83 89
0 85 89
0 86 89
0 87 89
0 88 89
0 87 89
0 88 89
0 90 89
0 88 89
0 90 89
0 88 89
0 83 89
0 80 89
0 83 89
0 80 89
0 90 89
0 88 89
0 90 89
0 88 89
0 85 89
0 81 89
0 85 89
0 81 89
0 86 89
89 83 89
89 80 89
89 76 89
89 85 89
89 81 89
89 97 89
89 93 89
89 92 89
0 90 89
0 92 89
0 90 89
0 86 89
0 83 89
0 86 89
0 83 88
1 83 89
0 81 89
0 83 89
0 81 89
0 93 89
89 81 89
89 74 89
89 71 89
89 68 89
89 64 89
89 74 89
89 71 89
89 76 89
89 76 89
89 62 89
89 59 89
89 56 89
89 64 89
806 69 89
0 71 89
0 72 89
0 74 89
0 75 89
0 76 89
0 75 89
0 76 89
0 77 358
0 72 179
179 69 358
0 76 179
179 76 89
89 83 89
89 69 89
89 79 89
89 69 89
89 76 89
89 65 89
89 72 89
89 76 358
358 64 89
0 66 89
0 68 89
0 69 89
0 70 89
0 71 89
0 70 89
0 71 89
0 69 89
0 71 89
0 72 89
0 74 89
0 75 89
0 76 89
0 75 89
0 76 89
0 77 89
0 76 89
0 74 89
0 72 89
0 76 89
0 74 89
0 72 89
0 71 89
0 69 89
0 71 89
0 72 89
0 74 89
0 76 89
0 78 89
0 80 89
0 81 89
0 70 89
89 81 89
89 82 89
89 84 89
89 69 89
89 65 89
89 79 89
89 69 89
89 70 89
89 67 89
89 69 89
89 84 89
89 65 89
89 72 89
89 69 89
89 65 82
97 69 89
0 71 89
0 73 89
0 74 89
0 75 89
0 76 89
0 75 89
0 76 89
0 74 89
0 76 89
0 77 89
0 79 89
0 80 89
0 81 89
0 80 89
0 81 89
0 82 89
0 81 89
0 79 89
0 77 89
0 81 89
0 79 89
0 77 89
0 76 89
0 74 89
0 76 89
0 77 89
0 79 89
0 81 89
0 83 89
0 85 89
0 86 89
0 87 89
89 86 89
89 75 89
89 77 89
89 74 89
89 82 89
89 84 89
89 86 89
89 87 89
89 84 89
89 86 89
89 89 89
89 74 89
89 82 89
89 72 89
89 87 89
89 72 89
89 69 89
89 82 89
89 74 89
89 86 89
0 84 89
0 82 89
0 81 89
0 84 89
0 82 89
0 81 89
0 82 89
0 84 89
0 82 89
0 81 89
0 79 89
0 82 89
0 81 89
0 79 89
0 81 89
0 82 89
0 81 89
0 79 89
0 77 89
0 81 89
0 79 89
0 77 89
0 76 89
0 79 89
0 77 89
0 76 89
0 74 89
0 77 89
0 76 89
0 74 89
0 76 89
0 77 89
0 76 89
0 74 89
0 76 89
0 74 89
0 72 89
0 71 89
0 72 89
0 71 89
0 69 89
0 68 89
0 69 89
0 68 89
0 66 89
0 64 89
0 66 89
0 68 89
0 66 89
0 64 89
0 66 89
0 68 89
0 66 89
0 64 89
0 66 89
0 68 89
0 66 89
0 64 89
0 66 89
0 68 89
0 66 89
0 64 89
0 66 89
0 64 358
358 62 89
89 64 89
89 56 89
89 52 89
806 74 89
89 76 89
89 68 89
89 76 89
806 69 89
0 71 89
0 73 89
0 74 89
0 75 89
0 76 89
0 75 89
0 76 89
0 69 358
0 73 179
179 81 119
0 80 119
0 78 119
0 76 119
0 74 119
0 73 119
0 76 268
0 74 89
0 71 179
179 76 89
0 78 89
0 80 89
0 81 89
0 82 89
0 83 89
0 82 89
0 83 89
0 81 89
0 83 89
0 85 89
0 86 89
0 87 89
0 88 89
0 87 89
0 88 89
0 90 89
0 88 89
0 90 89
0 88 89
0 83 176
0 83 89
0 80 89
0 90 89
0 88 89
0 90 89
0 88 89
0 85 89
0 81 89
0 85 89
0 81 89
0 86 89
89 83 89
89 80 89
89 76 89
89 85 89
89 81 89
89 97 89
89 93 89
89 92 89
0 90 89
0 92 89
0 90 89
0 86 89
0 83 89
0 86 175
2 83 89
0 81 89
0 83 89
0 81 176
89 93 89
90 92 89
0 90 89
0 92 89
0 90 89
0 86 89
0 83 89
0 86 173
4 83 89
0 81 89
0 83 89
0 81 176
89 97 89
90 92 89
0 90 89
0 92 89
0 90 89
0 86 89
0 83 89
0 86 173
4 83 89
0 81 89
0 83 89
0 81 89
0 93 89
89 81 89
88 81 89
89 81 88
88 73 89
89 81 89
89 67 89
89 64 89
89 69 89
89 57 89
985 66 89
0 68 89
0 69 89
0 71 89
0 73 89
0 74 89
0 75 89
0 76 89
0 75 89
0 76 89
0 78 89
0 80 89
0 81 89
0 83 89
0 81 89
0 83 89
0 81 89
0 83 89
0 81 176
0 81 89
0 83 89
0 81 89
0 83 89
0 81 89
0 83 89
0 81 89
0 83 89
0 81 89
0 83 89
0 81 89
0 83 89
0 81 89
0 83 89
0 81 176
0 81 89
0 83 89
0 81 89
0 83 89
0 81 89
0 83 89
0 81 89
0 83 89
0 81 89
0 78 89
0 74 179
179 74 358
0 73 89
0 71 89
0 73 89
0 74 89
0 73 89
0 74 89
0 76 89
0 73 89
0 69 179
179 74 179
179 76 89
0 79 89
0 76 89
0 79 95
0 79 82
0 81 89
0 83 89
0 81 82
6 81 179
179 81 448
0 79 89
0 81 89
0 83 89
0 85 89
0 86 89
0 85 89
0 83 89
0 81 709
7 81 89
0 83 89
0 81 89
0 83 89
0 81 89
0 83 89
0 81 89
0 78 89
0 74 179
179 74 358
0 73 89
0 71 89
0 73 89
0 74 89
0 73 89
0 74 89
0 76 89
0 77 82
7 78 716
0 79 89
0 83 89
0 79 89
0 83 89
0 88 89
0 86 89
0 83 89
0 79 89
0 78 179
179 78 179
179 76 89
0 79 89
0 76 89
0 79 89
0 83 89
0 81 89
0 79 89
0 73 89
0 74 716
0 62 89
0 66 89
0 62 89
0 66 89
0 71 89
0 69 89
0 66 89
0 62 89
0 64 179
179 64 350
7 64 89
0 67 89
0 64 89
0 67 89
0 73 89
0 71 89
0 67 89
0 64 89
0 57 716
0 74 89
0 78 89
0 74 89
0 78 89
0 83 89
0 81 89
0 78 89
0 74 89
0 73 89
0 69 89
0 73 89
0 69 89
0 78 89
0 76 89
0 73 89
0 69 89
0 68 89
0 64 89
0 68 89
0 64 89
0 68 89
0 76 89
0 74 89
0 71 89
0 69 358
0 73 179
179 69 179
179 73 179
179 78 179
179 76 179
179 68 179
179 76 179
179 69 179
179 73 179
179 73 179
179 76 179
179 81 179
179 74 179
179 76 179
179 68 179
179 69 356
179 69 359
1433 81 89
0 83 89
0 81 89
0 83 89
0 81 89
0 83 89
0 81 89
0 78 89
0 74 179
179 74 358
0 73 89
0 71 89
0 73 89
0 74 89
0 73 89
0 74 89
0 76 89
0 73 89
0 69 179
179 74 179
179 76 89
0 79 89
0 76 89
0 79 95
0 79 82
0 81 89
0 83 89
0 81 82
6 81 179
179 81 448
0 79 89
0 81 89
0 83 89
0 85 89
0 86 89
0 85 89
0 83 89
0 81 709
7 81 89
0 82 89
0 81 89
0 82 89
0 81 89
0 82 89
0 81 89
0 77 89
0 74 179
179 74 358
0 77 89
0 76 89
0 77 89
0 76 86
0 76 2
0 69 89
0 77 89
0 79 89
3 77 82
3 77 3
0 77 358
0 82 179
179 86 89
0 88 89
0 86 89
0 85 89
0 86 89
0 88 89
0 89 88
0 89 85
3 81 179
179 81 447
0 79 89
0 76 89
0 79 89
0 83 89
0 81 89
0 79 89
0 76 89
0 81 716
0 79 89
0 83 89
0 79 89
0 83 89
0 88 89
0 86 89
0 83 89
0 79 89
0 78 89
0 81 89
179 81 358
0 76 89
0 79 89
0 76 89
0 79 89
0 83 89
0 81 89
0 79 89
0 76 89
0 74 716
0 67 161
17 71 161
17 71 161
17 71 161
17 67 161
17 71 161
17 71 161
17 71 161
17 67 161
17 73 161
17 67 161
17 67 161
17 67 716
0 67 161
17 74 161
17 67 161
17 67 161
17 62 161
17 66 161
17 66 17
0 69 161
0 69 17
0 62 161
0 62 17
0 67 161
17 67 161
17 67 161
17 73 161
17 74 716
0 65 161
17 69 161
17 76 161
17 77 161
17 77 161
17 68 161
17 68 17
0 68 161
0 68 17
0 68 161
0 68 17
0 64 161
17 72 161
17 64 161
17 64 161
17 66 161
17 66 161
17 66 17
0 62 161
0 62 17
0 66 161
0 66 17
0 62 161
17 76 161
17 62 161
17 62 161
17 66 161
17 62 161
17 62 17
0 66 161
0 66 17
0 62 161
0 62 17
0 71 161
17 76 161
17 74 161
17 62 161
17 66 161
17 62 161
17 62 17
0 69 161
0 69 17
0 70 161
0 70 17
0 71 161
17 76 161
17 71 161
17 67 161
17 71 161
17 67 161
17 71 161
17 67 161
17 70 161
17 67 161
17 73 161
17 67 161
17 71 716
0 67 161
17 71 161
17 67 161
17 67 17
0 79 161
0 79 17
0 67 161
17 72 161
17 72 17
0 67 161
0 67 17
0 72 161
0 72 17
0 62 161
17 67 161
17 62 161
17 66 161
17 62 358
0 67 179
0 76 179
0 67 161
17 67 161
17 71 89
0 81 71
0 81 17
0 71 161
17 77 161
17 67 161
17 67 17
0 74 161
0 74 17
0 72 161
0 72 17
0 62 161
17 67 161
17 62 161
17 66 161
17 62 716
0 58 89
0 57 89
0 55 89
0 57 89
0 58 89
0 55 89
0 58 89
0 55 82
7 67 171
7 55 89
89 55 89
89 55 89
89 60 161
89 60 17
0 55 89
89 55 89
89 55 89
89 67 179
0 55 89
89 55 89
89 55 89
89 62 89
0 73 89
0 71 89
0 73 89
0 68 89
0 71 89
0 74 89
0 71 89
0 78 179
0 66 89
89 62 89
89 66 89
89 67 89
0 66 89
0 69 89
0 67 89
0 66 89
89 66 89
89 71 89
89 62 89
89 62 89
89 62 89
89 62 89
0 57 89
0 55 89
0 57 89
0 58 89
0 55 89
0 58 89
0 55 82
7 67 171
7 55 89
89 55 89
89 55 89
89 60 89
89 55 89
89 55 89
89 55 89
89 58 179
0 55 89
89 55 89
89 55 89
89 77 89
0 76 89
0 65 89
0 76 89
0 71 89
0 74 89
0 77 89
0 74 89
0 69 179
0 69 89
89 69 89
89 69 89
89 70 89
0 69 89
0 64 89
0 70 89
0 67 89
89 67 89
89 74 177
89 74 1
0 62 89
89 62 89
89 62 89
89 65 89
0 68 89
0 70 89
0 69 82
7 65 89
89 69 89
89 64 179
0 67 89
0 67 82
7 64 89
89 64 89
89 67 89
0 69 89
0 72 89
0 70 82
7 70 89
89 67 89
89 74 179
0 69 89
0 69 82
7 66 89
89 66 89
89 74 89
0 73 89
0 76 89
0 74 82
7 74 89
89 70 89
89 69 179
0 72 89
0 72 82
7 72 89
89 72 89
89 67 179
0 76 89
0 76 82
7 72 89
89 70 89
89 70 89
0 69 89
0 74 89
0 72 82
7 72 89
89 72 89
89 72 171
89 72 7
0 70 89
89 58 89
89 69 89
89 57 89
0 64 89
0 67 89
0 65 82
7 57 89
89 57 89
89 57 89
89 66 89
89 60 89
89 66 89
89 62 89
89 69 89
89 74 89
89 62 89
89 58 89
0 57 89
0 55 89
0 57 89
0 58 89
0 55 89
0 58 89
0 55 82
7 67 171
7 55 89
89 55 89
89 55 89
89 60 89
89 55 89
89 55 89
89 55 89
89 67 179
0 55 89
89 55 89
89 55 89
89 62 89
0 73 89
0 71 89
0 73 82
0 73 7
0 74 89
0 71 89
0 68 89
0 71 89
0 71 177
0 71 1
0 62 89
89 62 89
89 62 89
89 67 89
0 66 89
0 69 89
0 67 89
0 64 89
89 66 89
89 66 177
89 66 1
0 62 89
89 62 89
89 62 89
89 58 89
0 57 89
0 55 89
0 57 89
0 58 89
0 55 89
0 58 89
0 55 89
0 67 171
7 55 89
89 55 89
89 55 89
89 63 89
89 55 89
89 55 89
89 55 89
89 62 179
0 55 89
89 55 89
89 55 89
89 65 89
0 76 89
0 74 89
0 76 82
0 76 7
0 68 89
0 74 89
0 77 89
0 74 88
1 81 171
1 81 7
0 69 89
89 65 89
89 65 89
89 81 89
0 80 89
0 78 89
0 80 82
0 80 7
0 75 89
0 78 89
0 71 89
0 78 89
0 78 171
0 78 7
0 69 89
89 73 89
89 69 89
89 68 89
0 73 89
0 76 89
0 74 82
7 73 89
89 71 89
89 78 89
89 66 89
89 66 89
89 73 89
89 78 89
89 69 89
89 73 89
89 69 89
89 74 179
0 74 161
17 74 89
89 69 89
89 72 179
0 74 161
17 74 89
89 72 89
89 72 177
89 72 1
0 69 161
17 74 89
89 69 89
89 71 161
17 76 161
17 71 161
17 79 161
17 71 161
17 67 161
17 67 161
17 71 161
17 67 161
17 73 161
17 67 161
17 73 161
17 71 716
0 71 161
17 74 161
17 67 161
17 67 161
17 67 161
17 69 161
17 69 17
0 66 161
0 66 17
0 66 161
0 66 17
0 76 161
17 73 161
17 70 161
17 70 161
17 74 716
0 74 161
17 69 161
17 69 161
17 69 161
17 68 161
17 68 161
17 68 17
0 68 161
0 68 17
0 68 161
0 68 17
0 64 161
17 72 161
17 74 161
17 76 161
17 66 161
17 62 161
17 62 17
0 62 161
0 62 17
0 62 161
0 62 17
0 71 161
17 62 161
17 67 161
17 62 161
17 66 161
17 69 161
17 69 17
0 62 161
0 62 17
0 66 161
0 66 17
0 71 161
17 62 161
17 74 161
17 62 161
17 66 161
17 66 161
17 66 17
0 74 161
0 74 17
0 66 161
0 66 17
0 71 161
17 76 161
17 78 161
17 67 161
17 71 161
17 67 161
17 67 161
17 67 161
17 79 161
17 67 161
17 70 161
17 67 161
17 74 716
0 71 161
17 67 161
17 77 161
17 77 17
0 71 161
0 71 17
0 77 161
17 72 161
17 72 17
0 67 161
0 67 17
0 64 161
0 64 17
0 62 161
17 67 161
17 74 161
17 72 161
17 71 358
0 71 179
0 67 179
0 71 161
17 71 161
17 77 89
0 81 71
0 81 17
0 71 161
17 67 161
17 67 161
17 67 17
0 74 161
0 74 17
0 67 161
0 67 17
0 67 161
17 62 161
17 62 161
17 66 161
17 59 530
7 62 161
7 62 17
0 71 161
17 60 161
17 62 161
17 60 161
17 59 161
17 59 161
17 67 161
17 67 161
17 62 161
17 62 161
17 69 161
17 74 161
17 71 530
7 62 161
7 62 17
0 62 161
17 72 161
17 69 161
17 60 161
17 69 161
17 62 161
17 67 161
17 59 161
17 67 161
17 66 161
17 62 161
17 69 161
17 59 716
0 58 89
0 57 89
0 55 89
0 57 89
0 58 89
0 55 89
0 58 89
0 55 89
0 58 89
0 57 89
0 55 89
0 57 89
0 58 89
0 55 89
0 58 89
0 55 89
0 64 161
0 64 17
0 69 89
89 61 89
89 64 89
89 67 716
0 58 89
0 57 89
0 55 89
0 57 89
0 58 89
0 55 89
0 58 89
0 55 89
0 58 89
0 57 89
0 55 89
0 57 89
0 58 89
0 55 89
0 58 89
0 55 89
0 64 161
0 64 17
0 69 89
89 67 89
89 69 89
89 64 1426
7 69 89
0 57 89
0 61 89
0 64 89
0 69 89
0 57 89
0 69 89
0 57 89
0 73 89
0 61 89
0 64 89
0 69 89
0 73 89
0 61 89
0 73 89
0 61 89
0 76 89
0 64 89
0 69 89
0 73 89
0 76 89
0 64 89
0 76 89
0 64 89
0 81 89
0 69 89
0 73 89
0 76 89
0 81 89
0 69 89
0 81 89
0 69 89
0 81 89
0 69 89
0 75 89
0 78 89
0 81 89
0 69 89
0 81 89
0 69 89
0 81 89
0 69 89
0 76 89
0 79 89
0 81 89
0 69 89
0 81 89
0 69 89
0 81 89
0 69 89
0 76 89
0 79 89
0 81 89
0 69 89
0 81 89
0 69 89
0 81 89
0 73 89
0 81 89
0 73 89
0 81 89
0 76 89
0 81 89
0 76 89
0 81 89
0 79 89
0 81 89
0 79 89
0 81 89
0 80 89
0 81 89
0 80 89
0 83 89
0 81 89
0 83 89
0 81 89
0 83 89
0 81 89
0 83 89
0 81 89
0 83 89
0 81 89
0 83 89
0 81 89
0 83 89
0 81 89
0 83 89
0 81 89
0 83 89
0 81 89
0 86 89
0 81 89
0 80 89
0 83 89
0 81 89
0 78 89
0 74 179
0 76 89
0 74 89
0 76 89
0 74 89
0 78 89
0 76 89
0 74 89
0 73 89
0 71 89
0 69 89
0 71 89
0 73 89
0 74 89
0 76 89
0 69 179
0 71 89
0 69 89
0 71 89
0 69 89
0 78 89
0 74 89
0 73 89
0 74 89
0 76 89
0 78 89
0 79 89
0 81 89
0 83 89
0 81 82
6 81 179
0 83 89
0 81 89
0 83 89
0 81 89
0 86 89
0 85 89
0 83 22
0 85 22
0 83 44
0 82 89
0 83 89
0 85 89
0 83 89
0 91 89
0 90 89
0 86 89
0 81 179
0 83 89
0 81 89
0 83 89
0 81 89
0 83 89
0 81 89
0 83 89
0 81 89
0 86 89
0 81 89
0 80 89
0 83 89
0 81 89
0 78 89
0 74 179
0 76 89
0 74 89
0 76 89
0 74 89
0 78 89
0 76 89
0 74 89
0 73 89
0 71 89
0 69 89
0 71 89
0 73 89
0 74 89
0 76 82
7 78 179
0 77 89
0 78 89
0 77 89
0 78 89
0 77 89
0 78 89
0 79 89
0 83 89
0 88 89
0 86 89
0 85 89
0 83 89
0 81 89
0 79 89
0 78 179
0 81 89
0 78 89
0 81 89
0 78 89
0 81 89
0 78 89
0 76 89
0 78 89
0 79 89
0 83 89
0 81 89
0 79 89
0 78 89
0 76 89
0 74 179
0 76 89
0 74 89
0 76 89
0 74 89
0 76 89
0 74 89
0 62 89
0 64 89
0 66 89
0 71 89
0 69 89
0 66 89
0 64 89
0 62 89
0 64 179
0 66 89
0 64 89
0 66 89
0 64 89
0 66 89
0 64 89
0 64 89
0 66 89
0 67 89
0 73 89
0 71 89
0 69 89
0 67 89
0 64 89
0 66 179
0 65 89
0 66 89
0 65 89
0 66 89
0 69 89
0 73 89
0 74 89
0 76 89
0 78 89
0 83 89
0 81 89
0 78 89
0 76 89
0 74 89
0 73 89
0 71 89
0 69 89
0 78 89
0 76 89
0 73 89
0 71 89
0 69 89
0 68 89
0 66 89
0 64 89
0 68 89
0 76 89
0 74 89
0 73 89
0 71 89
0 69 179
0 71 89
0 69 89
0 76 89
89 76 89
89 69 89
89 76 89
89 73 89
89 73 89
89 71 89
89 78 89
89 74 89
89 74 89
89 71 89
89 71 89
89 74 89
89 76 89
89 78 89
89 73 89
89 69 89
89 69 89
89 73 89
89 69 89
89 81 89
89 69 89
89 74 89
89 74 89
89 71 89
89 74 89
89 76 89
89 76 89
89 76 89
89 68 89
89 73 356
89 73 359
1433 83 89
0 81 89
0 86 89
0 81 89
0 80 89
0 83 89
0 81 89
0 78 89
0 74 179
0 76 89
0 74 89
0 76 89
0 74 89
0 78 89
0 76 89
0 74 89
0 73 89
0 71 89
0 69 89
0 71 89
0 73 89
0 74 89
0 76 89
0 69 179
0 71 89
0 69 89
0 71 89
0 69 89
0 78 89
0 74 89
0 73 89
0 74 89
0 76 89
0 78 89
0 79 89
0 81 89
0 83 89
0 81 82
6 81 179
0 83 89
0 81 89
0 83 89
0 81 89
0 86 89
0 85 89
0 83 22
0 85 22
0 83 44
0 82 89
0 83 89
0 85 89
0 83 89
0 91 89
0 86 89
0 83 89
0 81 179
0 83 89
0 81 89
0 83 89
0 81 89
0 83 89
0 81 89
0 82 89
0 81 89
0 86 89
0 81 89
0 80 89
0 82 89
0 81 89
0 77 89
0 74 179
0 76 89
0 74 89
0 76 89
0 74 89
0 76 89
0 74 89
0 79 89
0 77 89
0 76 89
0 77 89
0 79 89
0 81 89
0 82 89
0 84 82
7 86 179
0 85 89
0 86 89
0 85 89
0 86 89
0 88 89
0 86 89
0 88 89
0 86 89
0 89 89
0 88 89
0 86 89
0 88 89
0 89 89
0 92 89
0 93 268
0 90 89
0 93 89
0 90 89
0 93 89
0 90 89
0 88 89
0 90 89
0 91 89
0 95 89
0 93 89
0 91 89
0 90 89
0 88 89
0 93 268
0 90 89
0 93 89
0 90 89
0 86 89
0 85 89
0 83 89
0 86 89
0 91 89
0 90 89
0 88 89
0 86 89
0 85 89
0 83 89
0 81 268
0 78 89
0 81 89
0 78 89
0 81 89
0 78 89
0 76 89
0 78 89
0 79 89
0 83 89
0 81 89
0 79 89
0 78 89
0 76 89
0 81 268
0 78 89
0 81 89
0 78 89
0 74 89
0 73 89
0 71 89
0 74 89
0 79 89
0 78 89
0 76 89
0 74 89
0 73 89
0 71 89
0 69 268
0 90 89
0 93 89
0 90 89
0 93 89
0 90 89
0 88 89
0 90 89
0 91 89
0 95 89
0 93 89
0 91 89
0 90 89
0 88 89
0 93 268
0 90 89
0 93 89
0 90 89
0 86 89
0 85 89
0 83 89
0 86 89
0 91 89
0 90 89
0 88 89
0 86 89
0 85 89
0 83 89
0 81 268
0 78 89
0 81 89
0 78 89
0 81 89
0 78 89
0 76 89
0 78 89
0 79 89
0 83 89
0 81 89
0 79 89
0 78 89
0 76 89
0 81 268
0 78 89
0 81 89
0 78 89
0 81 89
0 78 89
0 76 89
0 78 89
0 79 89
0 83 89
0 81 89
0 79 89
0 78 89
0 76 89
0 74 179
0 76 89
0 74 89
0 76 89
0 74 89
0 73 89
0 71 89
0 69 179
0 71 89
0 69 89
0 71 89
0 69 89
0 78 89
0 76 89
0 74 179
0 76 89
0 74 89
0 76 89
0 74 89
0 73 89
0 71 89
0 69 179
0 71 89
0 69 89
0 71 89
0 69 89
0 78 89
0 76 89
0 74 89
0 86 89
0 88 89
0 86 89
0 88 89
0 86 89
0 85 89
0 83 89
0 81 179
0 83 89
0 81 89
0 83 89
0 81 89
0 90 89
0 88 89
0 86 179
0 88 89
0 86 89
0 88 89
0 86 89
0 85 89
0 83 89
0 81 179
0 83 89
0 81 89
0 83 89
0 81 89
0 90 89
0 88 89
0 86 179
0 90 89
0 86 89
0 90 89
0 86 89
0 90 89
0 86 89
0 90 179
0 93 89
0 90 89
0 93 89
0 90 89
0 93 89
0 90 89
0 93 179
0 98 89
0 93 89
0 98 89
0 93 89
0 98 89
0 93 89
0 98 89
0 93 89
0 98 89
0 93 89
0 98 89
0 93 89
0 90 89
0 93 89
0 98 179
179 98 89
0 93 89
0 90 89
0 93 89
0 90 179
179 98 89
0 93 89
0 90 89
0 93 89
0 98 179
537 81 268
0 83 89
0 81 268
0 78 89
0 74 268
448 62 268
448 62 716
