864 61 288
0 62 259
28 60 259
28 61 852
12 61 288
0 71 288
0 61 259
28 62 576
0 71 288
0 62 288
0 68 288
0 62 259
28 62 852
12 62 132
12 62 12
0 64 48
0 66 48
0 68 48
0 62 259
28 62 259
28 62 576
0 61 276
12 57 288
0 62 259
28 60 259
28 61 852
12 64 564
12 64 12
0 69 259
28 73 852
28 73 12
0 64 276
0 64 12
0 66 276
0 66 12
0 66 259
28 68 852
28 68 12
0 61 276
0 61 12
0 62 259
0 62 28
0 62 259
28 61 576
288 61 288
0 62 259
28 60 259
28 61 852
12 61 288
0 71 288
0 61 259
28 62 576
0 71 288
0 62 288
0 68 288
0 62 259
28 62 852
12 62 132
12 62 12
0 64 48
0 66 48
0 68 48
0 62 259
28 62 259
28 62 576
0 61 276
12 57 288
0 62 259
28 60 259
28 61 852
12 64 564
12 64 12
0 69 259
28 73 852
28 73 12
0 64 276
0 64 12
0 66 276
0 66 12
0 66 259
28 68 852
28 68 12
0 61 276
0 61 12
0 62 259
0 62 28
0 62 259
28 61 864
0 61 276
12 62 288
0 64 259
28 62 864
0 62 276
0 62 12
0 62 276
0 62 12
0 59 259
28 60 852
12 59 288
0 60 276
0 60 12
0 59 259
28 60 264
24 71 288
0 72 276
0 72 12
0 71 259
28 72 264
24 59 288
0 60 276
0 60 12
0 59 259
28 60 264
24 62 288
0 62 288
0 68 288
0 57 288
0 63 288
0 64 576
0 62 432
0 71 144
0 61 864
0 64 288
0 61 288
0 57 204
12 57 82
12 57 841
12 64 288
0 61 288
0 58 204
12 58 82
12 58 841
12 64 288
0 62 288
0 59 204
12 59 82
12 59 248
28 61 259
28 59 259
28 61 259
28 62 259
28 71 259
28 71 576
0 80 288
0 64 288
0 59 288
0 56 204
12 56 82
12 56 841
12 64 288
0 60 288
0 57 204
12 57 82
12 57 841
12 64 288
0 61 288
0 58 204
12 58 82
12 58 248
28 60 259
28 58 259
28 60 259
28 62 259
28 65 144
0 75 115
0 75 16
12 65 576
0 70 264
0 70 24
0 65 273
14 70 273
14 84 259
28 74 852
12 70 288
0 77 288
0 69 259
0 69 28
0 70 852
12 63 288
0 62 276
0 62 12
0 57 259
28 58 852
12 57 288
0 58 276
0 58 12
0 57 259
28 58 264
24 69 288
0 70 276
0 70 12
0 69 259
28 70 264
24 57 259
28 58 259
28 57 144
0 63 115
0 63 28
0 58 276
12 53 259
28 53 259
28 62 259
28 62 144
0 61 144
0 54 144
0 66 144
0 52 576
0 56 288
0 59 216
0 57 72
0 49 432
0 61 144
0 64 144
0 69 144
0 73 144
0 76 144
0 74 259
28 72 259
28 73 864
0 73 288
0 83 288
0 73 259
28 74 576
0 83 288
0 62 288
0 68 288
0 62 259
28 62 852
12 74 132
12 74 12
0 76 48
0 78 48
0 80 48
0 74 259
28 74 259
28 74 576
0 73 276
12 59 276
12 59 12
0 57 259
0 57 28
0 59 259
0 59 28
0 57 852
0 57 12
0 69 288
0 67 288
0 67 259
28 73 1728
0 71 288
1440 62 864
0 74 72
0 72 72
0 71 72
0 72 72
0 71 144
0 72 144
0 76 144
0 74 144
0 67 288
504 71 72
0 67 288
0 69 276
0 69 12
0 62 259
28 62 852
12 62 288
0 64 276
0 64 12
0 66 259
28 64 288
0 63 288
0 64 576
0 64 432
0 71 144
0 64 864
0 69 288
0 66 129
14 74 288
0 69 144
0 74 259
28 74 428
3 74 288
0 69 144
0 66 129
14 71 288
0 66 144
0 62 259
28 62 576
0 71 288
0 67 129
14 76 288
0 71 144
0 76 259
28 76 428
3 76 288
0 71 144
0 67 129
14 73 288
0 68 144
0 64 129
158 64 428
3 69 285
3 69 2
0 69 144
0 64 129
0 64 14
0 66 288
0 74 144
0 69 129
0 69 14
144 69 428
3 74 141
2 74 141
2 74 141
2 74 141
2 74 141
2 74 141
2 74 144
0 79 129
0 79 14
144 79 428
3 71 285
3 71 2
0 69 144
0 71 136
7 71 288
0 72 144
0 71 129
0 71 14
144 71 432
0 67 141
2 67 141
2 67 141
2 67 141
2 67 141
2 71 141
2 69 144
0 79 129
0 79 14
144 79 428
3 79 276
12 79 144
0 79 129
0 79 14
144 79 432
0 74 276
12 74 144
0 66 129
0 66 14
144 66 432
0 62 144
0 59 144
0 62 144
0 67 129
158 67 420
12 62 141
2 67 141
2 69 141
2 67 141
2 62 141
2 67 141
2 69 144
0 67 129
158 67 420
12 62 141
2 67 141
2 69 141
2 67 141
2 62 141
2 67 141
2 69 144
0 72 129
158 76 420
12 67 140
12 67 1
2 72 140
2 72 1
2 67 140
2 67 1
2 64 140
2 64 1
2 62 140
2 62 1
2 64 140
2 64 1
2 67 144
0 72 129
158 76 420
12 72 140
12 72 1
2 76 140
3 74 140
3 74 1
2 72 140
3 69 140
3 69 1
2 72 140
3 69 144
0 66 129
158 69 420
12 66 140
12 66 1
2 69 140
3 67 140
3 67 1
2 66 140
3 67 140
3 66 140
3 64 144
0 63 129
158 71 420
12 66 140
12 66 1
2 69 140
3 67 140
3 67 1
2 66 140
3 67 140
3 66 140
3 64 144
0 63 129
158 71 420
12 66 140
12 66 1
2 69 140
3 67 140
3 67 1
2 66 140
3 67 140
3 66 140
3 64 144
0 63 129
158 71 564
12 63 576
0 63 288
0 63 129
158 71 564
12 63 576
0 63 288
0 67 129
158 67 420
12 62 141
2 67 141
2 74 140
2 74 1
2 67 141
2 62 141
2 67 141
2 69 144
0 67 129
158 67 420
12 62 141
2 67 141
2 69 141
2 67 141
2 62 141
2 67 141
2 69 144
0 72 129
158 76 420
12 67 140
12 67 1
2 72 140
2 72 1
2 67 140
2 67 1
2 64 140
2 64 1
2 62 140
2 62 1
2 64 140
2 64 1
2 67 144
0 72 129
158 76 420
12 72 140
12 72 1
2 72 140
3 72 140
3 72 1
2 74 140
3 71 140
3 73 140
3 74 132
3 74 12
0 73 129
158 76 420
12 76 140
3 79 140
3 77 140
3 77 1
2 76 140
3 77 140
3 76 140
3 74 144
0 73 129
158 81 420
12 76 140
3 79 140
3 77 140
3 77 1
2 76 140
3 77 140
3 76 140
3 74 144
0 73 129
158 81 564
12 73 576
0 73 288
0 73 129
158 81 564
156 69 144
0 66 129
14 74 288
0 69 144
0 74 259
28 74 428
3 74 288
0 69 144
0 66 129
14 71 288
0 66 144
0 62 259
28 67 576
0 71 288
0 67 129
14 76 288
0 71 144
0 76 259
28 76 428
3 76 288
0 71 144
0 67 129
14 72 288
0 68 144
0 64 129
158 64 427
158 64 1
3 60 285
3 60 2
0 62 144
0 64 129
0 64 14
0 65 288
0 74 144
0 69 129
0 69 14
144 69 427
144 69 1
3 65 140
3 65 140
3 65 1
2 65 140
3 65 140
3 65 1
2 65 140
3 65 140
3 65 1
2 65 144
0 70 129
0 70 14
144 70 427
144 70 1
3 62 285
3 62 2
0 60 144
0 62 136
7 62 288
0 63 144
0 62 129
0 62 14
144 62 432
0 70 140
3 70 140
3 70 1
2 70 140
3 70 140
3 70 1
2 70 140
3 74 140
3 74 1
2 72 144
0 82 129
0 82 14
144 82 427
144 82 1
3 82 276
12 82 144
0 82 129
0 82 14
144 82 432
0 77 276
12 77 144
0 69 129
0 69 14
144 65 426
144 65 6
0 69 276
12 65 144
0 69 129
0 69 14
144 66 426
144 66 6
0 69 144
0 69 144
0 67 144
0 66 144
0 67 144
0 66 144
0 63 144
0 66 129
0 66 14
144 62 426
144 62 6
0 69 144
0 69 144
0 67 144
0 66 144
0 67 144
0 66 144
0 63 144
0 66 129
0 66 14
144 62 426
144 62 6
0 66 264
24 62 132
12 66 129
12 66 14
144 62 426
144 62 6
0 66 129
0 66 14
144 63 132
12 66 264
24 63 426
24 63 6
0 78 129
0 78 14
144 75 132
12 78 264
24 75 426
24 75 6
0 64 129
0 64 14
144 61 132
12 64 264
24 61 426
24 61 6
0 77 129
0 77 14
144 73 132
12 77 264
24 73 426
24 73 6
0 62 129
0 62 14
144 59 132
156 75 129
156 75 14
144 71 132
156 60 129
156 60 14
144 57 132
156 73 129
156 73 14
144 69 132
300 59 547
28 59 288
288 59 576
0 59 259
460 76 108
180 80 72
0 78 72
144 76 72
0 75 72
144 76 288
0 73 144
0 76 144
0 81 108
180 81 108
180 80 108
180 81 108
324 82 432
0 83 144
144 85 108
180 86 108
180 87 108
324 88 432
0 90 144
144 88 108
180 86 108
180 83 108
36 81 144
0 93 216
0 92 36
0 90 36
0 88 36
0 86 36
0 85 36
0 83 36
0 81 108
324 76 108
180 80 72
0 78 72
144 76 72
0 75 72
144 76 288
0 73 144
0 76 144
0 81 108
180 81 108
180 85 108
180 87 108
180 88 288
0 90 144
0 92 144
0 97 108
180 85 72
0 88 72
144 88 72
0 87 72
144 87 72
0 80 72
144 80 216
0 81 72
0 83 72
0 84 72
0 85 108
36 85 108
180 93 72
0 97 72
144 97 72
0 95 72
144 95 72
0 88 72
144 88 216
0 90 72
0 91 72
0 92 72
0 93 144
144 81 288
0 81 259
0 81 28
0 81 259
0 81 28
0 81 852
12 73 288
0 83 288
0 73 259
28 74 576
0 83 288
0 74 276
0 74 12
0 74 276
0 74 12
0 74 259
28 74 852
12 68 276
12 68 259
28 68 259
28 74 576
0 73 276
12 76 276
12 76 12
0 69 259
28 69 259
28 69 852
28 69 12
0 69 276
12 73 276
12 73 12
0 76 259
28 85 852
28 85 12
0 73 276
0 73 12
0 75 276
12 84 259
12 84 28
0 80 852
0 80 12
0 64 288
0 63 259
0 63 28
0 68 259
0 68 28
0 61 864
0 73 276
0 73 12
0 74 276
0 74 12
0 79 259
0 79 28
0 79 708
12 83 108
36 79 108
36 74 108
36 71 108
36 67 108
36 62 108
36 59 108
36 60 864
0 59 108
36 62 108
36 60 108
36 64 108
36 71 108
36 71 108
36 72 216
72 59 108
36 62 108
36 60 108
36 64 108
36 71 108
36 71 108
36 72 216
72 77 108
36 83 108
36 84 108
36 76 108
36 83 108
36 71 108
36 72 216
72 68 207
72 68 8
72 69 207
72 69 8
72 71 194
72 71 21
72 73 216
72 71 216
72 85 432
0 69 144
0 62 432
0 71 144
0 61 864
0 76 144
0 74 108
36 74 144
0 73 144
0 71 144
0 69 54
18 69 72
0 76 864
0 76 144
0 74 108
36 74 96
0 73 96
0 71 96
0 70 96
0 73 96
0 74 96
0 76 864
0 70 144
0 78 144
0 74 72
0 76 72
0 74 72
0 73 72
0 71 72
0 73 72
0 74 72
0 76 72
0 78 576
0 71 288
0 82 288
0 83 288
0 78 144
0 74 144
0 69 576
0 68 288
0 64 168
0 64 84
36 64 144
0 59 144
0 57 36
0 59 36
0 57 72
0 56 54
18 56 72
0 64 144
144 64 564
12 64 168
12 64 84
36 64 144
0 60 144
0 59 36
0 60 36
0 59 72
0 57 54
18 57 72
0 65 144
144 65 564
12 65 168
12 65 84
36 65 144
0 62 144
0 60 36
0 62 36
0 60 72
0 59 54
18 59 72
0 67 276
12 62 273
14 60 273
14 62 273
14 64 273
14 79 144
0 77 129
0 77 2
12 67 576
0 72 288
0 67 276
12 72 276
12 72 12
0 79 259
28 76 216
72 76 552
24 72 288
0 79 276
0 79 12
0 71 259
0 71 28
0 72 216
72 72 576
0 65 288
0 64 276
0 64 12
0 59 259
0 59 28
0 60 216
72 60 576
0 64 144
0 59 129
14 59 144
0 60 129
14 60 144
0 59 144
0 60 288
0 76 144
0 71 129
14 71 144
0 72 129
14 71 144
0 77 144
0 72 288
0 64 144
0 59 129
14 59 144
0 60 129
14 59 144
0 65 144
0 60 288
0 72 288
0 74 144
0 78 36
0 76 36
0 74 3
32 76 36
0 78 216
0 76 72
0 73 144
0 81 132
0 81 12
0 73 144
0 85 144
0 71 576
0 69 288
0 78 216
0 76 72
0 68 432
0 56 129
14 59 129
14 64 129
14 68 288
0 69 259
28 67 259
28 68 432
0 59 129
14 64 129
14 68 129
14 68 144
0 76 132
0 76 12
0 68 259
0 68 16
12 68 259
12 68 28
0 69 576
0 78 144
0 69 129
14 69 266
14 69 21
0 69 259
28 69 259
28 69 288
28 69 144
0 71 129
14 75 129
14 78 129
14 81 216
0 85 36
0 87 24
0 87 12
0 81 259
28 81 259
28 81 576
0 83 144
144 64 576
0 66 288
0 64 432
0 63 144
0 64 144
0 69 144
0 73 144
0 76 132
12 78 276
12 78 12
0 74 216
72 74 1728
0 78 288
1440 69 864
0 81 72
0 79 72
0 78 72
0 79 72
0 78 144
0 79 144
0 83 144
0 81 144
0 74 288
144 66 144
0 69 144
0 74 144
0 78 144
0 69 144
0 80 276
0 80 12
0 69 216
72 69 432
0 61 144
0 64 144
0 69 144
0 73 144
0 64 144
0 75 288
0 64 216
72 64 216
72 66 216
72 68 576
0 69 432
0 78 132
0 78 12
0 68 864
0 64 288
0 61 129
14 69 288
0 64 144
0 69 259
28 69 428
3 69 288
0 64 144
0 61 129
14 66 288
0 61 144
0 57 259
28 57 576
0 66 288
0 62 129
14 71 288
0 66 144
0 71 259
28 71 428
3 71 288
0 66 144
0 62 129
14 68 288
0 63 144
0 59 129
158 59 428
3 56 285
3 56 2
0 57 132
0 57 12
0 64 129
0 64 14
0 61 288
0 69 144
0 64 129
0 64 14
144 64 428
3 69 141
2 69 141
2 69 141
2 69 141
2 69 141
2 69 141
2 69 144
0 74 129
0 74 14
144 74 428
3 66 285
3 66 2
0 64 144
0 66 136
7 66 288
0 67 144
0 66 129
0 66 14
144 66 432
0 62 141
2 62 141
2 62 141
2 62 141
2 62 141
2 66 141
2 64 144
0 74 129
0 74 14
144 74 428
3 74 276
12 74 144
0 74 129
0 74 14
144 74 432
0 69 276
12 69 144
0 61 129
0 61 14
144 61 432
0 69 144
0 66 144
0 69 144
0 74 129
158 74 420
12 69 141
2 74 141
2 76 141
2 74 141
2 69 141
2 74 141
2 76 144
0 74 129
158 74 420
12 69 141
2 74 141
2 76 141
2 74 141
2 69 141
2 74 141
2 76 144
0 79 129
158 83 420
12 74 140
12 74 1
2 79 140
2 79 1
2 74 140
2 74 1
2 71 140
2 71 1
2 69 140
2 69 1
2 71 140
2 71 1
2 74 144
0 79 129
158 83 420
12 79 140
12 79 1
2 83 140
3 81 140
3 81 1
2 79 140
3 76 140
3 76 1
2 79 140
3 76 144
0 73 129
158 76 420
12 73 140
12 73 1
2 76 140
3 74 140
3 74 1
2 73 140
3 74 140
3 73 140
3 71 144
0 70 129
158 78 420
12 73 140
12 73 1
2 76 140
3 74 140
3 74 1
2 73 140
3 74 140
3 73 140
3 71 144
0 70 129
158 78 564
12 70 564
12 70 259
28 69 129
158 78 564
12 69 564
12 69 259
28 68 129
158 76 564
158 76 8
3 74 140
3 72 140
3 72 1
2 71 140
3 72 140
3 71 140
3 69 144
0 68 129
158 76 420
12 71 140
3 74 140
3 72 140
3 72 1
2 71 140
3 72 140
3 71 140
3 69 144
0 68 129
158 76 564
156 64 144
0 61 129
14 69 288
0 64 144
0 69 259
28 69 428
3 69 288
0 64 144
0 61 129
14 66 288
0 61 144
0 57 259
28 57 576
0 66 288
0 62 129
14 71 288
0 66 144
0 71 259
28 71 428
3 71 288
0 66 144
0 62 129
14 67 288
0 63 144
0 59 129
158 59 427
158 59 1
3 55 285
3 55 2
0 57 141
0 57 2
0 64 129
0 64 14
0 60 288
0 67 144
0 64 129
0 64 14
144 64 427
144 64 1
3 72 140
3 72 140
3 72 1
2 72 140
3 72 140
3 72 1
2 72 140
3 72 140
3 72 1
2 79 144
0 77 129
0 77 14
144 77 427
144 77 1
3 69 285
3 69 2
0 70 144
0 69 136
7 69 288
0 67 144
0 74 129
0 74 14
144 74 420
144 74 12
0 74 141
2 74 140
2 74 1
2 74 141
2 74 140
2 74 1
2 74 141
2 74 140
3 74 144
0 74 129
0 74 14
144 74 427
144 74 1
144 74 3
0 71 276
0 71 12
0 72 144
0 71 136
7 71 288
0 69 144
0 76 129
0 76 14
144 76 420
144 76 12
0 76 141
2 76 140
2 76 1
2 76 141
2 76 140
2 76 1
2 76 141
2 76 140
3 76 144
0 76 129
0 76 14
144 76 427
144 76 4
0 81 276
12 81 134
12 81 9
0 72 129
0 72 14
144 81 432
0 81 276
12 72 144
0 83 129
0 83 14
144 83 426
144 83 6
0 83 129
0 83 14
144 83 144
0 79 129
0 79 14
144 79 427
144 79 4
0 83 276
12 83 134
12 83 9
0 88 129
0 88 14
144 84 432
0 84 276
12 76 144
0 84 129
0 84 14
144 84 426
144 84 6
0 72 129
0 72 14
144 72 129
14 67 129
14 67 14
144 67 427
144 67 4
0 72 276
12 72 121
12 72 8
14 76 129
14 76 14
144 71 428
3 71 276
12 71 134
12 71 9
0 74 129
0 74 14
144 69 428
3 69 276
12 69 134
12 69 9
0 72 129
0 72 14
144 68 432
144 61 259
28 62 259
28 60 259
28 61 420
12 69 144
0 69 276
0 69 12
0 73 276
0 73 12
0 61 288
0 61 259
28 66 420
12 78 144
0 74 276
0 74 12
0 66 144
0 69 144
0 62 288
0 62 259
28 62 420
12 74 132
12 74 276
12 74 132
12 74 12
48 66 48
0 68 48
0 62 259
28 62 259
28 62 420
12 69 132
12 69 12
0 69 276
0 69 12
0 69 276
0 69 12
0 69 259
0 69 16
12 69 259
12 69 28
0 69 132
12 85 288
0 73 144
0 73 288
0 73 144
0 69 138
6 64 259
28 73 259
28 73 132
28 73 12
0 92 288
0 80 144
0 80 288
0 80 144
0 68 138
6 66 259
28 66 259
28 64 132
12 85 288
0 73 144
0 73 288
0 73 144
0 64 138
6 62 259
28 62 259
28 61 132
12 81 288
0 69 144
0 69 288
0 69 144
0 68 138
6 62 259
28 68 259
28 67 132
28 67 12
0 86 288
0 74 144
0 74 288
0 74 420
12 74 287
0 62 7
0 62 136
0 62 288
0 69 420
12 86 288
0 74 144
0 74 288
0 74 420
12 74 287
0 62 7
0 62 136
0 62 288
0 69 420
12 86 273
14 74 136
7 74 144
144 74 144
144 71 144
144 67 144
144 62 144
144 59 144
144 55 1728
0 55 1728
0 56 930
6 64 72
0 66 72
0 68 72
0 66 432
0 64 132
12 56 930
6 64 72
0 66 72
0 68 72
0 66 432
0 64 132
12 61 144
0 69 144
0 63 144
0 69 144
0 64 576
0 62 432
0 71 144
0 61 144
0 57 216
72 57 108
36 57 216
72 57 216
792 57 216
72 57 108
36 57 216
72 57 216
792 57 216
72 57 108
36 57 216
72 57 216
792 57 216
72 57 108
36 57 216
72 57 216
792 57 216
72 57 108
36 57 216
72 57 216
792 58 216
72 58 108
36 58 216
72 58 216
792 57 216
72 57 108
36 57 216
72 57 216
792 56 216
72 56 108
36 56 216
72 56 216
792 52 216
72 52 108
36 52 216
72 52 216
72 52 216
72 52 216
72 49 1728
