0 60 69
0 65 69
0 68 69
0 72 1247
0 70 207
0 68 623
0 70 207
0 67 623
0 68 207
0 65 623
0 66 207
0 63 623
0 65 207
0 61 623
0 63 207
0 60 623
0 61 207
0 58 623
0 60 207
0 56 623
0 58 207
0 54 623
0 56 207
0 53 623
0 55 207
0 52 415
415 73 415
1247 72 69
0 73 69
0 75 69
0 73 415
0 72 207
0 72 831
0 77 1108
0 67 277
0 70 277
0 73 277
0 70 277
0 67 277
0 65 1662
0 64 415
0 78 207
0 79 207
0 80 207
0 81 207
0 82 207
0 83 207
0 72 69
0 77 69
0 80 69
0 84 1247
0 82 207
0 80 207
0 82 103
0 80 103
0 79 103
0 80 103
0 82 207
0 79 207
0 80 103
0 79 103
0 77 103
0 79 103
0 80 207
0 77 207
0 79 103
0 77 103
0 76 103
0 77 103
0 78 207
0 75 207
0 77 103
0 75 103
0 74 103
0 75 103
0 77 207
0 73 207
0 75 103
0 73 103
0 72 103
0 73 103
0 75 207
0 72 207
0 73 103
0 72 103
0 71 103
0 72 103
0 73 207
0 70 207
0 73 207
0 70 207
0 73 207
0 68 207
0 73 207
0 68 207
0 73 207
0 66 207
0 73 207
0 66 207
0 73 207
0 65 207
0 73 207
0 65 207
0 73 207
0 64 415
415 82 415
1247 72 69
0 73 69
0 75 69
0 73 415
0 72 207
0 72 277
0 80 277
0 79 277
0 77 277
0 72 277
0 68 277
0 67 277
0 75 277
0 72 277
0 73 277
0 70 277
0 67 277
0 65 277
0 60 277
0 65 277
0 68 277
0 65 277
0 73 277
0 72 415
415 76 311
519 77 311
103 68 207
0 72 207
0 68 207
0 72 207
0 68 207
0 72 207
0 67 207
0 71 207
0 68 207
0 72 207
0 68 207
0 72 207
0 68 207
0 72 207
0 69 207
0 75 207
0 70 207
0 73 207
0 70 207
0 73 207
0 70 207
0 73 207
0 73 207
0 77 207
0 70 207
0 73 207
0 68 207
0 73 207
0 67 207
0 73 207
0 68 207
0 73 207
0 68 207
0 72 207
0 68 207
0 72 207
0 68 207
0 72 207
0 68 207
0 72 207
0 66 207
0 70 207
0 66 207
0 70 207
0 66 207
0 70 207
0 66 207
0 70 207
0 65 207
0 68 207
0 65 207
0 68 207
0 65 207
0 68 207
0 65 207
0 68 207
0 64 207
0 67 207
0 64 207
0 67 207
0 64 207
0 67 207
0 65 415
0 68 207
0 72 207
0 68 207
0 72 207
0 68 207
0 72 207
0 67 207
0 71 207
0 68 207
0 72 207
0 68 207
0 72 207
0 68 207
0 72 207
0 69 207
0 75 207
0 70 207
0 73 207
0 70 207
0 73 207
0 70 207
0 73 207
0 73 207
0 77 207
0 70 207
0 73 207
0 68 207
0 73 207
0 67 207
0 73 207
0 68 207
0 73 207
0 68 207
0 72 207
0 68 207
0 72 207
0 68 207
0 72 207
0 72 207
0 75 207
0 65 207
0 70 207
0 73 207
0 77 207
0 75 207
0 73 207
0 70 207
0 73 207
0 63 207
0 68 207
0 72 207
0 75 207
0 73 207
0 72 207
0 69 207
0 72 207
0 63 207
0 67 207
0 70 207
0 73 207
0 72 207
0 70 207
0 68 415
0 68 207
0 72 207
0 68 207
0 72 207
0 68 207
0 72 207
0 71 207
0 74 207
0 72 207
0 75 207
0 72 207
0 75 207
0 72 207
0 75 207
0 72 207
0 75 207
0 73 207
0 76 207
0 79 207
0 82 207
0 72 207
0 75 207
0 73 207
0 76 207
0 79 207
0 82 207
0 80 207
0 79 207
0 77 207
0 79 207
0 80 415
0 68 207
0 72 207
0 68 207
0 72 207
0 68 207
0 72 207
0 71 207
0 74 207
0 72 207
0 75 207
0 72 207
0 75 207
0 72 207
0 75 207
0 74 207
0 77 207
0 75 207
0 78 207
0 81 207
0 84 207
0 74 207
0 77 207
0 75 207
0 78 207
0 81 207
0 84 207
0 82 207
0 81 207
0 79 207
0 81 207
0 82 415
0 73 207
0 77 207
0 73 207
0 77 207
0 73 207
0 77 207
0 72 207
0 76 207
0 73 207
0 77 207
0 73 207
0 77 207
0 73 207
0 77 207
0 82 207
0 73 207
0 76 207
0 73 207
0 75 207
0 73 207
0 76 207
0 73 207
0 80 207
0 72 207
0 77 207
0 72 207
0 75 207
0 72 207
0 80 207
0 72 207
0 85 207
0 73 207
0 76 207
0 73 207
0 75 207
0 73 207
0 76 207
0 73 207
0 84 207
0 72 207
0 77 207
0 72 207
0 75 207
0 72 207
0 80 207
0 72 207
0 84 207
0 87 207
0 77 207
0 82 207
0 85 207
0 89 207
0 87 207
0 85 207
0 82 207
0 85 207
0 75 207
0 80 207
0 84 207
0 87 207
0 85 207
0 84 207
0 81 207
0 84 207
0 75 207
0 79 207
0 82 207
0 85 207
0 84 207
0 82 207
0 80 207
0 79 207
0 77 207
0 76 207
0 75 207
0 73 207
0 72 207
0 70 207
0 68 415
0 56 207
207 56 207
207 56 207
207 55 415
0 56 207
207 56 207
207 56 207
207 57 623
0 58 103
0 60 103
0 58 623
0 60 103
0 61 103
0 63 207
207 67 207
0 70 207
0 75 207
0 79 207
0 82 207
0 87 207
0 80 415
0 56 207
207 56 207
207 56 207
207 55 415
0 56 207
207 56 207
207 56 207
207 57 623
0 58 103
0 60 103
0 58 623
0 60 103
0 61 103
0 63 207
207 64 207
0 67 207
0 72 207
0 76 207
0 79 207
0 84 207
0 77 415
0 65 207
207 56 207
207 56 207
207 56 415
0 65 207
207 56 207
207 56 207
207 65 623
0 66 103
0 68 103
0 66 415
0 66 207
0 68 103
0 69 103
0 68 207
207 72 207
0 75 207
0 80 207
0 84 207
0 87 207
0 92 207
0 85 415
0 65 207
207 56 207
207 56 207
207 64 415
0 65 207
207 56 207
207 65 207
207 62 415
0 65 207
207 62 207
207 62 207
207 63 207
207 67 414
0 75 207
0 79 207
0 82 207
0 87 207
0 73 415
0 72 207
207 67 207
207 67 207
207 65 207
207 69 414
0 77 207
0 81 207
0 84 207
0 89 207
0 78 415
0 89 311
103 77 415
0 88 311
103 88 415
0 89 311
103 89 415
0 72 311
103 82 415
0 81 311
103 69 415
0 79 311
103 79 415
0 77 209
206 77 209
206 65 209
206 66 415
0 65 311
103 77 415
0 76 311
103 64 415
0 65 311
103 77 415
0 72 311
103 58 415
0 57 311
103 57 415
0 67 311
103 67 415
0 53 209
206 53 209
206 53 209
206 53 209
206 65 209
206 53 209
206 53 209
206 65 209
206 53 209
206 65 209
206 65 209
206 58 415
0 63 209
0 63 206
0 63 207
0 63 1
206 63 207
206 63 1
206 61 207
206 61 1
206 61 207
206 61 1
206 63 207
206 63 1
206 55 207
206 55 1
206 56 415
0 68 311
103 68 311
103 63 311
103 71 415
0 72 311
103 72 311
103 68 311
103 75 415
0 73 311
103 68 311
103 65 311
103 73 415
0 72 415
0 65 415
0 68 415
0 63 415
0 67 311
103 67 311
103 63 311
103 58 311
103 63 311
103 63 415
0 70 415
0 61 415
0 68 311
103 63 311
103 68 311
103 60 311
103 63 311
103 68 622
0 63 207
0 60 415
0 63 311
103 58 311
103 67 311
103 67 311
103 63 311
103 60 415
0 70 415
0 61 415
0 68 311
103 60 311
103 60 311
103 68 311
103 75 415
0 72 415
0 75 415
415 75 311
103 84 311
103 84 311
103 80 415
0 75 311
103 84 311
103 84 311
103 87 415
0 80 311
103 85 311
103 77 311
103 80 415
0 75 415
0 77 415
0 77 415
0 80 415
0 75 311
103 79 311
103 75 311
103 75 311
103 75 311
103 72 415
0 75 415
0 73 415
0 75 311
103 80 311
103 75 311
103 80 311
103 80 311
103 80 622
0 75 207
0 75 415
0 75 311
103 75 311
103 70 311
103 70 311
103 75 311
103 80 415
0 75 415
0 73 415
0 80 311
103 75 311
103 80 311
103 80 311
103 75 207
0 87 207
0 80 207
0 87 207
0 82 207
0 87 207
0 75 207
0 87 207
0 84 207
0 75 207
0 75 207
0 87 207
0 84 207
0 75 207
0 75 207
0 87 207
0 84 207
0 75 207
0 75 207
0 87 207
0 80 207
0 92 207
0 80 207
0 92 207
0 89 207
0 80 207
0 80 207
0 92 207
0 89 207
0 80 207
0 80 207
0 92 207
0 81 207
0 93 207
0 82 207
0 94 207
0 96 207
0 97 207
0 87 207
0 99 207
0 97 207
0 87 207
0 87 207
0 99 207
0 97 207
0 87 207
0 87 207
0 99 207
0 97 207
0 87 207
0 96 207
0 99 207
0 94 207
0 99 207
0 87 207
0 99 207
0 96 207
0 87 207
0 75 207
0 87 207
0 84 207
0 75 207
0 75 207
0 87 207
0 84 207
0 75 207
0 80 207
0 92 207
0 75 207
0 87 207
0 75 207
0 87 207
0 85 207
0 75 207
0 75 207
0 87 207
0 85 207
0 75 207
0 75 207
0 87 207
0 85 207
0 75 207
0 84 207
0 87 207
0 82 207
0 87 207
0 75 207
0 87 207
0 84 207
0 75 207
0 75 207
0 87 207
0 84 207
0 75 207
0 75 207
0 87 207
0 84 207
0 75 207
0 80 207
0 92 207
0 75 207
0 87 207
0 87 207
0 99 207
0 97 207
0 87 207
0 87 207
0 99 207
0 97 207
0 87 207
0 87 207
0 99 207
0 97 207
0 87 207
0 96 207
0 99 207
0 94 207
0 99 207
0 94 2078
0 96 415
0 97 415
0 98 415
0 99 2494
0 91 831
0 96 207
0 99 207
0 92 207
0 96 207
0 87 207
0 92 207
0 84 207
0 87 207
0 80 207
0 84 207
0 75 207
0 80 207
0 72 207
0 75 207
0 68 207
0 72 207
0 63 207
0 68 207
0 60 207
0 63 207
8313 71 415
0 70 415
0 75 831
1247 47 415
0 51 415
0 44 415
0 39 415
2078 70 415
0 76 415
0 75 831
1662 51 415
0 46 415
0 44 412
0 44 3
2078 71 415
0 73 415
0 71 831
1247 51 415
0 49 415
0 47 415
0 42 415
2078 76 415
0 80 415
0 75 831
1662 51 415
0 49 415
0 54 412
0 54 3
1662 75 415
0 73 415
0 71 415
0 68 831
1247 52 415
0 51 415
0 49 415
0 46 1662
0 47 415
0 75 415
0 76 415
0 77 415
0 78 3325
0 75 831
1247 47 415
0 49 415
0 50 415
0 42 3325
0 35 831
831 39 1247
0 37 138
0 35 138
0 34 138
2494 68 415
0 70 415
0 75 831
1247 47 415
0 51 415
0 44 415
0 39 412
0 39 3
2078 73 415
0 73 415
0 75 831
1662 47 415
0 51 415
0 51 415
2078 68 415
0 70 415
0 71 831
1247 51 415
0 54 415
0 47 415
0 54 415
2078 76 415
0 80 415
0 78 831
1662 54 415
0 54 415
0 54 415
1662 75 415
0 73 415
0 71 415
0 68 831
1247 52 415
0 51 415
0 49 415
0 46 1662
0 47 415
0 75 415
0 76 415
0 77 415
0 78 3325
0 75 831
1247 47 415
0 49 415
0 50 415
0 42 3325
0 35 831
1247 75 415
0 75 415
0 76 415
0 75 831
0 70 415
831 51 415
0 39 415
0 34 415
0 47 831
0 44 415
831 71 415
0 75 415
0 71 415
0 70 831
0 70 415
831 51 415
0 51 415
0 34 415
0 35 831
0 44 415
831 75 415
0 75 415
0 75 415
0 76 415
415 40 1662
0 72 623
0 74 207
0 76 415
415 40 1662
0 72 623
0 74 207
0 76 415
415 40 1662
0 39 831
0 38 415
415 77 1247
0 77 415
0 79 415
0 80 415
0 79 415
415 39 831
415 77 415
0 75 415
0 74 415
0 72 415
415 44 831
0 41 415
415 72 831
0 74 415
415 46 831
0 47 831
0 46 831
0 75 831
831 39 1662
0 41 1662
0 43 1662
0 44 831
1662 68 415
0 70 415
0 68 831
1247 48 415
0 51 415
0 44 415
0 51 415
2078 70 415
0 77 415
0 72 831
1662 51 415
0 51 415
0 44 412
0 44 3
2078 72 415
0 70 415
0 72 831
1247 48 415
0 49 415
0 55 415
0 56 415
1662 80 415
0 75 415
0 77 415
0 75 831
1247 48 415
0 49 415
0 39 415
0 44 415
2078 72 415
0 73 415
0 72 831
1247 51 415
0 49 415
0 55 415
0 48 415
1662 72 415
0 75 415
0 77 415
0 75 831
1247 48 415
0 46 415
0 46 415
0 48 415
1662 51 415
0 46 415
0 39 415
0 44 415
1662 51 415
0 46 415
0 39 415
0 32 415
2909 56 207
0 60 207
0 48 207
0 51 207
0 56 207
0 60 207
0 48 207
0 51 207
0 56 207
0 60 207
0 48 207
0 51 207
0 56 207
0 60 207
0 48 207
0 51 207
0 58 207
0 60 207
0 48 207
0 52 207
0 58 207
0 60 207
0 52 207
0 58 207
0 60 207
0 64 207
0 58 207
0 60 207
0 64 207
0 70 207
0 60 207
0 64 207
0 70 207
0 72 207
0 60 207
0 64 207
0 70 207
0 72 207
0 60 207
0 64 207
0 70 207
0 72 207
0 60 207
0 64 207
0 70 207
0 72 207
0 60 207
0 64 207
0 60 69
0 65 69
0 68 69
0 72 1247
0 70 207
0 68 623
0 70 207
0 67 623
0 68 207
0 65 623
0 66 207
0 63 623
0 65 207
0 61 623
0 63 207
0 60 623
0 61 207
0 58 623
0 60 207
0 56 623
0 58 207
0 54 623
0 56 207
0 53 623
0 55 207
0 52 415
415 73 415
1247 72 69
0 73 69
0 75 69
0 73 415
0 72 207
0 72 831
0 77 1108
0 67 277
0 70 277
0 73 277
0 70 277
0 67 277
0 65 1662
0 64 415
0 78 207
0 79 207
0 80 207
0 81 207
0 82 207
0 83 207
0 72 69
0 77 69
0 80 69
0 84 1247
0 82 207
0 80 623
0 92 207
0 79 623
0 91 207
0 77 623
0 89 207
0 75 623
0 87 207
0 73 623
0 85 207
0 72 623
0 84 207
0 70 207
10 82 207
10 82 197
0 82 207
0 68 207
0 80 207
0 68 207
0 80 207
0 66 207
0 78 207
0 66 207
0 78 207
0 65 207
0 77 207
0 65 207
0 77 207
0 76 415
415 85 415
1247 72 69
0 73 69
0 75 69
0 73 415
0 72 207
0 72 277
0 80 277
0 79 277
0 77 277
0 72 277
0 68 277
0 67 277
0 75 277
0 72 277
0 73 277
0 70 277
0 67 277
0 65 277
0 60 277
0 65 277
0 68 277
0 65 277
0 73 277
0 72 415
415 76 311
519 68 311
103 68 207
0 72 207
0 68 207
0 72 207
0 68 207
0 72 207
0 67 207
0 71 207
0 68 207
0 72 207
0 68 207
0 72 207
0 68 207
0 72 207
0 69 207
0 75 207
0 70 207
0 73 207
0 70 207
0 73 207
0 70 207
0 73 207
0 73 207
0 77 207
0 70 207
0 73 207
0 68 207
0 73 207
0 67 207
0 73 207
0 68 207
0 75 207
0 68 207
0 72 207
0 68 207
0 72 207
0 68 207
0 72 207
0 68 207
0 72 207
0 66 207
0 70 207
0 66 207
0 70 207
0 66 207
0 70 207
0 66 207
0 70 207
0 65 207
0 68 207
0 65 207
0 68 207
0 65 207
0 68 207
0 65 207
0 68 207
0 64 207
0 67 207
0 64 207
0 67 207
0 64 207
0 67 207
0 65 415
0 69 207
0 72 207
0 69 207
0 72 207
0 69 207
0 72 207
0 68 207
0 71 207
0 69 207
0 72 207
0 69 207
0 72 207
0 69 207
0 72 207
0 69 207
0 75 207
0 70 207
0 74 207
0 70 207
0 74 207
0 70 207
0 74 207
0 74 207
0 77 207
0 70 207
0 74 207
0 69 207
0 74 207
0 68 207
0 74 207
0 69 207
10 74 207
10 74 197
0 72 207
0 69 207
0 72 207
0 69 207
0 72 207
0 69 207
0 72 207
0 62 207
0 67 207
0 70 207
0 74 207
0 72 207
0 70 207
0 67 207
0 70 207
0 60 207
0 65 207
0 69 207
0 72 207
0 70 207
0 69 207
0 66 207
0 69 207
0 60 207
0 64 207
0 67 207
0 70 207
0 69 207
0 67 207
0 65 415
0 69 207
0 72 207
0 69 207
0 72 207
0 69 207
0 72 207
0 68 207
0 71 207
0 69 207
0 72 207
0 69 207
0 72 207
0 69 207
0 72 207
0 69 207
0 72 207
0 70 207
0 73 207
0 76 207
0 79 207
0 69 207
0 72 207
0 70 207
0 73 207
0 76 207
0 79 207
0 77 207
0 76 207
0 74 207
0 76 207
0 77 415
0 69 207
0 72 207
0 69 207
0 72 207
0 69 207
0 72 207
0 68 207
0 71 207
0 69 207
0 72 207
0 69 207
0 72 207
0 69 207
0 72 207
0 71 207
0 74 207
0 72 207
0 75 207
0 78 207
0 81 207
0 71 207
0 74 207
0 72 207
0 75 207
0 78 207
0 81 207
0 79 207
0 78 207
0 76 207
0 78 207
0 79 415
0 70 207
0 74 207
0 70 207
0 74 207
0 70 207
0 74 207
0 69 207
0 73 207
0 70 207
0 74 207
0 70 207
0 74 207
0 70 207
0 74 207
0 79 207
0 70 207
0 73 207
0 70 207
0 72 207
0 70 207
0 73 207
0 70 207
0 77 207
0 69 207
0 74 207
0 69 207
0 72 207
0 69 207
0 77 207
0 69 207
0 79 207
0 70 207
0 73 207
0 70 207
0 72 207
0 70 207
0 73 207
0 70 207
0 81 207
0 69 207
0 74 207
0 69 207
0 72 207
0 69 207
0 77 207
0 69 207
0 81 207
0 84 207
0 74 207
0 79 207
0 82 207
0 86 207
0 84 207
0 82 207
0 79 207
0 82 207
0 72 207
0 77 207
0 81 207
0 84 207
0 82 207
0 81 207
0 78 207
0 81 207
0 72 207
0 76 207
0 79 207
0 82 207
0 81 207
0 79 207
0 77 207
0 76 207
0 74 207
0 73 207
0 72 207
0 70 207
0 69 207
0 67 207
0 65 415
0 53 207
207 53 207
207 53 207
207 52 415
0 53 207
207 53 207
207 53 207
207 54 623
0 55 103
0 57 103
0 55 623
0 57 103
0 58 103
0 60 207
207 64 207
0 67 207
0 72 207
0 76 207
0 79 207
0 84 207
0 77 415
0 53 207
207 53 207
207 53 207
207 52 415
0 53 207
207 53 207
207 53 207
207 54 623
0 55 103
0 57 103
0 55 623
0 57 103
0 58 103
0 60 207
207 61 207
0 64 207
0 69 207
0 73 207
0 76 207
0 81 207
0 74 415
0 62 207
207 53 207
207 53 207
207 53 415
0 53 207
207 62 207
207 53 207
207 62 623
0 63 103
0 65 103
0 63 415
0 63 207
0 65 103
0 66 103
0 65 207
207 69 207
0 72 207
0 77 207
0 81 207
0 84 207
0 89 207
0 82 415
0 62 207
207 53 207
207 53 207
207 61 415
0 53 207
207 62 207
207 53 207
207 68 415
0 59 207
207 59 207
207 62 207
207 64 207
207 64 414
0 72 207
0 76 207
0 79 207
0 84 207
0 61 415
0 64 207
207 64 207
207 64 207
207 62 207
207 66 414
0 74 207
0 78 207
0 81 207
0 86 207
0 75 415
0 86 311
103 86 415
0 85 311
103 73 415
0 86 311
103 86 415
0 69 311
103 79 415
0 78 311
103 78 415
0 64 311
103 64 415
0 62 209
206 62 209
206 74 209
206 63 415
0 74 311
103 62 415
0 73 311
103 73 415
0 62 311
103 74 415
0 57 311
103 67 415
0 66 311
103 66 415
0 64 311
103 52 415
0 62 209
206 50 209
206 62 209
206 50 209
206 62 209
206 62 209
206 50 209
206 50 209
206 50 209
206 62 209
206 62 209
206 58 415
0 52 207
0 52 1
206 60 207
206 60 1
206 58 207
206 58 1
206 58 207
206 58 1
206 55 207
206 55 1
206 55 207
206 55 1
206 52 207
206 52 1
206 53 415
0 65 311
103 65 311
103 65 311
103 65 415
0 69 311
103 65 311
103 69 311
103 72 415
0 70 311
103 65 311
103 62 311
103 70 415
0 69 415
0 67 415
0 62 415
0 57 415
0 64 311
103 64 311
103 64 311
103 60 311
103 60 311
103 60 415
0 58 415
0 60 415
0 60 311
103 57 311
103 60 311
103 57 311
103 65 311
103 65 622
0 60 207
0 57 415
0 55 311
103 60 311
103 64 311
103 55 311
103 64 311
103 57 415
0 67 415
0 58 415
0 57 311
103 57 311
103 57 311
103 65 311
103 72 415
0 69 415
0 79 415
415 72 311
103 81 311
103 77 311
103 71 415
0 72 311
103 77 311
103 81 311
103 84 415
0 74 311
103 82 311
103 74 311
103 77 415
0 72 415
0 74 415
0 74 415
0 77 415
0 72 311
103 76 311
103 72 311
103 67 311
103 76 311
103 69 415
0 79 415
0 72 415
0 77 311
103 77 311
103 77 311
103 72 311
103 77 311
103 77 622
0 72 207
0 72 415
0 67 311
103 67 311
103 67 311
103 76 311
103 72 311
103 77 415
0 79 415
0 70 415
0 77 311
103 77 311
103 72 311
103 72 311
103 72 207
0 84 207
0 77 207
0 84 207
0 79 207
0 84 207
0 72 207
0 84 207
0 81 207
0 72 207
0 72 207
0 84 207
0 81 207
0 72 207
0 72 207
0 84 207
0 81 207
0 72 207
0 72 207
0 84 207
0 77 207
0 89 207
0 77 207
0 89 207
0 86 207
0 77 207
0 77 207
0 89 207
0 86 207
0 77 207
0 77 207
0 89 207
0 78 207
0 90 207
0 79 207
0 91 207
0 81 207
0 82 207
0 84 207
0 96 207
0 94 207
0 84 207
0 84 207
0 96 207
0 94 207
0 84 207
0 84 207
0 96 207
0 94 207
0 84 207
0 93 207
0 96 207
0 91 207
0 96 207
0 84 207
0 96 207
0 93 207
0 84 207
0 84 207
0 96 207
0 93 207
0 84 207
0 84 207
0 96 207
0 93 207
0 84 207
0 89 207
0 101 207
0 84 207
0 96 207
0 84 207
0 96 207
0 94 207
0 84 207
0 84 207
0 96 207
0 94 207
0 84 207
0 84 207
0 96 207
0 94 207
0 84 207
0 93 207
0 96 207
0 91 207
0 96 207
0 84 207
0 96 207
0 93 207
0 84 207
0 84 207
0 96 207
0 93 207
0 84 207
0 84 207
0 96 207
0 93 207
0 84 207
0 89 207
0 101 207
0 84 207
0 96 207
0 84 207
0 96 207
0 94 207
0 84 207
0 84 207
0 96 207
0 94 207
0 84 207
0 84 207
0 96 207
0 94 207
0 84 207
0 93 207
0 96 207
0 91 207
0 96 207
0 91 2078
0 93 415
0 94 415
0 95 415
0 96 2494
0 88 831
0 89 207
0 93 207
0 84 207
0 89 207
0 81 207
0 84 207
0 77 207
0 81 207
0 72 207
0 77 207
0 69 207
0 72 207
0 65 207
0 69 207
0 60 207
0 65 207
0 69 207
0 72 207
0 60 207
0 65 207
0 69 207
0 72 207
0 60 207
0 65 207
0 69 207
0 72 207
0 60 207
0 65 207
0 69 207
0 72 207
0 60 207
0 65 207
2494 80 415
0 82 415
0 84 831
1247 56 415
0 60 415
0 53 415
0 60 415
2078 79 415
0 85 415
0 84 831
1662 56 415
0 55 415
0 53 415
2078 77 415
0 79 415
0 80 831
1247 63 415
0 58 415
0 56 415
0 51 415
2078 85 415
0 85 415
0 84 831
1662 60 415
0 63 415
0 56 415
1662 84 415
0 82 415
0 80 415
0 77 831
1247 49 415
0 48 415
0 46 415
0 43 1662
0 44 415
0 84 415
0 85 415
0 86 415
0 87 3325
0 84 831
1247 44 415
0 46 415
0 47 415
0 39 3325
0 32 831
1247 80 415
0 84 415
0 80 415
0 82 831
0 79 415
831 60 415
0 60 415
0 55 415
0 56 831
0 53 415
831 80 415
0 84 415
0 85 415
0 79 831
0 79 415
831 60 415
0 60 415
0 55 415
0 44 831
0 53 415
831 84 415
0 84 415
0 84 415
0 85 831
0 49 1662
0 81 623
0 83 207
0 85 831
0 49 1662
0 81 623
0 83 207
0 85 831
0 49 1662
0 48 831
0 47 415
415 86 1247
0 86 415
0 88 415
0 89 415
0 88 415
415 48 831
415 86 415
0 84 415
0 83 415
0 81 415
415 53 831
0 50 415
415 81 831
0 83 415
415 55 831
0 56 831
0 55 831
0 84 831
831 48 1662
0 50 1662
0 52 1662
0 53 831
1662 77 415
0 76 415
0 77 831
1247 57 415
0 55 415
0 60 415
0 48 415
2078 79 415
0 82 415
0 81 831
1662 60 415
0 55 415
0 60 415
2078 77 415
0 79 415
0 81 831
1247 53 415
0 62 415
0 55 415
0 65 415
1662 81 415
0 84 415
0 82 415
0 81 831
1247 60 415
0 55 415
0 48 415
0 57 415
2078 81 415
0 82 415
0 81 831
1247 57 415
0 58 415
0 64 415
0 65 415
1662 81 415
0 88 415
0 82 415
0 84 831
1247 57 415
0 55 415
0 48 415
0 53 415
1662 60 415
0 55 415
0 55 415
0 57 415
1662 60 415
0 58 415
0 48 415
0 45 415
2909 65 207
0 68 207
0 56 207
0 60 207
0 65 207
0 68 207
0 56 207
0 60 207
0 65 207
0 68 207
0 56 207
0 60 207
0 68 207
0 72 207
0 60 207
0 65 207
0 60 69
0 65 69
0 68 69
0 72 1247
0 70 207
0 68 623
0 70 207
0 67 623
0 68 207
0 65 207
0 67 103
0 65 103
0 64 103
0 65 103
0 66 207
0 63 207
0 65 103
0 63 103
0 62 103
0 63 103
0 65 207
0 61 207
0 63 103
0 61 103
0 60 103
0 61 103
0 63 207
0 60 207
0 61 103
0 60 103
0 59 103
0 60 103
0 61 207
0 58 207
0 61 207
0 58 207
0 61 207
0 56 207
0 61 207
0 56 207
0 61 207
0 54 207
0 61 207
0 54 207
0 61 207
0 53 207
0 61 207
0 53 207
0 61 207
0 52 415
415 67 415
1247 72 69
0 73 69
0 75 69
0 73 415
0 72 207
0 72 277
0 80 277
0 79 277
0 77 277
0 72 277
0 68 277
0 67 277
0 75 277
0 72 277
0 73 277
0 70 277
0 67 277
0 65 554
0 58 277
0 60 277
0 58 277
0 56 277
0 61 831
0 60 415
0 58 415
0 65 554
0 58 277
0 60 277
0 58 277
0 56 277
0 64 831
0 60 415
0 58 415
0 56 831
831 56 831
831 56 1662
