573 65 191
0 70 191
0 69 191
0 70 191
0 72 191
0 62 573
0 60 95
0 58 95
0 60 180
11 65 180
11 65 180
11 65 95
0 65 95
0 58 191
0 63 191
0 62 191
0 70 191
0 63 573
0 62 95
0 70 95
0 70 191
0 65 191
0 65 191
0 65 191
0 70 191
0 70 191
0 65 1242
478 65 191
0 65 191
0 65 191
0 65 191
0 65 191
0 74 573
0 72 95
0 70 95
0 72 189
1 65 189
1 65 189
1 65 95
0 65 95
0 58 191
0 63 191
0 62 191
0 65 191
0 67 573
0 67 95
0 71 95
0 75 191
0 74 191
0 72 191
0 60 191
0 65 573
0 70 95
0 69 95
0 62 191
0 57 191
0 58 191
0 65 191
0 65 382
0 58 95
860 70 191
0 70 191
0 68 191
0 70 191
0 71 191
0 73 573
0 71 95
0 70 95
0 75 95
95 75 95
95 75 95
95 77 95
0 78 95
0 73 573
0 71 95
0 70 95
0 71 191
0 75 191
0 68 191
0 71 191
0 70 191
0 66 286
0 65 95
0 75 95
0 61 95
0 59 191
0 75 191
0 68 191
0 70 95
0 71 95
0 70 95
0 73 95
0 82 95
0 78 95
0 73 95
0 70 95
0 78 95
0 74 95
0 75 95
0 71 95
0 83 95
0 80 95
0 77 95
0 80 95
0 85 95
0 81 95
0 82 95
0 78 95
0 82 47
0 78 47
0 82 47
0 78 47
0 73 47
0 70 47
0 73 47
0 70 47
0 78 47
0 74 47
0 78 47
0 74 47
0 75 47
0 71 47
0 75 47
0 71 47
0 83 47
0 80 47
0 83 47
0 80 47
0 77 47
0 80 47
0 77 47
0 80 47
0 85 47
0 81 47
0 85 47
0 81 47
0 82 47
0 81 47
0 82 47
0 77 47
0 78 47
0 77 47
0 78 47
0 72 47
0 73 47
0 72 47
0 73 47
0 69 47
0 70 47
0 69 47
0 70 47
0 65 47
0 66 47
0 81 47
0 82 47
0 77 47
0 78 47
0 77 47
0 78 47
0 72 47
0 73 47
0 72 47
0 73 47
0 69 47
0 70 47
0 69 47
0 70 47
0 65 47
0 66 47
0 65 47
0 66 47
0 68 47
0 70 47
0 71 47
0 70 47
0 68 47
0 66 47
0 68 47
0 70 47
0 68 47
0 66 47
0 68 47
0 66 47
0 65 47
0 64 63
0 70 60
3 58 60
3 58 60
3 64 60
3 70 60
3 70 60
3 70 60
3 70 60
3 58 60
3 58 60
3 58 60
3 58 60
3 64 60
3 64 60
3 64 60
3 64 60
3 64 60
3 70 60
3 70 60
3 70 60
3 70 60
3 65 60
3 65 60
3 58 191
0 57 191
0 65 191
0 65 191
0 65 573
0 65 95
0 65 95
0 72 189
1 72 189
1 72 189
1 70 95
0 57 95
0 65 191
0 63 191
0 65 191
0 74 191
0 67 573
0 72 95
0 71 95
0 75 191
0 74 191
0 60 191
0 60 191
0 65 573
0 70 95
0 57 95
0 62 191
0 57 191
0 58 191
0 60 191
0 65 764
0 71 382
0 71 191
0 68 191
0 68 573
0 68 191
0 65 382
0 73 95
95 73 95
95 73 63
0 73 60
3 73 60
3 73 60
3 69 60
3 69 60
3 73 60
3 69 60
3 69 60
3 78 123
3 69 60
3 69 3
0 78 123
3 69 60
3 69 3
0 81 123
3 69 60
3 69 3
0 78 123
3 73 60
3 73 3
0 81 123
3 69 60
3 69 3
0 81 123
3 78 60
3 78 3
0 85 123
3 73 60
3 73 3
0 81 123
3 73 60
3 73 3
0 85 123
3 73 60
3 73 3
0 73 123
3 66 60
3 66 3
0 77 123
3 65 60
3 65 3
0 78 123
3 73 60
3 73 3
0 80 123
3 76 60
3 76 3
0 81 123
3 76 60
3 76 3
0 83 123
3 73 60
3 73 3
0 81 123
3 69 60
3 69 3
0 80 123
3 68 60
3 68 3
0 80 123
3 68 60
3 71 60
3 71 60
3 71 60
3 71 3
0 80 123
3 71 60
3 71 3
0 81 123
3 69 63
0 78 123
3 69 60
3 69 3
0 81 123
3 69 60
3 69 3
0 78 123
3 69 60
3 69 3
0 81 123
3 73 60
3 73 3
0 81 123
3 73 60
3 73 3
0 85 123
3 78 60
3 78 3
0 81 123
3 73 60
3 73 3
0 85 123
3 78 60
3 78 3
0 73 123
3 69 60
3 69 3
0 77 123
3 73 60
3 73 3
0 78 123
3 69 60
3 69 3
0 80 123
3 74 60
3 74 3
0 81 123
3 73 60
3 73 3
0 83 123
3 71 60
3 71 3
0 81 123
3 69 60
3 69 3
0 80 123
3 76 60
3 76 3
0 80 123
3 71 60
3 71 60
3 71 60
3 71 60
3 71 3
0 73 95
95 76 191
0 76 286
0 74 95
0 73 95
95 73 191
0 73 286
0 71 95
0 70 95
95 70 191
0 70 191
0 66 191
0 66 191
0 66 191
0 66 191
0 73 191
0 73 191
0 73 191
0 76 239
0 77 47
0 76 47
0 74 47
0 73 95
95 73 191
0 73 239
0 74 47
0 73 47
0 71 47
0 70 95
95 66 191
0 70 143
0 70 47
0 71 143
0 66 47
0 66 143
0 66 47
0 66 143
0 71 47
0 73 143
0 73 47
0 73 143
0 73 47
0 76 143
0 76 47
0 76 191
0 76 334
0 74 47
0 73 95
95 73 190
0 74 47
0 73 47
0 74 47
0 76 46
0 77 47
0 76 47
0 77 47
0 79 47
0 81 95
95 81 95
0 77 95
0 76 334
0 74 47
0 73 95
95 85 191
0 74 95
0 77 95
0 79 95
0 81 95
0 82 191
0 91 191
0 89 191
0 87 191
0 86 191
0 84 191
0 71 860
0 71 90
4 71 90
4 71 90
4 71 90
4 71 90
4 71 90
4 71 90
4 72 334
0 74 47
0 72 95
95 77 23
0 79 23
0 77 23
0 79 23
0 77 23
0 79 23
0 76 23
0 77 23
0 81 334
0 67 47
0 65 95
95 74 191
0 72 334
0 74 47
0 72 95
95 89 23
0 91 23
0 89 23
0 91 23
0 89 23
0 91 23
0 88 23
0 89 23
0 93 334
0 79 47
0 77 95
95 74 191
0 72 191
0 74 191
0 77 191
0 79 191
0 79 382
0 88 63
0 84 63
0 79 63
0 76 63
0 79 63
0 84 63
0 77 63
0 84 63
0 81 31
31 77 31
31 72 31
31 69 31
31 65 31
31 69 31
31 72 31
31 69 31
31 72 31
31 77 31
31 77 63
0 86 63
0 82 31
31 77 31
31 74 31
31 70 31
31 65 31
31 70 31
31 74 31
31 70 31
31 74 31
31 77 31
31 77 63
0 89 63
0 84 31
31 81 31
31 77 31
31 72 31
31 69 31
31 65 31
31 60 31
31 65 31
31 69 31
31 72 31
31 72 63
0 77 63
0 77 31
31 74 63
0 79 63
0 79 31
31 72 63
0 77 63
0 77 31
31 72 63
0 76 63
0 76 31
31 72 63
0 75 63
0 75 31
31 72 63
0 74 63
0 74 31
31 66 63
0 75 63
0 75 31
31 66 63
0 74 63
0 74 31
31 65 63
0 75 63
0 75 31
31 65 63
0 74 63
0 74 31
31 65 63
0 72 63
0 72 31
31 64 63
0 72 63
0 72 31
31 65 191
191 77 95
95 72 95
95 70 191
191 70 95
95 74 95
95 69 191
191 72 95
95 72 95
95 84 63
0 89 63
0 89 31
31 86 63
0 91 63
0 91 31
31 84 63
0 89 63
0 89 31
31 84 63
0 88 63
0 88 31
31 84 63
0 87 63
0 87 31
31 84 63
0 86 63
0 86 31
31 78 63
0 87 63
0 87 31
31 78 63
0 86 63
0 86 31
31 77 63
0 87 63
0 87 31
31 77 63
0 86 63
0 86 31
31 77 63
0 84 63
0 84 31
31 76 63
0 84 63
0 84 31
31 70 63
0 73 63
0 73 31
31 70 63
0 72 63
0 72 31
31 64 63
0 73 63
0 73 31
31 64 63
0 72 63
0 72 31
31 63 63
0 73 63
0 73 31
31 63 63
0 72 63
0 72 31
31 63 63
0 70 63
0 70 31
31 62 63
0 70 63
0 70 31
414 73 63
0 82 63
0 82 31
31 73 63
0 81 63
0 81 31
31 73 63
0 80 63
0 80 31
31 72 63
0 80 63
0 80 31
223 61 63
0 68 63
0 68 31
31 60 63
0 68 63
0 68 31
223 60 63
0 66 63
0 66 31
31 60 63
0 65 63
0 65 31
223 72 63
0 77 63
0 77 31
31 70 63
0 79 63
0 79 31
31 70 63
0 77 63
0 77 31
31 58 63
0 65 63
0 65 31
31 57 63
0 65 63
0 65 31
31 60 63
0 72 63
0 72 31
31 60 63
0 72 63
0 72 31
31 57 47
15 60 63
0 57 63
0 60 63
0 65 63
0 69 63
0 72 286
0 64 95
0 60 191
0 61 191
0 62 191
0 70 143
0 69 47
0 60 286
0 68 95
0 65 47
143 60 47
207 48 63
0 45 63
0 48 63
0 53 63
0 57 63
0 60 285
0 48 95
0 48 191
0 49 191
0 50 191
0 58 95
286 62 191
0 63 191
0 71 95
286 74 191
0 72 95
286 77 286
0 85 95
0 82 47
143 77 47
143 77 573
191 77 478
0 74 95
0 70 95
0 69 95
0 60 191
0 67 143
0 68 47
0 65 47
143 60 47
143 69 573
191 77 286
0 85 95
0 82 47
143 77 47
143 70 23
0 74 23
0 77 23
0 82 23
0 86 23
0 89 23
0 94 23
0 98 23
0 101 23
549 77 669
0 76 95
0 76 191
0 74 143
0 72 47
0 72 191
0 70 143
0 69 47
0 60 191
0 67 143
0 68 47
0 65 47
143 60 47
143 69 573
573 65 47
0 66 47
95 63 47
0 66 47
95 72 47
143 72 47
143 81 382
382 53 47
0 54 47
95 51 47
0 54 47
95 60 47
143 60 47
143 69 382
191 63 47
0 66 47
286 63 47
0 66 47
286 63 47
0 66 47
95 59 47
0 66 47
95 58 47
0 66 47
95 57 47
0 65 47
95 65 31
31 65 31
31 65 31
31 77 47
1673 58 191
0 58 191
0 57 191
0 58 191
0 60 191
0 62 573
0 60 95
0 58 95
0 60 189
1 60 189
1 60 189
1 58 95
0 57 95
0 65 191
0 63 191
0 62 191
0 70 191
0 63 573
0 62 95
0 60 95
0 62 191
0 57 191
0 58 191
0 60 191
0 58 191
0 65 191
0 60 1242
478 58 191
0 58 191
0 57 191
0 58 191
0 60 191
0 62 573
0 60 95
0 58 95
0 60 189
1 60 189
1 60 189
1 58 95
0 57 95
0 65 191
0 63 191
0 62 191
0 62 191
0 62 573
0 60 95
0 59 95
0 63 191
0 62 191
0 60 191
0 60 191
0 65 573
0 58 95
0 57 95
0 62 191
0 57 191
0 58 191
0 65 191
0 65 382
0 58 95
860 70 191
0 70 191
0 68 191
0 70 191
0 71 191
0 73 573
0 71 95
0 70 95
0 75 95
95 75 95
95 75 95
95 77 95
0 78 95
0 73 1543
0 71 257
0 70 257
0 71 514
0 75 514
0 68 514
0 71 514
0 70 514
0 66 771
0 65 257
0 63 257
0 61 257
0 59 514
0 75 514
0 68 514
0 70 257
0 71 257
0 70 257
0 73 257
0 82 257
0 78 257
0 73 257
0 70 257
0 78 257
0 74 257
0 75 257
0 71 257
0 83 257
0 80 257
0 77 257
0 80 257
0 85 257
0 81 257
0 82 257
0 78 257
0 82 128
0 78 128
0 82 128
0 78 128
0 73 128
0 70 128
0 73 128
0 70 128
0 78 128
0 74 128
0 78 128
0 74 128
0 75 128
0 71 128
0 75 128
0 71 128
0 83 128
0 80 128
0 83 128
0 80 128
0 77 128
0 80 128
0 77 128
0 80 128
0 85 128
0 81 128
0 85 128
0 81 128
0 82 128
0 81 128
0 82 128
0 77 128
0 78 128
0 77 128
0 78 128
0 72 128
0 73 128
0 72 128
0 73 128
0 69 128
0 70 128
0 69 128
0 70 128
0 65 128
0 66 128
0 81 128
0 82 128
0 77 128
0 78 128
0 77 128
0 78 128
0 72 128
0 73 128
0 72 128
0 73 128
0 69 128
0 70 128
0 69 128
0 70 128
0 65 128
0 66 128
0 65 128
0 66 128
0 68 128
0 70 128
0 71 128
0 70 128
0 68 128
0 66 128
0 68 128
0 70 128
0 68 128
0 66 128
0 68 128
0 66 128
0 65 128
0 64 171
0 70 162
8 58 162
8 58 162
8 58 162
8 58 162
8 58 162
8 58 162
8 58 162
8 58 162
8 58 162
8 58 162
8 58 162
8 58 162
8 58 162
8 58 162
8 58 162
8 58 162
8 58 162
8 58 162
8 58 162
8 65 162
8 65 162
8 65 162
8 58 514
0 57 514
0 58 514
0 60 514
0 62 1543
0 60 257
0 58 257
0 60 508
5 60 508
5 60 508
5 58 257
0 57 257
0 65 514
0 63 514
0 62 514
0 62 514
0 62 1543
0 60 257
0 59 257
0 63 514
0 62 514
0 60 514
0 60 514
0 65 1543
0 58 257
0 57 257
0 62 514
0 57 514
0 58 514
0 65 514
0 65 2057
0 59 1028
0 59 514
0 62 514
0 62 1543
0 65 514
0 65 1028
0 73 257
257 68 257
257 69 162
8 69 162
8 69 162
8 69 162
8 69 162
8 69 162
8 69 162
8 69 162
8 69 171
0 78 333
8 69 162
8 69 8
0 78 333
8 69 162
8 69 8
0 81 333
8 69 162
8 69 8
0 78 333
8 69 162
8 69 8
0 81 333
8 69 162
8 69 8
0 81 333
8 73 162
8 73 8
0 85 333
8 73 162
8 73 8
0 81 333
8 73 162
8 73 8
0 85 333
8 73 162
8 73 8
0 73 333
8 66 162
8 66 8
0 77 333
8 73 162
8 73 8
0 78 333
8 73 162
8 73 8
0 80 333
8 76 162
8 76 8
0 81 333
8 69 162
8 69 8
0 83 333
8 77 162
8 77 8
0 81 333
8 78 162
8 78 8
0 80 333
8 76 162
8 76 8
0 80 333
8 68 162
8 68 162
8 68 162
8 68 162
8 68 8
0 80 333
8 68 162
8 68 8
0 81 333
8 69 162
8 69 8
0 78 333
8 69 162
8 69 8
0 81 333
8 69 162
8 69 8
0 78 333
8 69 162
8 69 8
0 81 333
8 69 162
8 69 8
0 81 333
8 73 162
8 73 8
0 85 333
8 73 162
8 73 8
0 81 333
8 73 162
8 73 8
0 85 333
8 73 162
8 73 8
0 73 333
8 66 171
0 77 333
8 73 162
8 73 8
0 78 333
8 73 162
8 73 8
0 80 333
8 76 162
8 76 8
0 81 333
8 69 162
8 69 8
0 83 333
8 77 162
8 77 8
0 81 333
8 78 162
8 78 8
0 80 333
8 76 162
8 76 8
0 80 333
8 68 162
8 68 162
8 68 162
8 68 162
8 68 8
0 69 257
257 76 514
0 76 771
0 74 257
0 73 257
257 73 514
0 73 771
0 71 257
0 70 257
257 66 514
0 66 514
0 66 514
0 66 514
0 66 514
0 66 514
0 67 514
0 68 514
0 69 514
0 76 642
0 77 128
0 76 128
0 74 128
0 73 257
257 73 514
0 73 642
0 74 128
0 73 128
0 71 128
0 70 257
257 66 514
0 66 385
0 66 128
0 66 385
0 66 128
0 66 385
0 66 128
0 66 385
0 66 128
0 66 385
0 66 128
0 67 385
0 67 128
0 68 385
0 68 128
0 69 514
0 76 900
0 74 128
0 73 257
257 73 514
0 74 128
0 73 128
0 74 128
0 76 128
0 77 128
0 76 128
0 77 128
0 79 128
0 81 257
257 81 257
0 77 257
0 76 900
0 74 128
0 73 257
257 85 514
0 74 257
0 77 257
0 79 257
0 81 257
0 82 514
0 91 514
0 89 514
0 87 514
0 86 514
0 84 514
0 71 2314
0 71 244
12 71 244
12 71 244
12 71 244
12 71 244
12 71 244
12 71 244
12 72 900
0 74 128
0 72 257
257 77 64
0 79 64
0 77 64
0 79 64
0 77 64
0 79 64
0 76 64
0 77 64
0 81 900
0 67 128
0 65 257
257 74 514
0 72 900
0 74 128
0 72 257
257 89 64
0 91 64
0 89 64
0 91 64
0 89 64
0 91 64
0 88 64
0 89 64
0 93 900
0 79 128
0 77 257
257 74 514
0 72 514
0 74 514
0 77 514
0 79 514
0 79 1028
0 88 171
0 84 171
0 79 171
0 76 171
0 79 171
0 84 171
0 77 171
0 84 171
0 81 85
85 77 85
85 72 85
85 69 85
85 65 85
85 69 85
85 72 85
85 69 85
85 72 85
85 77 85
85 77 171
0 86 171
0 82 85
85 77 85
85 74 85
85 70 85
85 65 85
85 70 85
85 74 85
85 70 85
85 74 85
85 77 85
85 77 171
0 89 171
0 84 85
85 81 85
85 77 85
85 72 85
85 69 85
85 65 85
85 60 85
85 65 85
85 69 85
85 72 85
85 72 171
0 77 171
0 77 85
85 74 171
0 79 171
0 79 85
85 72 171
0 77 171
0 77 85
85 72 171
0 76 171
0 76 85
85 72 171
0 75 171
0 75 85
85 72 171
0 74 171
0 74 85
85 66 171
0 75 171
0 75 85
85 66 171
0 74 171
0 74 85
85 65 171
0 75 171
0 75 85
85 65 171
0 74 171
0 74 85
85 65 171
0 72 171
0 72 85
85 64 171
0 72 171
0 72 85
85 65 514
514 77 257
257 72 257
257 70 514
514 70 257
257 74 257
257 69 514
514 72 257
257 72 257
257 84 171
0 89 171
0 89 85
85 86 171
0 91 171
0 91 85
85 84 171
0 89 171
0 89 85
85 84 171
0 88 171
0 88 85
85 84 171
0 87 171
0 87 85
85 84 171
0 86 171
0 86 85
85 78 171
0 87 171
0 87 85
85 78 171
0 86 171
0 86 85
85 77 171
0 87 171
0 87 85
85 77 171
0 86 171
0 86 85
85 77 171
0 84 171
0 84 85
85 76 171
0 84 171
0 84 85
85 70 171
0 73 171
0 73 85
85 70 171
0 72 171
0 72 85
85 64 171
0 73 171
0 73 85
85 64 171
0 72 171
0 72 85
85 63 171
0 73 171
0 73 85
85 63 171
0 72 171
0 72 85
85 63 171
0 70 171
0 70 85
85 62 171
0 70 171
0 70 85
1114 73 171
0 82 171
0 82 85
85 73 171
0 81 171
0 81 85
85 73 171
0 80 171
0 80 85
85 72 171
0 80 171
0 80 85
600 61 171
0 68 171
0 68 85
85 60 171
0 68 171
0 68 85
600 60 171
0 66 171
0 66 85
85 60 171
0 65 171
0 65 85
600 72 171
0 77 171
0 77 85
85 70 171
0 79 171
0 79 85
85 70 171
0 77 171
0 77 85
85 58 171
0 65 171
0 65 85
85 57 171
0 65 171
0 65 85
85 60 171
0 72 171
0 72 85
85 60 171
0 72 171
0 72 85
85 57 128
42 60 171
0 57 171
0 60 171
0 65 171
0 69 171
0 72 771
0 64 257
0 60 514
0 61 514
0 62 514
0 70 385
0 69 128
0 60 771
0 68 257
0 65 128
385 60 128
557 48 171
0 45 171
0 48 171
0 53 171
0 57 171
0 60 771
0 48 257
0 48 514
0 49 514
0 50 514
0 58 257
771 62 514
0 63 514
0 71 257
771 74 514
0 72 257
771 77 771
0 85 257
0 82 128
385 77 128
385 77 1543
514 77 1285
0 74 257
0 70 257
0 69 257
0 60 514
0 67 385
0 68 128
0 65 128
385 60 128
385 69 1543
514 77 771
0 85 257
0 82 128
385 77 128
385 70 64
0 74 64
0 77 64
0 82 64
0 86 64
0 89 64
0 94 64
0 98 64
0 101 64
1478 77 1800
0 76 257
0 76 514
0 74 385
0 72 128
0 72 514
0 70 385
0 69 128
0 60 514
0 67 385
0 68 128
0 65 128
385 60 128
385 69 1543
514 64 128
385 64 128
385 64 514
0 64 514
0 64 514
0 63 514
0 64 514
0 66 514
0 68 1543
0 68 514
0 68 257
0 66 257
0 68 257
0 69 257
0 71 257
0 74 257
0 73 257
0 68 257
0 69 1543
0 69 514
0 69 514
0 68 514
0 69 514
0 71 514
0 73 1543
0 73 514
0 73 257
0 71 257
0 73 257
0 74 257
0 76 257
0 79 257
0 78 257
0 73 257
0 74 1543
0 74 514
0 73 771
0 71 257
0 69 257
257 69 514
0 68 771
0 66 257
0 64 257
257 64 514
0 62 514
0 66 514
0 61 514
0 60 514
0 62 1543
0 64 257
0 66 257
0 68 514
0 69 514
0 61 514
0 60 514
0 73 171
0 85 171
0 81 85
85 76 85
85 73 85
85 69 85
85 64 171
0 61 171
0 57 171
0 61 171
0 64 171
0 69 171
0 73 171
0 85 171
0 81 85
85 76 85
85 73 85
85 69 85
85 64 171
0 61 171
0 57 171
0 61 171
0 64 171
0 69 171
0 73 171
0 69 171
0 64 171
0 76 342
0 64 171
0 77 171
0 68 171
0 65 171
0 76 171
0 68 171
0 64 171
0 73 342
0 64 171
0 76 342
0 64 171
0 77 171
0 68 171
0 65 171
0 76 171
0 68 171
0 64 171
0 73 171
0 85 171
0 81 85
85 76 85
85 73 85
85 69 85
85 64 171
0 61 171
0 57 171
0 61 171
0 64 171
0 69 171
0 73 171
0 67 171
0 64 171
0 76 171
0 70 171
0 67 171
0 82 171
0 76 171
0 73 171
0 79 171
0 75 171
0 73 171
0 71 171
0 83 171
0 80 85
85 75 85
85 71 85
85 68 85
85 63 171
0 59 171
0 56 171
0 59 171
0 63 171
0 68 171
0 71 171
0 83 171
0 80 85
85 75 85
85 71 85
85 68 85
85 63 171
0 59 171
0 56 171
0 59 171
0 63 171
0 68 171
0 71 171
0 68 171
0 63 171
0 75 171
0 71 171
0 68 171
0 80 171
0 74 171
0 71 171
0 82 171
0 76 171
0 73 171
0 75 171
0 87 171
0 83 171
0 78 171
0 75 171
0 71 171
0 66 171
0 63 171
0 59 171
0 63 171
0 66 171
0 71 171
0 75 171
0 87 171
0 83 171
0 78 171
0 75 171
0 71 171
0 66 171
0 63 171
0 59 171
0 63 171
0 66 171
0 71 171
0 75 171
0 71 171
0 66 171
0 78 342
0 66 171
0 79 171
0 70 171
0 67 171
0 78 171
0 70 171
0 66 171
0 75 342
0 66 171
0 78 171
0 71 171
0 66 171
0 79 171
0 70 171
0 67 171
0 78 171
0 70 171
0 66 171
0 75 171
0 87 171
0 83 171
0 78 171
0 75 171
0 71 171
0 66 171
0 63 171
0 59 171
0 63 171
0 66 171
0 71 171
0 75 171
0 69 171
0 66 171
0 78 171
0 72 171
0 69 171
0 84 171
0 78 171
0 75 171
0 81 171
0 77 171
0 75 171
0 73 171
0 85 171
0 82 171
0 77 171
0 73 171
0 70 171
0 65 171
0 61 171
0 58 171
0 61 171
0 65 171
0 70 171
0 73 171
0 85 171
0 82 171
0 77 171
0 73 171
0 70 171
0 65 171
0 61 171
0 58 171
0 61 171
0 65 171
0 70 171
0 73 171
0 70 171
0 65 171
0 77 171
0 73 171
0 70 171
0 82 171
0 76 171
0 73 171
0 84 171
0 78 171
0 75 171
0 77 171
0 89 171
0 85 171
0 80 171
0 77 171
0 73 171
0 68 171
0 65 171
0 61 171
2571 53 1028
0 65 257
257 68 257
257 54 1028
0 66 257
257 70 257
257 70 257
0 68 257
0 60 257
0 66 251
0 66 5
0 60 257
0 65 251
0 65 5
0 60 257
0 64 251
0 64 5
0 61 2057
0 53 1028
0 65 257
257 68 257
257 54 1028
0 66 257
257 69 257
257 69 257
0 68 257
0 63 257
0 69 257
0 63 257
0 68 257
0 63 257
0 67 257
0 64 2057
0 64 244
12 64 244
12 64 244
12 64 244
12 64 244
12 64 244
12 64 244
12 64 244
12 65 244
12 65 244
12 65 244
12 65 244
12 65 244
12 65 244
12 65 244
12 65 244
12 64 244
12 64 244
12 64 244
12 64 244
12 62 244
12 62 244
12 60 244
12 60 244
12 59 244
12 59 244
12 59 244
12 59 244
12 60 244
12 60 244
12 59 244
12 59 244
12 72 244
12 72 244
12 72 244
12 72 244
12 72 244
12 72 244
12 72 244
12 72 244
12 73 244
12 73 244
12 73 244
12 73 244
12 73 244
12 73 244
12 73 244
12 73 244
12 72 244
12 72 244
12 72 244
12 72 244
12 70 244
12 70 244
12 68 244
12 68 244
12 67 244
12 67 244
12 68 244
12 68 244
12 67 244
12 67 244
12 68 244
12 75 244
12 75 171
0 64 171
0 75 128
42 75 171
0 64 171
0 75 128
42 73 171
0 64 171
0 73 128
42 71 171
0 65 171
0 71 128
42 70 171
0 66 171
0 70 171
0 71 171
0 66 171
0 71 171
0 70 171
0 66 171
0 70 171
0 71 171
0 66 171
0 71 171
0 78 171
0 67 171
0 78 128
42 78 171
0 67 171
0 78 128
42 76 171
0 67 171
0 76 128
42 74 171
0 68 171
0 74 128
42 73 171
0 69 171
0 73 128
42 73 171
0 69 171
0 73 128
42 74 171
0 69 171
0 74 128
42 73 171
0 69 171
0 73 128
42 74 171
0 69 171
0 74 128
42 73 171
0 69 171
0 73 128
42 74 171
0 69 171
0 74 128
42 73 171
0 69 171
0 73 128
42 86 171
0 74 171
0 86 128
42 85 171
0 73 171
0 85 128
42 86 171
0 74 171
0 86 128
42 85 171
0 73 171
0 85 128
42 74 257
1800 74 1028
0 77 257
257 81 257
257 69 1024
4 77 257
257 81 257
257 74 1028
0 77 257
257 81 257
257 84 257
0 81 244
12 81 257
0 79 244
12 79 257
0 77 244
12 77 257
0 76 244
12 76 257
0 77 244
12 77 257
0 74 244
12 74 257
0 72 244
12 74 257
0 72 244
12 69 244
12 69 244
12 69 244
12 69 244
12 69 244
12 69 244
12 69 244
12 69 244
12 74 244
12 74 244
12 74 244
12 74 244
12 74 244
12 74 244
12 74 244
12 74 240
12 74 4
12 65 244
12 65 244
12 65 244
12 65 244
12 65 244
12 65 244
12 65 244
12 65 244
12 69 244
12 69 244
12 69 244
12 65 244
12 74 244
12 74 244
12 73 244
12 73 244
12 65 244
12 65 244
12 65 244
12 65 244
12 65 244
12 65 244
12 65 244
12 65 244
12 65 244
12 65 244
12 77 244
12 77 244
12 81 244
12 81 244
12 70 244
12 70 244
12 69 257
0 69 244
12 69 244
12 69 244
12 69 244
12 69 244
12 69 244
12 69 244
12 62 244
12 69 244
12 69 244
12 69 244
12 69 244
12 69 244
12 69 244
12 69 244
12 69 244
12 69 244
12 69 244
12 69 244
527 77 514
0 77 514
0 76 514
0 77 514
0 79 514
0 81 1543
0 79 257
0 77 257
0 79 514
0 79 514
0 79 514
0 77 257
0 76 257
0 77 514
514 69 244
12 69 244
12 69 244
12 69 244
12 62 244
12 69 244
12 69 244
12 69 244
12 69 244
12 69 244
12 69 244
12 69 244
12 70 244
12 70 244
12 70 244
12 70 244
527 82 514
0 82 514
0 81 514
0 82 514
0 84 514
0 86 1543
0 84 257
0 82 257
0 84 514
0 84 514
0 84 514
0 82 257
0 81 257
0 82 514
514 70 244
12 70 244
12 70 244
12 70 244
12 62 244
12 70 244
12 70 244
12 70 244
12 70 244
12 70 244
12 70 244
12 70 244
12 69 244
12 69 244
12 69 244
12 69 244
527 77 514
0 77 514
0 76 514
0 77 514
0 79 514
0 81 1543
0 79 257
0 77 257
0 79 514
0 79 514
0 79 514
0 77 257
0 76 257
0 77 2314
0 81 257
0 79 257
0 77 257
0 84 257
0 82 257
0 81 257
0 87 257
0 86 257
0 84 257
0 91 257
0 89 257
0 87 257
0 86 257
0 84 257
0 86 257
0 87 2314
0 84 257
0 90 257
0 89 257
0 87 257
0 86 257
0 84 257
0 86 257
0 87 2314
0 84 257
0 91 128
128 89 128
128 87 128
128 86 128
128 84 128
128 82 128
128 81 128
128 79 128
128 77 128
128 76 128
128 75 171
0 74 171
0 72 171
0 70 171
0 69 171
0 67 171
0 65 171
0 64 171
0 63 171
0 62 171
0 61 171
0 60 171
8744 58 514
0 58 514
0 57 514
0 58 514
0 60 514
0 62 1543
0 60 257
0 58 257
0 60 508
5 60 508
5 60 508
5 58 257
0 57 257
0 65 514
0 63 514
0 62 514
0 70 514
0 63 1543
0 62 257
0 60 257
0 62 514
0 57 514
0 58 514
0 60 514
0 58 514
0 65 514
0 60 3343
1285 58 514
0 58 514
0 57 514
0 58 514
0 60 514
0 62 1543
0 60 257
0 58 257
0 60 508
5 60 508
5 60 508
5 58 257
0 57 257
0 65 514
0 63 514
0 62 514
0 62 514
0 62 1543
0 60 257
0 59 257
0 63 514
0 62 514
0 60 514
0 60 514
0 65 1543
0 58 257
0 57 257
0 62 514
0 57 514
0 58 514
0 65 514
0 65 1028
0 58 257
2314 70 514
0 70 514
0 68 514
0 70 514
0 71 514
0 73 1543
0 71 257
0 70 257
0 75 257
257 75 257
257 75 257
257 77 257
0 78 257
0 73 1543
0 69 514
0 69 514
0 68 514
0 69 514
0 71 514
0 73 1543
0 74 257
0 76 257
0 78 257
257 78 257
257 78 257
257 80 257
0 81 257
0 76 1543
0 74 257
0 73 257
0 74 514
0 78 514
0 71 514
0 74 514
0 73 514
0 69 771
0 68 257
0 66 257
0 64 257
0 62 514
0 78 514
0 71 514
0 73 257
0 74 257
0 73 257
0 76 257
0 85 257
0 81 257
0 76 257
0 73 257
0 81 257
0 77 257
0 78 257
0 74 257
0 86 257
0 83 257
0 80 257
0 83 257
0 88 257
0 84 257
0 85 257
0 81 257
0 85 128
0 81 128
0 85 128
0 81 128
0 76 128
0 73 128
0 76 128
0 73 128
0 81 128
0 77 128
0 81 128
0 77 128
0 78 128
0 74 128
0 78 128
0 74 128
0 86 128
0 83 128
0 86 128
0 83 128
0 80 128
0 83 128
0 80 128
0 83 128
0 88 128
0 84 128
0 88 128
0 84 128
0 85 128
0 84 128
0 85 128
0 80 128
0 81 128
0 80 128
0 81 128
0 75 128
0 76 128
0 75 128
0 76 128
0 72 128
0 73 128
0 72 128
0 73 128
0 68 128
0 69 128
0 84 128
0 85 128
0 80 128
0 81 128
0 80 128
0 81 128
0 75 128
0 76 128
0 75 128
0 76 128
0 72 128
0 73 128
0 72 128
0 73 128
0 68 128
0 69 128
0 68 128
0 69 128
0 71 128
0 73 128
0 74 128
0 73 128
0 71 128
0 69 128
0 71 128
0 73 128
0 71 128
0 69 128
0 71 128
0 69 128
0 68 128
0 67 171
0 73 162
8 61 162
8 61 162
8 61 162
8 61 162
8 61 162
8 61 162
8 61 162
8 61 162
8 61 162
8 61 162
8 61 162
8 61 162
8 61 162
8 61 162
8 61 162
8 61 162
8 61 162
8 61 162
8 61 162
8 65 162
8 65 162
8 65 162
8 62 514
0 60 514
0 58 514
0 60 514
0 62 1543
0 60 257
0 58 257
0 60 508
5 60 508
5 60 508
5 58 257
0 57 257
0 65 514
0 63 514
0 62 514
0 62 514
0 62 1543
0 60 257
0 59 257
0 63 514
0 62 514
0 60 514
0 60 514
0 65 1543
0 58 257
0 57 257
0 62 514
0 57 514
0 58 514
0 65 514
0 65 2057
0 59 1028
0 59 514
0 62 514
0 62 1543
0 65 514
0 66 1028
0 70 257
257 73 257
257 78 162
8 74 162
8 74 162
8 74 162
8 74 162
8 74 162
8 74 162
8 74 162
8 74 171
0 83 333
8 74 162
8 74 8
0 83 333
8 74 162
8 74 8
0 86 333
8 74 162
8 74 8
0 83 333
8 74 162
8 74 8
0 86 333
8 74 162
8 74 8
0 86 342
0 78 162
0 78 8
0 90 333
8 78 162
8 78 8
0 86 333
8 78 162
8 78 8
0 90 333
8 78 162
8 78 8
0 78 333
8 71 162
8 71 8
0 82 333
8 78 171
0 83 333
8 78 171
0 85 333
8 81 162
8 81 8
0 86 333
8 74 162
8 74 8
0 88 333
8 82 162
8 82 8
0 86 333
8 74 162
8 74 8
0 85 333
8 81 162
8 81 8
0 85 333
8 73 162
8 73 162
8 73 162
8 73 171
0 85 333
8 73 162
8 73 8
0 86 333
8 74 162
8 74 8
0 83 333
8 74 162
8 74 8
0 86 333
8 74 162
8 74 8
0 83 333
8 74 162
8 74 8
0 86 333
8 74 162
8 74 8
0 86 333
8 78 162
8 78 8
0 90 333
8 78 162
8 78 8
0 86 333
8 78 162
8 78 8
0 90 333
8 78 162
8 78 8
0 78 333
8 71 171
0 82 333
8 78 162
8 78 8
0 83 333
8 78 162
8 78 8
0 85 333
8 81 162
8 81 8
0 86 333
8 74 162
8 74 8
0 88 333
8 82 162
8 82 8
0 86 333
8 83 162
8 83 8
0 85 333
8 81 162
8 81 8
0 85 333
8 73 162
8 73 162
8 73 162
8 73 162
8 73 8
0 74 257
257 81 514
0 81 771
0 79 257
0 78 257
257 78 514
0 78 771
0 76 257
0 75 257
257 71 514
0 71 514
0 71 514
0 71 514
0 71 514
0 71 514
0 72 514
0 73 514
0 74 514
0 81 642
0 82 128
0 81 128
0 79 128
0 78 257
257 78 514
0 78 642
0 79 128
0 78 128
0 76 128
0 75 257
257 71 514
0 71 385
0 71 128
0 71 385
0 71 128
0 71 385
0 71 128
0 71 385
0 71 128
0 71 385
0 71 128
0 72 385
0 72 128
0 73 385
0 73 128
0 74 514
0 81 900
0 79 128
0 78 257
257 78 514
0 79 128
0 78 128
0 79 128
0 81 128
0 82 128
0 81 128
0 82 128
0 84 128
0 86 257
257 86 257
0 82 257
0 81 900
0 79 128
0 78 257
257 90 514
0 79 257
0 82 257
0 84 257
0 86 257
0 87 514
0 96 514
0 94 514
0 92 514
0 91 514
0 89 514
0 76 2314
0 76 244
12 76 244
12 76 244
12 76 244
12 76 244
12 76 244
12 76 244
12 77 900
0 79 128
0 77 257
257 82 64
0 84 64
0 82 64
0 84 64
0 82 64
0 84 64
0 81 64
0 82 64
0 86 900
0 72 128
0 70 257
257 79 514
0 77 900
0 79 128
0 77 257
257 82 64
0 84 64
0 82 64
0 84 64
0 82 64
0 84 64
0 81 64
0 82 64
0 86 900
0 72 128
0 70 257
257 70 514
0 70 514
0 70 514
0 70 514
0 72 514
0 72 1028
0 81 171
0 77 171
0 72 171
0 77 171
0 81 171
0 84 171
0 82 171
0 89 171
0 86 85
85 82 85
85 77 85
85 74 85
85 70 85
85 74 85
85 77 85
85 74 85
85 77 85
85 82 85
85 82 171
0 91 171
0 87 85
85 82 85
85 79 85
85 75 85
85 70 85
85 75 85
85 79 85
85 75 85
85 79 85
85 82 85
85 82 171
0 94 171
0 89 85
85 86 85
85 82 85
85 77 85
85 74 85
85 70 85
85 65 85
85 70 85
85 74 85
85 77 85
85 77 171
0 82 171
0 82 85
85 79 171
0 84 171
0 84 85
85 77 171
0 82 171
0 82 85
85 77 171
0 81 171
0 81 85
85 77 171
0 80 171
0 80 85
85 77 171
0 79 171
0 79 85
85 71 171
0 80 171
0 80 85
85 71 171
0 79 171
0 79 85
85 70 171
0 80 171
0 80 85
85 70 171
0 79 171
0 79 85
85 70 171
0 77 171
0 77 85
85 69 171
0 77 171
0 77 85
85 70 514
514 82 257
257 77 257
257 75 514
514 75 257
257 79 257
257 74 514
514 77 257
257 77 257
257 89 171
0 94 171
0 94 85
85 91 171
0 96 171
0 96 85
85 89 171
0 94 171
0 94 85
85 89 171
0 93 171
0 93 85
85 89 171
0 92 171
0 92 85
85 89 171
0 91 171
0 91 85
85 83 171
0 92 171
0 92 85
85 83 171
0 91 171
0 91 85
85 82 171
0 92 171
0 92 85
85 82 171
0 91 171
0 91 85
85 82 171
0 89 171
0 89 85
85 81 171
0 89 171
0 89 85
85 75 171
0 78 171
0 78 85
85 75 171
0 77 171
0 77 85
85 69 171
0 78 171
0 78 85
85 69 171
0 77 171
0 77 85
85 68 171
0 78 171
0 78 85
85 68 171
0 77 171
0 77 85
85 68 171
0 75 171
0 75 85
85 67 171
0 75 171
0 75 85
1114 78 171
0 87 171
0 87 85
85 78 171
0 86 171
0 86 85
85 78 171
0 85 171
0 85 85
85 77 171
0 85 171
0 85 85
600 66 171
0 73 171
0 73 85
85 65 171
0 73 171
0 73 85
600 65 171
0 71 171
0 71 85
85 65 171
0 70 171
0 70 85
600 77 171
0 82 171
0 82 85
85 75 171
0 84 171
0 84 85
85 75 171
0 82 171
0 82 85
85 63 171
0 70 171
0 70 85
85 62 171
0 70 171
0 70 85
85 65 171
0 77 171
0 77 85
85 65 171
0 77 171
0 77 85
85 62 128
42 65 171
0 62 171
0 65 171
0 70 171
0 74 171
0 77 771
0 69 257
0 65 514
0 66 514
0 67 514
0 75 385
0 74 128
0 65 771
0 73 257
0 70 128
385 65 128
557 53 171
0 50 171
0 53 171
0 58 171
0 62 171
0 65 771
0 53 257
0 53 514
0 54 514
0 55 417
48 51 48
0 63 257
771 67 514
0 68 417
48 64 305
771 79 417
48 77 305
771 70 771
0 78 257
0 75 128
385 70 128
385 79 1543
514 70 1285
0 67 257
0 63 257
0 62 257
0 53 514
0 60 385
0 61 128
0 58 128
385 53 128
385 62 1543
514 70 771
0 78 257
0 75 128
385 70 128
385 63 64
0 67 64
0 70 64
0 75 64
0 79 64
0 82 64
0 87 64
0 91 64
0 94 64
1478 82 1800
0 81 257
0 81 514
0 79 385
0 77 128
0 77 514
0 75 385
0 74 128
0 65 514
0 72 385
0 73 128
0 70 128
385 65 128
385 74 1543
514 74 1543
514 71 1543
0 67 514
0 67 514
0 75 257
0 66 257
0 67 514
0 75 257
0 63 257
0 70 385
0 69 128
0 65 514
0 66 514
0 65 257
0 63 257
0 62 257
257 62 1543
514 62 1543
0 59 1543
0 55 514
0 55 514
0 63 257
0 54 257
0 55 514
0 63 257
0 51 257
0 58 385
0 57 128
0 53 514
0 54 514
0 53 257
0 51 257
0 58 257
1285 58 514
0 58 514
0 57 514
0 58 514
0 65 514
0 58 1028
514 74 514
0 62 514
0 60 514
0 74 514
0 75 514
0 62 1028
514 58 514
0 58 514
0 57 514
0 58 514
0 65 514
0 69 4629
514 63 514
514 62 514
